ID,DisplayRaceID,DisplaySexID,DisplayClassID,Flags,BakeMaterialResourcesID,HDBakeMaterialResourcesID
23,3,0,0,0,0,116272
30,1,0,0,0,0,156048
32,1,1,0,0,0,132169
36,4,0,6,0,0,175561
43,1,1,0,0,0,132170
45,1,0,0,0,0,156049
46,5,0,0,0,0,136893
47,3,0,0,0,0,116274
48,1,1,0,0,0,132171
49,3,0,0,0,0,116276
50,3,0,0,0,0,116278
52,4,0,0,0,0,175560
53,3,1,0,0,0,116334
54,1,0,0,0,0,156050
56,1,1,0,0,0,132172
57,1,0,0,0,0,156051
58,1,0,0,0,0,156052
59,1,0,0,0,0,156053
60,1,0,0,0,0,156054
61,1,0,0,0,0,156055
62,1,0,0,0,0,156056
63,1,0,0,0,0,156057
64,1,0,0,0,0,156058
65,1,1,0,0,0,132173
66,1,1,0,0,0,132174
67,1,1,0,0,0,132175
68,1,0,0,0,0,156059
69,1,0,0,0,0,156060
70,1,1,0,0,0,132176
71,2,0,0,0,0,116970
73,2,1,0,0,0,112793
74,2,0,0,0,0,116972
75,2,0,0,0,0,116974
77,2,0,0,0,0,116976
78,2,0,0,0,0,116978
79,2,0,0,0,0,116980
81,2,1,0,0,0,112811
83,2,0,0,0,0,116982
84,6,1,0,0,0,135963
85,2,0,0,0,0,116985
86,2,0,0,0,0,116987
87,2,0,0,0,0,116989
90,2,1,0,0,0,112809
91,2,0,0,0,0,116991
92,2,0,0,0,0,116993
93,2,0,0,0,0,116995
94,2,0,0,0,0,116997
95,2,0,0,0,0,116999
96,2,0,0,0,0,117001
97,2,1,0,0,0,112807
98,2,0,0,0,0,117003
99,2,0,0,0,0,117005
100,2,1,0,0,112804,112805
101,2,0,0,0,117006,117007
102,2,1,0,0,112802,112803
103,2,0,0,0,117008,117009
105,2,0,0,0,117010,117011
106,2,0,0,0,117012,117013
107,2,0,0,0,117014,117015
108,2,0,0,0,117016,117017
110,2,0,0,0,117018,117019
111,2,0,0,0,117020,117021
112,2,0,0,0,117022,117023
113,2,0,0,0,117024,117025
114,2,0,0,0,117026,117027
115,2,1,0,0,112800,112801
116,2,0,0,0,117028,117029
117,2,1,0,0,112798,112799
118,2,1,0,0,112796,112797
119,2,0,0,0,117030,117031
120,2,0,0,0,117032,117033
121,2,0,0,0,117034,117035
122,2,0,0,0,117036,117037
124,2,0,0,0,117038,117039
126,2,1,0,0,112794,112795
127,2,0,0,0,117040,117041
128,2,0,0,0,117042,117043
129,2,0,0,0,117044,117045
131,2,0,0,0,117046,117047
132,2,0,0,0,117048,117049
133,3,0,0,0,116279,116280
134,2,0,0,0,117050,117051
135,3,0,0,0,116281,116282
136,1,0,0,0,117052,156061
137,1,0,0,0,117053,156062
138,1,1,0,0,117054,132177
139,3,0,0,0,116283,116284
140,3,0,0,0,116285,116286
141,1,0,0,0,117055,156063
142,5,0,0,0,117056,136894
143,3,0,0,0,116287,116288
144,3,0,0,0,116289,116290
145,3,0,0,0,116291,116292
146,3,0,0,0,116293,116294
147,1,0,0,0,117057,156064
148,3,0,0,0,116295,116296
149,3,1,0,0,116335,116336
150,3,0,0,0,116297,116298
151,1,0,0,0,117058,156065
152,3,1,0,0,116337,116338
153,3,0,0,0,116299,116300
154,3,1,0,0,116339,116340
155,1,0,0,0,117059,156066
156,3,0,0,0,116301,116302
157,3,0,0,0,116303,116304
158,3,0,0,0,116305,116306
159,3,0,0,0,116307,116308
160,3,0,0,0,116309,116310
161,3,0,0,0,116311,116312
162,2,0,0,0,117060,117061
163,1,1,0,0,117062,132178
165,1,0,0,0,117063,156067
166,1,1,0,0,117064,132179
167,1,0,0,0,117065,156068
168,1,0,0,0,117066,156069
169,1,1,0,0,117067,132180
170,1,0,0,0,117068,156070
171,1,0,0,0,117069,156071
172,1,1,0,0,117070,132181
173,1,1,0,0,117071,132182
174,1,0,0,0,117072,156072
175,1,1,0,0,117073,132183
176,1,0,0,0,117074,156073
177,1,0,0,0,117075,156074
178,1,1,0,0,117076,132184
179,1,0,0,0,117077,156075
180,1,1,0,0,117078,132185
181,1,1,0,0,117079,132186
182,1,0,0,0,117080,156076
183,1,1,0,0,117081,132187
184,1,0,0,0,117082,156077
185,1,0,0,0,117083,156078
186,1,0,0,0,117084,156079
187,1,1,0,0,117085,132188
188,1,0,0,0,117086,156080
189,1,1,0,0,117087,132189
190,1,1,0,0,117088,132190
191,1,0,0,0,117089,156081
192,1,0,0,0,117090,156082
193,1,1,0,0,117091,132191
194,1,1,0,0,0,132192
195,1,0,0,0,117093,156083
196,1,0,0,0,117094,156084
197,1,0,0,0,117095,156085
198,1,1,0,0,117096,132193
199,1,1,0,0,117097,132194
200,1,0,0,0,117098,156086
201,1,0,0,0,117099,156087
202,1,0,0,0,117100,156088
203,1,0,0,0,117101,156089
204,1,1,0,0,117102,132195
205,1,0,0,0,117103,156090
206,1,0,0,0,117104,156091
207,1,1,0,0,117105,132196
208,1,0,0,0,117106,156092
209,1,0,0,0,117107,156093
210,1,1,0,0,117108,132197
211,1,1,0,0,117109,132198
212,1,1,0,0,117110,132199
213,1,1,0,0,132200,132201
214,1,1,0,0,132202,132203
215,1,1,0,0,132204,132205
216,1,1,0,0,132206,132207
217,1,1,0,0,132208,132209
218,1,1,0,0,132210,132211
219,1,0,0,0,156094,156095
220,1,0,0,0,156096,156097
221,1,0,0,0,156098,156099
222,1,0,0,0,156100,156101
223,1,0,0,0,156102,156103
224,1,0,0,0,156104,156105
225,1,0,0,0,156106,156107
226,1,0,0,0,156108,156109
227,1,0,0,0,156110,156111
228,1,0,0,0,156112,156113
229,3,0,0,0,116313,116314
230,1,0,0,0,156114,156115
231,1,0,0,0,156116,156117
232,1,0,0,0,156118,156119
233,1,0,0,0,156120,156121
234,1,0,0,0,156122,156123
235,1,0,0,0,156124,156125
236,1,0,0,0,156126,156127
237,1,0,0,0,156128,156129
238,1,0,0,0,156130,156131
239,1,0,0,0,156132,156133
240,1,1,0,0,132212,132213
241,1,1,0,0,132214,132215
242,1,1,0,0,132216,132217
243,1,1,0,0,132218,132219
244,1,0,0,0,156134,156135
245,1,0,0,0,156136,156137
246,1,1,0,0,132220,132221
247,4,0,0,0,175558,175559
248,4,1,0,0,130228,130229
249,4,0,0,0,175556,175557
250,1,0,0,0,156138,156139
251,4,0,0,0,175554,175555
252,1,1,0,0,132222,132223
253,1,1,0,0,132224,132225
254,6,0,0,0,114506,114507
255,6,1,0,0,135964,135965
256,1,1,0,0,132226,132227
257,5,0,0,0,136895,136896
258,1,0,0,0,156140,156141
259,1,1,0,0,132228,132229
261,5,0,0,0,136898,136900
262,5,1,0,0,147519,147520
263,5,0,0,0,136901,136902
264,5,1,0,0,147521,147522
265,5,1,0,0,147523,147524
266,5,1,0,0,147525,147526
267,3,0,0,0,116315,116316
268,5,0,0,0,136903,136904
269,5,1,0,0,147527,147528
271,5,0,0,0,136905,136906
272,5,0,0,0,136907,136908
273,5,0,0,0,136909,136910
274,5,0,0,0,136911,136912
275,5,0,0,0,136913,136914
276,5,0,0,0,136915,136916
277,3,0,0,0,116317,116318
278,5,0,0,0,136917,136918
279,5,0,0,0,136919,136920
281,5,0,0,0,136921,136922
282,3,0,0,0,116319,116320
283,5,0,0,0,136923,136924
284,3,0,0,0,116321,116322
285,5,0,0,0,136925,136926
286,5,0,0,0,136927,136928
287,1,1,0,0,132230,132231
288,5,0,0,0,136929,136930
289,3,0,0,0,116323,116324
290,5,0,0,0,136931,136932
291,5,0,0,0,136933,136934
292,1,0,0,0,156142,156143
293,5,0,0,0,136935,136936
294,5,0,0,0,136937,136938
295,5,0,0,0,136941,136942
296,5,0,0,0,136943,136944
298,5,0,0,0,136945,136946
299,5,0,0,0,136947,136948
300,5,1,0,0,147529,147530
301,5,1,0,0,147531,147532
302,5,1,0,0,147533,147534
304,3,0,0,0,116325,116326
305,3,0,0,0,116765,116766
306,3,0,0,0,116767,116768
307,3,1,0,0,116341,116342
308,5,0,0,0,136949,136950
309,5,0,0,0,136951,136952
310,5,1,0,0,147535,147536
311,5,0,0,0,136953,136954
312,1,0,0,0,156144,156145
313,1,1,0,0,132232,132233
314,1,0,0,0,156146,156147
315,4,1,0,0,130230,130231
316,1,0,0,0,156148,156149
317,1,1,0,0,132234,132235
318,1,0,0,0,156150,156151
319,1,1,0,0,132236,132237
320,7,0,0,0,208581,208582
321,5,1,0,0,147537,147538
322,5,0,0,0,136955,136956
323,1,0,0,0,156152,156153
325,2,0,0,0,173693,173694
326,5,1,0,0,147539,147540
327,3,1,0,0,116343,116344
328,1,0,0,0,156154,156155
329,3,0,0,0,116769,116770
330,5,1,0,0,147541,147542
331,1,1,0,0,132238,132239
332,3,0,0,0,116771,116772
333,6,0,0,0,114508,114509
334,1,0,0,0,156156,156157
335,5,1,0,0,147543,147544
336,3,0,0,0,116773,116774
338,3,0,0,0,116775,116776
339,3,0,0,0,116777,116778
340,5,1,0,0,147545,147546
341,3,0,0,0,116779,116780
342,3,0,0,0,116781,116782
343,5,1,0,0,147547,147548
344,5,0,0,0,136957,136958
345,1,1,0,0,132240,132241
346,1,0,0,0,119655,156158
347,1,0,0,0,156159,156160
348,10,0,0,0,213355,213357
349,5,1,0,0,147549,147550
351,10,1,0,0,213577,213578
354,5,0,0,0,136959,136960
355,5,0,0,0,136961,136962
356,5,0,0,0,136963,136964
357,5,0,0,0,136965,136966
358,1,0,0,0,156161,156162
359,5,1,0,0,147551,147552
360,3,0,0,0,116783,116784
361,3,1,0,0,116345,116346
364,2,0,0,0,173691,173692
365,2,0,0,0,173689,173690
366,3,0,0,0,116785,116786
367,3,0,0,0,116787,116788
368,3,0,0,0,116789,116790
369,4,1,0,0,130232,130233
370,1,1,0,0,132242,132243
371,1,0,0,0,156163,156164
372,4,1,0,0,130234,130235
373,5,0,0,0,136967,136968
374,5,0,0,0,136969,136970
375,4,0,0,0,175552,175553
376,1,0,0,0,0,156166
378,1,0,0,0,156167,156168
379,3,0,0,0,116791,116792
380,4,1,0,0,130236,130237
381,5,0,0,0,136971,136972
382,6,0,0,0,114510,114511
383,3,0,0,0,116793,116794
384,4,0,0,0,175550,175551
385,5,0,0,0,136973,136974
386,5,0,0,0,136975,136976
387,3,1,0,0,116347,116348
388,4,1,0,0,130238,130239
389,4,1,0,0,130240,130241
390,4,0,0,0,175548,175549
391,4,1,0,0,130242,130243
392,4,0,0,0,175546,175547
393,3,0,0,0,116795,116796
394,4,1,0,0,130244,130245
395,4,0,0,0,175544,175545
396,3,0,0,0,116797,116798
397,3,0,0,0,116799,116800
398,3,0,0,0,116801,116802
399,3,0,0,0,116803,116804
400,4,1,0,0,130246,130247
401,3,0,0,0,116805,116806
402,3,0,0,0,116807,116808
403,4,0,0,0,175542,175543
404,4,1,0,0,130248,130249
405,4,0,0,0,175540,175541
406,4,1,0,0,130250,130251
407,6,0,0,0,114512,114513
409,4,1,0,0,130252,130253
410,4,0,0,0,175538,175539
411,4,0,0,0,175536,175537
412,3,0,0,0,116809,116810
413,4,1,0,0,130254,130255
414,3,0,0,0,116811,116812
415,3,0,0,0,116813,116814
419,4,1,0,0,130256,130257
420,1,0,0,0,156169,156170
421,1,0,0,0,156171,156172
422,1,0,0,0,156173,156174
423,1,1,0,0,132244,132245
424,1,1,0,0,132246,132247
425,4,1,0,0,130258,130259
426,4,0,0,0,175534,175535
427,4,1,0,0,130260,130261
428,4,1,0,0,130262,130263
429,4,0,0,0,175532,175533
430,4,1,0,0,130264,130265
431,4,1,0,0,130266,130267
432,4,0,0,0,175530,175531
433,1,0,0,0,156175,156176
434,1,0,0,0,156177,156178
435,1,0,0,0,156179,156180
436,1,0,0,0,156181,156182
437,1,0,0,0,156183,156184
438,4,1,0,0,130268,130269
439,1,0,0,0,156185,156186
440,1,0,0,0,156187,156188
441,4,1,0,0,130270,130271
442,1,0,0,0,156189,156190
443,1,0,0,0,156191,156192
444,2,0,0,0,173687,173688
445,1,0,0,0,156193,156194
446,1,0,0,0,156195,156196
447,1,0,0,0,156197,156198
448,1,0,0,0,156199,156200
449,1,0,0,0,156201,156202
450,1,0,0,0,156203,156204
451,1,1,0,0,132248,132249
452,1,1,0,0,132250,132251
453,1,0,0,0,156205,156206
454,4,1,0,0,130272,130273
455,4,0,0,0,175528,175529
456,1,0,0,0,156207,156208
457,1,0,0,0,156209,156210
458,4,0,0,0,175526,175527
459,1,0,0,0,156211,156212
462,1,0,0,0,156213,156214
463,3,1,0,0,116349,116350
464,1,0,0,0,156215,156216
465,1,1,0,0,132252,132253
466,1,0,0,0,156217,156218
467,5,0,0,0,136977,136978
468,4,0,0,0,175524,175525
469,1,1,0,0,132254,132255
470,3,0,0,0,116815,116816
471,3,0,0,0,116817,116818
472,3,0,0,0,116819,116820
473,3,0,0,0,116821,116822
474,3,0,0,0,116823,116824
475,3,0,0,0,116825,116826
476,3,0,0,0,116827,116828
477,3,0,0,0,116829,116830
478,3,0,0,0,116831,116832
479,3,1,0,0,116351,116352
480,3,0,0,0,116833,116834
481,3,1,0,0,116353,116354
482,3,1,0,0,116355,116356
483,3,1,0,0,116357,116358
484,3,0,0,0,116835,116836
485,3,0,0,0,116837,116838
486,3,0,0,0,116839,116840
487,3,0,0,0,116841,116842
488,3,0,0,0,116843,116844
489,3,0,0,0,116845,116846
490,3,0,0,0,116847,116848
491,3,0,0,0,116849,116850
492,3,0,0,0,116851,116852
493,3,0,0,0,116853,116854
494,3,0,0,0,116855,116856
495,3,0,0,0,116857,116858
496,3,1,0,0,116359,116360
497,3,0,0,0,116859,116860
498,3,0,0,0,116861,116862
499,3,0,0,0,116863,116864
500,3,0,0,0,116865,116866
501,3,0,0,0,116867,116868
502,3,0,0,0,116869,116870
503,3,0,0,0,116871,116872
504,3,1,0,0,116361,116362
505,3,0,0,0,116873,116874
506,3,0,0,0,116875,116876
507,3,0,0,0,116877,116878
508,3,0,0,0,116879,116880
509,5,1,0,0,147553,147554
510,7,0,0,0,208579,208580
511,3,0,0,0,116881,116882
512,3,1,0,0,116363,116364
513,3,0,0,0,116883,116884
514,3,0,0,0,116885,116886
515,3,0,0,0,116887,116888
516,3,0,0,0,116889,116890
517,3,0,0,0,116891,116892
518,1,1,0,0,132256,132257
519,1,1,0,0,132258,132259
520,3,0,0,0,116893,116894
521,3,0,0,0,116895,116896
522,3,0,0,0,116897,116898
523,3,0,0,0,116899,116900
524,3,0,0,0,116901,116902
525,3,0,0,0,116903,116904
526,3,1,0,0,116365,116366
527,3,1,0,0,116367,116368
528,5,1,0,0,147555,147556
529,3,0,0,0,116905,116906
530,5,0,0,0,136979,136980
531,5,0,0,0,136981,136982
532,5,0,0,0,136983,136984
533,3,1,0,0,116369,116370
534,2,0,0,0,173685,173686
535,1,0,0,0,156219,156220
536,1,0,0,0,156221,156222
537,1,0,0,0,156223,156224
538,1,1,0,0,132260,132261
539,1,0,0,0,156225,156226
540,1,0,0,0,156227,156228
541,3,0,0,0,116907,116908
542,3,1,0,0,116371,116372
543,4,0,0,0,175522,175523
544,1,1,0,0,132262,132263
545,1,1,0,0,132264,132265
546,1,1,0,0,132266,132267
547,1,0,0,0,156229,156230
548,1,0,0,0,156231,156232
549,1,0,0,0,156233,156234
550,1,0,0,0,156235,156236
551,1,1,0,0,132268,132269
552,1,0,0,0,156237,156238
553,1,0,0,0,156239,156240
554,1,0,0,0,156241,156242
555,2,0,0,0,173683,173684
558,2,0,0,0,173681,173682
559,2,0,0,0,173679,173680
560,2,0,0,0,173677,173678
561,2,0,0,0,173675,173676
563,2,1,0,0,112824,112825
564,2,0,0,0,173673,173674
565,2,0,0,0,173671,173672
566,2,0,0,0,173669,173670
567,8,1,0,0,178127,178128
568,2,0,0,0,173667,173668
569,2,0,0,0,173665,173666
570,2,1,0,0,112822,112823
571,2,1,0,0,112820,112821
572,2,0,0,0,173663,173664
573,2,0,0,0,173661,173662
574,2,0,0,0,173659,173660
575,2,0,0,0,173657,173658
577,7,1,0,0,118534,118535
578,3,0,0,0,116909,116910
579,3,0,0,0,116911,116912
580,3,0,0,0,116913,116914
581,3,0,0,0,116915,116916
583,4,0,0,0,175520,175521
584,1,0,0,0,156250,156251
586,4,0,0,0,175518,175519
587,4,0,0,0,175516,175517
588,3,0,0,0,0,116918
589,4,0,0,0,175514,175515
590,2,1,0,0,112818,112819
591,4,0,0,0,175512,175513
592,4,1,0,0,130274,130275
593,6,0,0,0,114514,114515
594,2,0,0,0,173655,173656
595,1,1,0,0,132270,132271
596,1,0,0,0,156252,156253
597,6,1,0,0,135966,135967
598,2,1,0,0,112816,112817
599,2,1,0,0,112814,112815
600,2,0,0,0,173653,173654
601,4,1,0,0,130276,130277
602,4,1,0,0,130278,130279
603,4,1,0,0,130280,130281
604,1,0,0,0,156254,156255
605,1,0,0,0,156256,156257
606,3,1,0,0,116373,116374
607,1,0,0,0,156258,156259
608,1,0,0,0,156260,156261
609,7,0,0,0,208577,208578
610,4,0,0,0,175510,175511
611,4,1,0,0,130282,130283
612,3,0,0,0,116919,116920
613,4,1,0,0,130284,130285
614,6,0,0,0,114516,114517
616,1,0,0,0,156262,156263
617,1,0,0,0,156264,156265
618,4,0,0,0,175508,175509
620,5,0,0,0,136985,136986
621,4,0,0,0,175506,175507
623,4,1,0,0,130286,130287
624,5,0,0,0,136987,136988
625,3,0,0,0,116921,116922
626,3,1,0,0,116375,116376
627,3,0,0,0,116923,116924
628,8,0,0,0,159245,159246
629,2,0,0,0,173651,173652
630,3,1,0,0,116377,116378
631,4,1,0,0,130288,130289
632,4,0,0,0,175504,175505
633,1,0,0,0,156266,156267
634,1,0,0,0,156268,156269
635,1,0,0,0,156270,156271
636,5,0,0,0,136989,136990
637,8,0,0,0,159243,159244
638,6,0,0,0,114518,114519
640,1,0,0,0,156272,156273
641,1,0,0,0,156274,156275
642,4,1,0,0,130290,130291
643,1,0,0,0,156287,156288
644,4,1,0,0,130292,130293
645,1,1,0,0,132272,132273
646,4,1,0,0,130294,130295
647,4,1,0,0,130296,130297
648,4,1,0,0,130298,130299
649,1,0,0,0,156289,156290
650,4,0,0,0,175502,175503
651,1,0,0,0,156291,156292
652,1,0,0,0,156293,156294
653,4,0,0,0,175500,175501
654,1,0,0,0,156295,156296
655,1,1,0,0,132274,132275
656,1,0,0,0,156297,156298
657,1,0,0,0,156299,156300
658,4,1,0,0,130300,130301
659,5,0,0,0,136991,136992
660,4,0,0,0,175498,175499
661,1,1,0,0,132276,132277
662,4,0,0,0,175496,175497
663,1,0,0,0,156301,156302
664,3,1,0,0,116379,116380
665,4,1,0,0,130302,130303
666,4,1,0,0,130304,130305
667,4,0,0,0,175494,175495
669,1,0,0,0,156303,156304
670,5,1,0,0,147557,147558
671,4,0,0,0,175492,175493
672,1,0,0,0,156305,156306
673,1,0,0,0,156307,156308
674,7,0,0,0,208575,208576
675,1,0,0,0,156309,156310
676,1,0,0,0,156311,156312
677,6,0,0,0,114520,114521
678,6,0,0,0,114522,114523
679,1,0,0,0,156313,156314
680,6,1,0,0,135968,135969
681,6,0,0,0,114524,114525
682,1,0,0,0,156315,156316
683,6,0,0,0,114526,114527
684,6,0,0,0,114528,114529
685,6,0,0,0,114530,114531
686,6,1,0,0,135970,135971
687,6,1,0,0,135972,135973
688,6,0,0,0,114532,114533
689,6,1,0,0,135974,135975
690,6,0,0,0,114534,114535
691,6,1,0,0,135976,135977
692,6,1,0,0,135978,135979
693,6,0,0,0,114536,114537
694,6,1,0,0,135980,135981
695,6,0,0,0,114538,114539
696,6,1,0,0,135982,135983
697,6,1,0,0,135984,135985
698,6,0,0,0,114540,114541
699,6,1,0,0,135986,135987
700,6,0,0,0,114542,114543
701,6,0,0,0,114544,114545
702,6,0,0,0,114546,114547
703,6,0,0,0,114548,114549
704,6,1,0,0,135988,135989
705,6,1,0,0,135990,135991
706,6,0,0,0,114550,114551
707,6,1,0,0,135992,135993
708,6,1,0,0,135994,135995
709,6,1,0,0,135996,135997
710,6,0,0,0,114552,114553
711,6,0,0,0,114554,114555
712,6,1,0,0,135998,135999
713,6,0,0,0,114556,114557
714,6,0,0,0,114558,114559
715,1,0,0,0,156317,156318
716,6,0,0,0,114560,114561
717,6,0,0,0,114562,114563
718,6,1,0,0,136000,136001
719,6,0,0,0,114564,114565
720,6,0,0,0,114566,114567
721,6,1,0,0,136002,136003
722,6,1,0,0,136004,136005
723,6,1,0,0,136006,136007
724,6,1,0,0,136008,136009
725,6,0,0,0,114568,114569
726,6,1,0,0,136010,136011
727,6,1,0,0,136012,136013
728,6,0,0,0,114570,114571
729,6,0,0,0,114572,114573
731,6,0,0,0,114574,114575
736,5,0,0,0,136993,136994
738,5,0,0,0,136995,136996
739,6,0,0,0,114576,114577
740,6,0,0,0,114578,114579
741,1,0,0,0,156319,156320
742,1,0,0,0,156321,156322
743,1,0,0,0,156323,156324
744,1,0,0,0,156325,156326
745,1,0,0,0,156327,156328
746,1,0,0,0,156329,156330
747,1,0,0,0,156331,156332
748,1,0,0,0,156333,156334
749,1,0,0,0,156335,156336
750,6,1,0,0,136014,136015
751,7,0,0,0,208573,208574
752,1,0,0,0,156442,156443
753,4,1,0,0,130306,130307
754,4,1,0,0,130308,130309
755,7,0,0,0,208571,208572
756,4,1,0,0,130310,130311
757,4,0,0,0,175490,175491
758,4,1,0,0,130312,130313
759,4,1,0,0,130314,130315
760,4,1,0,0,130316,130317
761,4,1,0,0,130318,130319
762,4,1,0,0,130320,130321
763,4,1,0,0,130322,130323
764,4,1,0,0,130324,130325
765,4,1,0,0,130326,130327
766,4,1,0,0,130328,130329
767,1,1,0,0,132278,132279
768,4,1,0,0,130330,130331
769,4,1,0,0,130332,130333
770,4,1,0,0,130334,130335
771,4,1,0,0,130336,130337
772,4,1,0,0,130338,130339
773,4,1,0,0,130340,130341
774,4,1,0,0,130342,130343
775,4,1,0,0,130344,130345
776,4,1,0,0,130346,130347
777,4,1,0,0,130348,130349
778,4,1,0,0,130350,130351
779,4,1,0,0,130352,130353
780,4,1,0,0,130354,130355
781,4,1,0,0,130356,130357
782,4,1,0,0,130358,130359
783,4,1,0,0,130360,130361
784,4,1,0,0,130362,130363
785,4,1,0,0,130364,130365
786,4,1,0,0,130366,130367
787,4,1,0,0,130368,130369
788,4,1,0,0,130370,130371
789,4,1,0,0,130372,130373
790,4,1,0,0,130374,130375
791,4,1,0,0,130376,130377
792,4,1,0,0,130378,130379
793,4,1,0,0,130380,130381
794,4,1,0,0,130382,130383
795,4,1,0,0,130384,130385
796,4,1,0,0,130386,130387
797,4,0,0,0,175488,175489
798,4,0,0,0,175486,175487
799,4,0,0,0,175484,175485
800,4,0,0,0,175482,175483
801,4,0,0,0,175480,175481
802,4,0,0,0,175478,175479
803,4,0,0,0,175476,175477
804,4,0,0,0,175474,175475
805,4,0,0,0,175472,175473
806,4,0,0,0,175470,175471
807,4,0,0,0,175468,175469
808,4,0,0,0,175466,175467
809,4,0,0,0,175464,175465
810,4,0,0,0,175462,175463
811,4,0,0,0,175460,175461
812,10,1,0,0,213575,213576
813,4,0,0,0,175458,175459
814,4,0,0,0,175456,175457
815,4,0,0,0,175454,175455
816,4,0,0,0,175452,175453
817,4,0,0,0,175450,175451
818,7,0,0,0,208569,208570
819,4,0,0,0,175448,175449
820,4,0,0,0,175446,175447
821,4,0,0,0,175444,175445
822,4,0,0,0,175442,175443
823,4,0,0,0,175440,175441
824,4,0,0,0,175436,175439
825,4,0,0,0,175434,175435
826,4,0,0,0,175432,175433
827,4,0,0,0,175430,175431
828,4,0,0,0,175428,175429
829,4,0,0,0,175426,175427
830,4,0,0,0,175424,175425
831,4,0,0,0,175422,175423
832,4,0,0,0,175420,175421
833,4,0,0,0,175418,175419
834,4,0,0,0,175416,175417
835,4,0,0,0,175414,175415
836,1,0,0,0,156444,156445
837,1,0,0,0,156446,156447
838,3,0,0,0,116925,116926
839,3,0,0,0,116927,116928
840,3,0,0,0,116929,116930
841,3,1,0,0,116381,116382
842,1,0,0,0,156448,156449
843,1,0,0,0,156450,156451
844,4,1,0,0,130388,130389
845,1,0,0,0,156452,156453
846,1,1,0,0,132281,132282
847,1,0,0,0,156454,156455
848,1,1,0,0,132283,132284
849,1,0,0,0,156456,156457
850,1,1,0,0,132285,132286
851,1,1,0,0,132287,132288
852,1,0,0,0,156458,156459
853,1,0,0,0,156460,156461
854,1,1,0,0,132289,132290
855,1,0,0,0,156462,156463
856,1,0,0,0,156464,156465
857,1,1,0,0,132291,132292
858,1,0,0,0,156466,156467
859,1,0,0,0,156468,156469
860,1,1,0,0,132293,132294
861,1,0,0,0,156470,156471
862,1,1,0,0,132295,132296
863,1,0,0,0,156472,156473
864,1,1,0,0,132297,132298
865,1,0,0,0,156474,156475
866,1,1,0,0,132299,132300
867,1,0,0,0,156476,156477
868,1,1,0,0,132301,132302
869,1,0,0,0,156478,156479
870,1,0,0,0,156480,156481
871,1,0,0,0,156482,156483
872,1,1,0,0,132303,132304
873,1,1,0,0,132305,132306
874,1,0,0,0,156484,156485
875,1,0,0,0,156486,156487
876,1,1,0,0,132307,132308
879,1,0,0,0,156488,156489
880,1,0,0,0,156490,156491
881,1,1,0,0,132309,132310
882,1,1,0,0,132311,132312
883,1,0,0,0,156492,156493
884,1,0,0,0,156494,156495
885,1,1,0,0,132313,132314
886,1,0,0,0,156496,156497
887,1,1,0,0,132315,132316
888,3,0,0,0,116931,116932
889,1,0,0,0,156498,156499
890,1,1,0,0,132317,132318
891,1,1,0,0,132319,132320
892,1,1,0,0,132321,132322
893,1,0,0,0,156500,156501
894,1,0,0,0,156502,156503
895,1,0,0,0,156504,156505
896,1,0,0,0,156506,156507
897,1,0,0,0,156508,156509
898,1,0,0,0,156510,156511
899,1,1,0,0,132323,132324
900,1,1,0,0,132325,132326
902,1,0,0,0,156512,156513
903,1,1,0,0,132327,132328
904,1,0,0,0,156514,156515
905,1,1,0,0,132329,132330
906,1,0,0,0,156516,156517
907,1,0,0,0,156518,156519
908,1,0,0,0,156520,156521
909,1,0,0,0,156522,156523
910,1,0,0,0,156524,156525
911,1,0,0,0,156526,156527
912,1,1,0,0,132331,132332
913,1,0,0,0,156528,156529
914,1,0,0,0,156530,156531
915,1,0,0,0,156532,156533
916,1,0,0,0,156534,156535
917,1,1,0,0,132333,132334
918,1,0,0,0,156536,156537
919,1,0,0,0,156538,156539
920,1,1,0,0,132335,132336
921,1,0,0,0,156540,156541
922,1,1,0,0,132337,132338
923,1,0,0,0,156542,156543
924,1,1,0,0,132339,132340
925,1,1,0,0,132341,132342
926,1,1,0,0,132343,132344
927,1,1,0,0,132345,132346
928,1,0,0,0,156544,156545
929,1,1,0,0,132347,132348
930,6,0,0,0,114580,114581
931,6,1,0,0,136016,136017
932,2,1,0,0,112812,112813
933,4,1,0,0,130390,130391
936,4,0,0,0,175412,175413
938,1,0,0,0,156546,156547
940,1,0,0,0,156548,156549
941,1,1,0,0,132349,132350
942,1,0,0,0,156550,156551
943,1,1,0,0,132351,132352
944,7,0,0,0,208567,208568
945,1,0,0,0,156552,156553
947,1,0,0,0,156554,156555
948,1,1,0,0,132353,132354
949,1,0,0,0,156556,156557
950,1,1,0,0,132355,132356
951,1,0,0,0,156558,156559
952,1,1,0,0,132357,132358
953,1,0,0,0,156560,156561
954,1,1,0,0,132359,132360
955,1,0,0,0,156562,156563
957,4,0,0,0,175410,175411
958,1,0,0,0,156564,156565
959,1,1,0,0,132361,132362
961,4,1,0,0,130392,130393
962,1,0,0,0,156566,156567
963,1,1,0,0,132363,132364
964,1,0,0,0,156568,156569
965,1,0,0,0,156570,156571
966,1,0,0,0,156572,156573
967,1,0,0,0,156574,156575
969,1,1,0,0,132365,132366
970,1,1,0,0,132367,132368
971,1,1,0,0,132369,132370
972,1,1,0,0,132371,132372
973,1,1,0,0,132373,132374
975,1,0,0,0,156576,156577
976,1,1,0,0,132375,132376
977,1,0,0,0,156578,156579
978,1,1,0,0,132377,132378
979,1,0,0,0,156580,156581
980,1,0,0,0,156582,156583
981,1,1,0,0,132379,132380
982,1,0,0,0,156584,156585
983,1,1,0,0,132381,132382
984,1,0,0,0,156586,156587
985,1,1,0,0,132383,132384
986,1,0,0,0,156588,156589
987,1,1,0,0,132385,132386
988,1,0,0,0,156590,156591
989,1,0,0,0,156592,156593
990,1,1,0,0,132387,132388
991,1,0,0,0,156594,156595
992,1,0,0,0,156596,156597
993,1,0,0,0,156598,156599
994,1,1,0,0,132389,132390
995,1,1,0,0,132391,132392
996,1,0,0,0,156600,156601
997,1,0,0,0,156602,156603
998,1,0,0,0,156604,156605
999,1,0,0,0,168296,168297
1000,1,0,0,0,168294,168295
1001,1,0,0,0,168292,168293
1002,1,0,0,0,168290,168291
1003,1,1,0,0,132398,132399
1004,1,1,0,0,132400,132401
1006,1,1,0,0,132402,132403
1008,4,0,0,0,175408,175409
1009,1,1,0,0,132404,132405
1010,1,1,0,0,132406,132407
1011,1,1,0,0,132408,132409
1012,1,1,0,0,132410,132411
1013,4,1,0,0,144723,144724
1014,4,0,0,0,175406,175407
1015,1,0,0,0,168288,168289
1016,2,0,0,0,173649,173650
1017,5,1,0,0,147559,147560
1018,5,1,0,0,147561,147562
1019,5,1,0,0,147563,147564
1020,5,1,0,0,147565,147566
1021,5,1,0,0,147567,147568
1022,5,1,0,0,147569,147570
1023,5,1,0,0,147571,147572
1024,1,0,0,0,168286,168287
1025,5,1,0,0,147573,147574
1026,5,1,0,0,147575,147576
1027,5,1,0,0,147577,147578
1028,5,1,0,0,147579,147580
1029,5,1,0,0,147581,147582
1031,5,1,0,0,147583,147584
1032,1,1,0,0,132412,132413
1033,1,1,0,0,132415,132416
1034,5,1,0,0,147585,147586
1035,1,0,0,0,168284,168285
1036,5,1,0,0,147587,147588
1037,5,1,0,0,147589,147590
1038,1,1,0,0,132417,132418
1039,1,0,0,0,168282,168283
1040,5,1,0,0,147591,147592
1041,5,1,0,0,147593,147594
1042,5,0,0,0,136997,136998
1043,5,0,0,0,136999,137000
1044,5,0,0,0,137001,137002
1045,1,0,0,0,168280,168281
1046,5,0,0,0,137003,137004
1047,1,0,0,0,168278,168279
1048,5,0,0,0,137005,137006
1049,5,0,0,0,137007,137008
1050,5,0,0,0,137009,137010
1051,5,0,0,0,137011,137012
1052,5,0,0,0,137013,137014
1053,5,0,0,0,137015,137016
1054,5,0,0,0,137017,137018
1056,5,0,0,0,137019,137020
1057,2,0,0,0,173647,173648
1058,5,0,0,0,137021,137022
1059,5,0,0,0,137023,137024
1060,5,0,0,0,137025,137026
1061,5,0,0,0,137027,137028
1062,5,0,0,0,137029,137030
1063,5,0,0,0,137031,137032
1064,5,0,0,0,137033,137034
1065,5,0,0,0,137035,137036
1066,5,0,0,0,137037,137038
1067,5,0,0,0,137039,137040
1068,5,0,0,0,137041,137042
1069,5,0,0,0,137043,137044
1070,5,0,0,0,137045,137046
1071,1,1,0,0,132419,132420
1072,5,0,0,0,137047,137048
1073,5,0,0,0,191328,191329
1074,1,0,0,0,168276,168277
1075,5,0,0,0,191326,191327
1076,5,0,0,0,191324,191325
1077,5,0,0,0,191322,191323
1078,5,0,0,0,191320,191321
1079,5,0,0,0,191318,191319
1080,5,0,0,0,191316,191317
1081,5,0,0,0,191314,191315
1082,5,0,0,0,191312,191313
1083,5,0,0,0,191310,191311
1085,1,0,0,0,168274,168275
1086,5,0,0,0,191308,191309
1087,5,0,0,0,191306,191307
1088,5,0,0,0,191304,191305
1089,5,0,0,0,191302,191303
1090,5,0,0,0,191300,191301
1091,4,0,0,0,175404,175405
1092,5,0,0,0,191298,191299
1093,5,0,0,0,191296,191297
1094,4,0,0,0,175402,175403
1095,5,0,0,0,191294,191295
1096,5,0,0,0,191292,191293
1097,4,0,0,0,175400,175401
1098,5,1,0,0,147595,147596
1099,1,0,0,0,168272,168273
1101,5,0,0,0,191290,191291
1102,1,0,0,0,168270,168271
1103,1,1,0,0,132421,132422
1104,5,0,0,0,191288,191289
1105,1,0,0,0,168268,168269
1106,1,1,0,0,132423,132424
1107,3,0,0,0,116933,116934
1108,3,1,0,0,116383,116384
1109,5,0,0,0,191286,191287
1110,5,0,0,0,191284,191285
1111,1,1,0,0,132425,132426
1114,4,0,0,0,175398,175399
1115,5,0,0,0,191282,191283
1116,6,0,0,0,114582,114583
1117,1,0,0,0,168266,168267
1118,8,1,0,0,178125,178126
1119,8,0,0,0,159241,159242
1120,2,0,0,0,173645,173646
1121,6,0,0,0,114584,114585
1122,6,0,0,0,114586,114587
1123,1,0,0,0,168264,168265
1124,5,0,0,0,191280,191281
1125,4,1,0,0,144725,144726
1126,3,0,0,0,116935,116936
1127,5,0,0,0,191278,191279
1128,5,1,0,0,147597,147598
1144,6,0,0,0,114588,114589
1145,1,0,0,0,168262,168263
1164,5,0,0,0,191276,191277
1165,5,0,0,0,191274,191275
1166,5,0,0,0,191272,191273
1167,5,0,0,0,191270,191271
1168,5,0,0,0,191268,191269
1169,5,0,0,0,191266,191267
1170,5,1,0,0,147599,147600
1171,5,0,0,0,191264,191265
1172,5,0,0,0,191262,191263
1173,5,1,0,0,147601,147602
1174,5,0,0,0,191260,191261
1175,5,1,0,0,147603,147604
1176,4,1,0,0,144727,144728
1177,4,1,0,0,144729,144730
1178,4,1,0,0,144731,144732
1179,1,1,0,0,132427,132428
1180,2,0,0,0,173643,173644
1181,3,0,0,0,116937,116938
1182,7,0,0,0,208565,208566
1183,5,0,0,0,191258,191259
1184,5,1,0,0,147605,147606
1185,5,1,0,0,147607,147608
1186,5,0,0,0,191256,191257
1187,3,0,0,0,116939,116940
1188,8,1,0,0,178123,178124
1189,7,1,0,0,118536,118537
1190,2,1,0,0,112943,112944
1191,2,1,0,0,112941,112942
1192,1,0,0,0,168260,168261
1193,8,0,0,0,159239,159240
1194,3,1,0,0,116385,116386
1195,2,0,0,0,173641,173642
1196,7,0,0,0,208563,208564
1197,6,0,0,0,114590,114591
1198,3,1,0,0,116387,116388
1199,3,0,0,0,116941,116942
1200,6,0,0,0,114592,114593
1201,1,1,0,0,132429,132430
1202,7,0,0,0,208561,208562
1203,8,0,0,0,159237,159238
1204,1,0,0,0,168258,168259
1205,2,0,0,0,173639,173640
1206,6,1,0,0,136020,136021
1207,1,1,0,0,132431,132432
1224,1,0,0,0,168256,168257
1244,7,0,0,0,208559,208560
1245,6,0,0,0,114594,114595
1246,1,0,0,0,168254,168255
1247,1,0,0,0,168252,168253
1248,1,1,0,0,132433,132434
1249,1,0,0,0,168250,168251
1250,1,0,0,0,168248,168249
1252,1,0,0,0,168246,168247
1253,1,0,0,0,168244,168245
1254,1,0,0,0,168242,168243
1255,4,1,0,0,144733,144734
1256,1,0,0,0,168240,168241
1257,1,0,0,0,168238,168239
1258,1,0,0,0,168236,168237
1259,1,1,0,0,132436,132437
1260,2,0,0,0,173637,173638
1261,2,0,0,0,173635,173636
1262,1,0,0,0,168234,168235
1263,1,1,0,0,132438,132439
1264,1,0,0,0,168232,168233
1265,1,0,0,0,168230,168231
1266,1,0,0,0,168228,168229
1267,1,1,0,0,132440,132441
1268,1,1,0,0,132442,132443
1269,1,1,0,0,132444,132445
1270,1,0,0,0,168226,168227
1271,1,0,0,0,168224,168225
1272,1,1,0,0,132446,132447
1273,1,1,0,0,132448,132449
1274,1,0,0,0,168222,168223
1275,1,0,0,0,168220,168221
1276,1,0,0,0,168218,168219
1277,1,0,0,0,168216,168217
1278,1,0,0,0,168214,168215
1279,1,0,0,0,168212,168213
1280,1,0,0,0,168210,168211
1281,1,0,0,0,168208,168209
1282,1,1,0,0,132450,132451
1283,1,0,0,0,168206,168207
1284,4,1,0,0,144735,144736
1285,3,1,0,0,116389,116390
1286,5,0,0,0,191254,191255
1287,2,0,0,0,173633,173634
1288,6,1,0,0,136022,136023
1289,6,0,0,0,114596,114597
1290,1,1,0,0,132452,132453
1291,3,0,0,0,116943,116944
1292,3,0,0,0,117111,117112
1293,3,1,0,0,116391,116392
1294,7,0,0,0,208557,208558
1295,3,1,0,0,116393,116394
1296,3,0,0,0,117113,117114
1297,3,0,0,0,117115,117116
1298,3,1,0,0,116395,116396
1299,7,0,0,0,208555,208556
1300,3,0,0,0,117117,117118
1301,3,0,0,0,117119,117120
1302,3,1,0,0,116397,116398
1303,3,1,0,0,116399,116400
1304,3,0,0,0,117121,117122
1305,3,0,0,0,117123,117124
1306,3,1,0,0,116401,116402
1324,1,0,0,0,168204,168205
1325,1,0,0,0,168202,168203
1326,1,0,0,0,168200,168201
1327,7,0,0,0,208553,208554
1328,3,0,0,0,117125,117126
1329,3,0,0,0,117127,117128
1330,1,0,0,0,168198,168199
1331,1,0,0,0,168196,168197
1332,1,0,0,0,168194,168195
1333,3,0,0,0,117129,117130
1334,3,0,0,0,117131,117132
1335,3,1,0,0,116403,116404
1336,3,0,0,0,117133,117134
1337,3,0,0,0,117135,117136
1338,3,0,0,0,117137,117138
1339,3,1,0,0,116405,116406
1340,7,1,0,0,118538,118539
1341,3,1,0,0,116407,116408
1342,3,0,0,0,117139,117140
1343,3,0,0,0,117141,117142
1344,3,0,0,0,117143,117144
1345,3,0,0,0,117145,117146
1346,7,0,0,0,208551,208552
1347,7,0,0,0,208549,208550
1348,7,1,0,0,118540,118541
1349,3,0,0,0,117147,117148
1350,3,1,0,0,116409,116410
1351,3,1,0,0,116411,116412
1352,7,0,0,0,208547,208548
1353,3,0,0,0,117149,117150
1354,3,1,0,0,116413,116414
1355,3,0,0,0,117153,117154
1357,3,1,0,0,116415,116416
1358,3,1,0,0,116417,116418
1359,3,0,0,0,117155,117156
1360,3,1,0,0,116419,116420
1361,3,0,0,0,117157,117158
1362,3,1,0,0,116421,116422
1363,3,0,0,0,117159,117160
1364,7,1,0,0,118542,118543
1365,7,1,0,0,118544,118545
1366,7,0,0,0,208545,208546
1367,3,0,0,0,117161,117162
1368,3,0,0,0,117163,117164
1369,3,0,0,0,117165,117166
1370,3,0,0,0,117167,117168
1371,3,1,0,0,116423,116424
1372,7,1,0,0,118546,118547
1373,7,0,0,0,208543,208544
1374,3,0,0,0,117169,117170
1375,3,1,0,0,116425,116426
1376,3,1,0,0,116427,116428
1377,3,1,0,0,116429,116430
1378,7,0,0,0,208541,208542
1379,7,1,0,0,118548,118549
1380,3,0,0,0,117171,117172
1381,3,0,0,0,117173,117174
1382,3,0,0,0,117175,117176
1383,3,0,0,0,117177,117178
1384,3,0,0,0,117179,117180
1385,7,1,0,0,118550,118551
1386,7,0,0,0,208539,208540
1387,3,0,0,0,117181,117182
1388,3,0,0,0,117183,117184
1389,3,0,0,0,117185,117186
1390,3,0,0,0,117187,117188
1391,3,0,0,0,117189,117190
1392,7,0,0,0,208537,208538
1393,3,0,0,0,117191,117192
1394,7,0,0,0,208535,208536
1395,3,0,0,0,117193,117194
1396,7,0,0,0,208533,208534
1397,7,0,0,0,208531,208532
1398,1,0,0,0,168192,168193
1399,7,0,0,0,208529,208530
1400,7,0,0,0,208527,208528
1401,7,1,0,0,118552,118553
1402,7,1,0,0,118554,118555
1430,3,0,0,0,117195,117196
1431,1,1,0,0,132454,132455
1432,4,0,0,0,175396,175397
1433,5,1,0,0,147609,147610
1434,2,1,0,0,112939,112940
1435,6,0,0,0,114598,114599
1436,1,1,0,0,132456,132457
1437,1,1,0,0,132458,132459
1438,1,0,0,0,168190,168191
1439,1,0,0,0,168188,168189
1440,1,0,0,0,168186,168187
1441,1,0,0,0,168184,168185
1442,1,0,0,0,168182,168183
1443,1,0,0,0,168180,168181
1444,1,1,0,0,132460,132461
1445,1,1,0,0,132462,132463
1446,1,0,0,0,168178,168179
1447,1,1,0,0,132464,132465
1450,10,0,0,0,213352,213353
1451,3,0,0,0,117197,117198
1470,1,0,0,0,168176,168177
1471,1,0,0,0,168174,168175
1472,1,0,0,0,168172,168173
1473,1,0,0,0,168170,168171
1474,1,0,0,0,168168,168169
1475,1,1,0,0,132466,132467
1476,1,0,0,0,168166,168167
1477,1,0,0,0,168164,168165
1478,1,1,0,0,132468,132469
1479,1,0,0,0,168162,168163
1481,1,1,0,0,132470,132471
1482,1,0,0,0,168160,168161
1483,1,0,0,0,168158,168159
1484,1,1,0,0,132472,132473
1486,1,1,0,0,127750,132474
1487,1,1,0,0,132475,132476
1488,1,1,0,0,132477,132478
1489,1,1,0,0,132479,132480
1490,1,0,0,0,168156,168157
1491,1,0,0,0,168154,168155
1492,1,0,0,0,168152,168153
1493,1,1,0,0,132482,132483
1494,1,0,0,0,168150,168151
1495,1,0,0,0,168148,168149
1496,3,0,0,0,117199,117200
1497,1,0,0,0,168146,168147
1510,8,0,0,0,159235,159236
1511,8,1,0,0,178121,178122
1512,1,1,0,0,132486,132487
1513,1,0,0,0,168144,168145
1514,1,0,0,0,168142,168143
1515,1,0,0,0,168140,168141
1516,1,0,0,0,168138,168139
1517,7,0,0,0,208525,208526
1518,1,1,0,0,132488,132489
1519,1,0,0,0,168136,168137
1520,4,0,0,0,175394,175395
1521,4,0,0,0,175392,175393
1522,4,0,0,0,175390,175391
1523,1,0,0,0,168134,168135
1524,1,0,0,0,168132,168133
1525,1,0,0,0,168130,168131
1526,1,1,0,0,132490,132491
1527,1,0,0,0,168128,168129
1528,1,0,0,0,168126,168127
1529,1,0,0,0,168124,168125
1530,1,0,0,0,168122,168123
1531,1,1,0,0,132492,132493
1533,4,0,0,0,175388,175389
1534,4,1,0,0,144737,144738
1535,4,0,0,0,175386,175387
1536,4,1,0,0,144739,144740
1537,4,1,0,0,144741,144742
1538,4,0,0,0,175384,175385
1539,3,0,0,0,117201,117202
1540,3,0,0,0,117203,117204
1541,3,0,0,0,117205,117206
1542,3,1,0,0,116431,116432
1543,3,0,0,0,117207,117208
1544,3,1,0,0,116433,116434
1545,7,0,0,0,208523,208524
1546,7,0,0,0,208521,208522
1547,3,0,0,0,117209,117210
1548,3,1,0,0,116435,116436
1549,3,0,0,0,117211,117212
1550,3,0,0,0,117213,117214
1551,7,0,0,0,208519,208520
1552,1,0,0,0,168120,168121
1553,1,0,0,0,168118,168119
1554,1,1,0,0,132494,132495
1555,1,0,0,0,168116,168117
1556,1,1,0,0,132496,132497
1557,3,0,0,0,117215,117216
1558,1,0,0,0,168114,168115
1559,1,0,0,0,168112,168113
1561,8,0,0,0,159233,159234
1562,1,0,0,0,168110,168111
1563,1,0,0,0,168108,168109
1564,1,0,0,0,168106,168107
1567,1,1,0,0,132498,132499
1569,1,1,0,0,132500,132501
1570,1,0,0,0,168104,168105
1571,1,1,0,0,132502,132503
1572,1,0,0,0,168102,168103
1574,1,0,0,0,168100,168101
1576,1,1,0,0,132504,132505
1577,1,0,0,0,168098,168099
1578,1,1,0,0,132506,132507
1579,1,0,0,0,168096,168097
1580,1,1,0,0,132508,132509
1581,1,1,0,0,132510,132511
1582,1,0,0,0,168094,168095
1583,1,0,0,0,168092,168093
1584,1,1,0,0,132512,132513
1585,1,0,0,0,168090,168091
1586,1,0,0,0,168088,168089
1587,1,0,0,0,168086,168087
1588,1,1,0,0,132514,132515
1589,1,1,0,0,132516,132517
1590,1,0,0,0,168084,168085
1591,1,0,0,0,168082,168083
1592,1,0,0,0,168080,168081
1593,1,0,0,0,168078,168079
1594,1,0,0,0,168076,168077
1595,1,0,0,0,168074,168075
1596,1,1,0,0,132518,132519
1597,1,0,0,0,168072,168073
1598,1,0,0,0,168070,168071
1599,1,0,0,0,168068,168069
1600,6,1,0,0,136024,136025
1601,1,1,0,0,132540,132541
1602,1,0,0,0,168066,168067
1603,1,0,0,0,168064,168065
1604,3,0,0,0,117217,117218
1605,1,0,0,0,168062,168063
1606,1,1,0,0,132542,132543
1607,1,0,0,0,168060,168061
1608,1,0,0,0,168058,168059
1609,3,0,0,0,117219,117220
1610,1,1,0,0,132544,132545
1611,1,0,0,0,168056,168057
1612,1,0,0,0,168054,168055
1613,1,0,0,0,168052,168053
1614,1,0,0,0,168050,168051
1615,1,0,0,0,168048,168049
1616,1,0,0,0,168046,168047
1617,1,1,0,0,132546,132547
1619,1,1,0,0,132548,132549
1620,1,1,0,0,132550,132551
1621,1,1,0,0,132552,132553
1622,1,1,0,0,132554,132555
1623,1,1,0,0,132556,132557
1624,1,0,0,0,168044,168045
1625,5,1,0,0,147611,147612
1626,1,0,0,0,168042,168043
1628,1,0,0,0,168040,168041
1629,1,1,0,0,132558,132559
1630,1,0,0,0,168038,168039
1631,1,1,0,0,132560,132562
1632,1,1,0,0,132563,132564
1633,1,1,0,0,132565,132566
1634,1,0,0,0,168036,168037
1635,1,0,0,0,168034,168035
1636,1,0,0,0,168032,168033
1637,1,0,0,0,168030,168031
1638,1,0,0,0,168028,168029
1639,1,0,0,0,168010,168011
1640,1,0,0,0,168008,168009
1641,3,0,0,0,117221,117222
1642,3,0,0,0,117223,117224
1643,3,0,0,0,117225,117226
1644,3,0,0,0,117227,117228
1645,3,0,0,0,117229,117230
1646,3,0,0,0,117231,117232
1647,3,0,0,0,117233,117234
1648,3,0,0,0,117235,117236
1649,3,0,0,0,117237,117238
1650,3,0,0,0,117239,117240
1651,3,0,0,0,117241,117242
1652,3,0,0,0,117243,117244
1653,3,0,0,0,117245,117246
1654,3,0,0,0,117247,117248
1655,7,0,0,0,208517,208518
1656,3,1,0,0,116437,116438
1657,3,0,0,0,117249,117250
1658,3,0,0,0,117251,117252
1659,3,0,0,0,117253,117254
1662,3,0,0,0,117255,117256
1663,3,0,0,0,117257,117258
1664,3,0,0,0,117259,117260
1665,3,0,0,0,117261,117262
1666,3,0,0,0,117263,117264
1667,3,0,0,0,117265,117266
1668,3,0,0,0,117267,117268
1669,3,0,0,0,117269,117270
1670,3,0,0,0,117271,117272
1671,3,0,0,0,117273,117274
1672,3,0,0,0,117275,117276
1673,3,0,0,0,117277,117278
1674,3,0,0,0,117279,117280
1675,3,0,0,0,117281,117282
1676,3,0,0,0,117283,117284
1677,4,1,0,0,144743,144744
1678,4,0,0,0,175382,175383
1679,3,0,0,0,117285,117286
1680,3,0,0,0,117287,117288
1681,3,0,0,0,117289,117290
1682,3,0,0,0,117291,117292
1683,3,0,0,0,117293,117294
1684,3,0,0,0,117295,117296
1685,3,0,0,0,117297,117298
1686,3,0,0,0,117299,117300
1687,3,0,0,0,117301,117302
1688,3,0,0,0,117303,117304
1689,3,0,0,0,117305,117306
1690,3,0,0,0,117307,117308
1691,3,0,0,0,117309,117310
1692,3,0,0,0,117311,117312
1694,3,0,0,0,117313,117314
1695,7,0,0,0,208515,208516
1696,3,1,0,0,116439,116440
1698,7,0,0,0,208513,208514
1699,6,0,0,0,114600,114601
1700,2,0,0,0,173631,173632
1701,3,0,0,0,117315,117316
1702,1,0,0,0,168006,168007
1703,1,0,0,0,168004,168005
1704,1,0,0,0,168002,168003
1705,1,1,0,0,132567,132568
1706,1,1,0,0,132572,132573
1707,3,0,0,0,117317,117318
1708,1,1,0,0,132574,132575
1709,1,0,0,0,168000,168001
1710,3,0,0,0,117319,117320
1711,1,1,0,0,132576,132577
1712,3,0,0,0,117321,117322
1713,3,0,0,0,117323,117324
1714,7,0,0,0,208511,208512
1715,3,0,0,0,117325,117326
1716,1,0,0,0,167998,167999
1717,1,0,0,0,167996,167997
1718,3,0,0,0,117327,117328
1719,1,0,0,0,167994,167995
1720,1,0,0,0,167992,167993
1721,1,1,0,0,132578,132579
1722,1,0,0,0,167990,167991
1723,1,1,0,0,132580,132581
1724,1,0,0,0,167988,167989
1725,1,0,0,0,167986,167987
1726,1,0,0,0,167984,167985
1727,7,0,0,0,208509,208510
1728,3,0,0,0,117329,117330
1729,1,0,0,0,167982,167983
1730,3,0,0,0,117331,117332
1731,3,0,0,0,117333,117334
1732,3,0,0,0,117335,117336
1733,3,0,0,0,117337,117338
1734,3,0,0,0,117339,117340
1735,3,0,0,0,117341,117342
1736,3,0,0,0,117343,117344
1737,3,0,0,0,117345,117346
1738,3,0,0,0,117347,117348
1739,7,0,0,0,208507,208508
1740,1,0,0,0,167980,167981
1741,1,0,0,0,167978,167979
1742,1,1,0,0,132582,132583
1743,1,1,0,0,132584,132585
1744,1,0,0,0,167976,167977
1745,3,0,0,0,117349,117350
1746,3,0,0,0,117351,117352
1747,3,1,0,0,116441,116442
1748,3,0,0,0,118021,118022
1749,3,0,0,0,118023,118024
1750,1,0,0,0,167974,167975
1751,1,0,0,0,167972,167973
1752,5,0,0,0,191252,191253
1753,5,0,0,0,191250,191251
1760,5,0,0,0,191248,191249
1761,1,0,0,0,167970,167971
1762,1,0,0,0,167968,167969
1763,1,0,0,0,167966,167967
1764,2,0,0,0,173629,173630
1765,2,0,0,0,173627,173628
1766,2,0,0,0,173625,173626
1767,3,0,0,0,118025,118026
1768,5,0,0,0,191246,191247
1769,5,0,0,0,191244,191245
1770,5,1,0,0,147613,147614
1771,5,1,0,0,147615,147616
1772,5,0,0,0,191242,191243
1773,2,0,0,0,173623,173624
1774,5,1,0,0,147617,147618
1775,5,0,0,0,191240,191241
1776,5,0,0,0,191238,191239
1777,5,0,0,0,191236,191237
1778,3,0,0,0,118027,118028
1779,3,0,0,0,118029,118030
1780,3,0,0,0,0,118032
1781,5,1,0,0,147619,147620
1782,5,1,0,0,147621,147622
1783,5,0,0,0,191234,191235
1784,1,0,0,0,167964,167965
1785,1,0,0,0,167962,167963
1786,5,0,0,0,191232,191233
1787,1,0,0,0,167960,167961
1788,1,0,0,0,167958,167959
1789,5,0,0,0,191230,191231
1790,5,0,0,0,191228,191229
1791,1,0,0,0,167956,167957
1792,1,0,0,0,167954,167955
1793,5,1,0,0,147623,147624
1794,5,0,0,0,191226,191227
1795,5,0,0,0,191224,191225
1796,5,0,0,0,191222,191223
1797,5,1,0,0,147625,147626
1798,5,1,0,0,147627,147628
1799,3,0,0,0,118033,118034
1800,3,0,0,0,118035,118036
1801,5,1,0,0,147629,147630
1802,5,0,0,0,191220,191221
1803,5,1,0,0,147631,147632
1804,1,0,0,0,167952,167953
1805,6,0,0,0,114602,114603
1806,1,0,0,0,167950,167951
1807,1,0,0,0,167948,167949
1808,1,0,0,0,167946,167947
1809,1,0,0,0,167944,167945
1810,6,0,0,0,114604,114605
1811,1,0,0,0,167942,167943
1812,1,1,0,0,132586,132587
1813,1,0,0,0,167940,167941
1814,3,0,0,0,118037,118038
1815,1,0,0,0,167938,167939
1816,7,0,0,0,208505,208506
1817,7,1,0,0,118556,118557
1818,2,1,0,0,112937,112938
1819,1,0,0,0,167936,167937
1820,1,1,0,0,132588,132589
1821,1,0,0,0,167934,167935
1822,7,1,0,0,118558,118559
1823,7,0,0,0,208503,208504
1824,1,0,0,0,167932,167933
1825,1,0,0,0,167930,167931
1826,1,1,0,0,132590,132591
1827,7,0,0,0,208501,208502
1828,7,1,0,0,118560,118561
1829,1,0,0,0,167928,167929
1830,1,0,0,0,167926,167927
1832,1,0,0,0,167924,167925
1833,3,0,0,0,118039,118040
1834,3,0,0,0,118041,118042
1835,3,0,0,0,118043,118044
1836,1,0,0,0,167922,167923
1837,1,0,0,0,167920,167921
1838,1,0,0,0,167918,167919
1839,1,1,0,0,132592,132593
1840,7,0,0,0,208499,208500
1841,7,1,0,0,118562,118563
1843,5,1,0,0,147633,147634
1844,3,0,0,0,118045,118046
1845,3,0,0,0,118047,118048
1846,3,0,0,0,118049,118050
1847,1,0,0,0,167916,167917
1848,3,0,0,0,118051,118052
1849,1,1,0,0,132594,132595
1850,1,0,0,0,167914,167915
1851,3,0,0,0,118053,118054
1852,1,1,0,0,132596,132597
1853,3,0,0,0,118055,118056
1854,3,0,0,0,118057,118058
1855,1,0,0,0,167912,167913
1856,1,0,0,0,167910,167911
1857,1,1,0,0,132598,132599
1858,2,0,0,0,173621,173622
1859,2,0,0,0,173619,173620
1860,2,0,0,0,173617,173618
1861,7,0,0,0,208497,208498
1862,8,0,0,0,159231,159232
1863,2,0,0,0,173615,173616
1864,1,0,0,0,167908,167909
1865,1,1,0,0,132600,132601
1866,1,0,0,0,167906,167907
1867,1,0,0,0,167904,167905
1868,1,1,0,0,132602,132603
1869,1,0,0,0,167902,167903
1870,1,0,0,0,167900,167901
1871,1,1,0,0,132604,132605
1872,1,0,0,0,167898,167899
1873,1,1,0,0,132606,132607
1874,1,0,0,0,167896,167897
1875,1,0,0,0,167894,167895
1876,1,1,0,0,132608,132609
1877,1,0,0,0,167892,167893
1878,1,0,0,0,167890,167891
1879,1,0,0,0,167888,167889
1880,1,0,0,0,167886,167887
1881,1,0,0,0,167884,167885
1882,1,0,0,0,167882,167883
1883,1,0,0,0,167880,167881
1884,1,0,0,0,167878,167879
1885,1,0,0,0,167876,167877
1886,1,0,0,0,167874,167875
1887,1,1,0,0,132610,132611
1888,1,0,0,0,167872,167873
1889,1,0,0,0,167870,167871
1890,1,0,0,0,167868,167869
1891,1,0,0,0,167866,167867
1892,1,0,0,0,167864,167865
1893,1,1,0,0,132612,132613
1894,1,0,0,0,167862,167863
1895,1,0,0,0,167860,167861
1896,1,1,0,0,132614,132615
1897,1,1,0,0,132616,132617
1898,1,0,0,0,167858,167859
1899,1,0,0,0,167856,167857
1900,5,1,0,0,147635,147636
1901,5,1,0,0,147637,147638
1902,5,0,0,0,185506,185507
1903,5,0,0,0,185504,185505
1904,5,1,0,0,147639,147640
1905,5,0,0,0,185502,185503
1906,5,0,0,0,185500,185501
1907,5,1,0,0,147641,147642
1908,1,1,0,0,132618,132619
1909,5,1,0,0,147643,147644
1910,1,0,0,0,167854,167855
1911,1,0,0,0,167852,167853
1912,5,0,0,0,185035,185036
1913,5,1,0,0,147645,147646
1914,1,0,0,0,167850,167851
1915,1,0,0,0,167848,167849
1916,1,0,0,0,167846,167847
1917,1,0,0,0,167844,167845
1918,5,0,0,0,185498,185499
1919,1,0,0,0,167842,167843
1920,5,0,0,0,185496,185497
1921,2,0,0,0,173613,173614
1922,5,0,0,0,185494,185495
1923,5,0,0,0,185492,185493
1924,5,0,0,0,185490,185491
1925,5,1,0,0,147647,147648
1926,5,0,0,0,185488,185489
1927,5,0,0,0,185486,185487
1928,5,0,0,0,185484,185485
1929,5,0,0,0,185482,185483
1930,5,0,0,0,185480,185481
1931,3,0,0,0,118059,118060
1932,1,0,0,0,167840,167841
1933,2,0,0,0,173611,173612
1934,2,0,0,0,173609,173610
1935,2,0,0,0,173607,173608
1936,2,0,0,0,173605,173606
1937,1,0,0,0,167838,167839
1938,1,1,0,0,132620,132621
1939,1,0,0,0,167836,167837
1940,1,0,0,0,167834,167835
1941,1,0,0,0,167832,167833
1942,1,0,0,0,167830,167831
1943,1,1,0,0,132622,132623
1944,1,0,0,0,167828,167829
1945,1,0,0,0,167826,167827
1946,1,1,0,0,132624,132625
1947,1,0,0,0,167824,167825
1948,1,0,0,0,167822,167823
1949,3,0,0,0,118061,118062
1950,1,0,0,0,0,167821
1951,1,0,0,0,167818,167819
1952,1,0,0,0,167816,167817
1954,1,0,0,0,167814,167815
1955,1,1,0,0,132626,132627
1957,1,0,0,0,167812,167813
1958,1,0,0,0,167810,167811
1959,1,1,0,0,132628,132629
1960,1,0,0,0,167808,167809
1961,1,1,0,0,132630,132631
1962,1,0,0,0,167806,167807
1963,1,1,0,0,132632,132633
1964,1,0,0,0,167804,167805
1965,1,1,0,0,132634,132635
1966,1,0,0,0,167802,167803
1967,1,1,0,0,132636,132637
1968,1,0,0,0,167800,167801
1969,1,0,0,0,167798,167799
1970,1,0,0,0,167796,167797
1971,1,1,0,0,132638,132639
1972,1,0,0,0,167794,167795
1974,1,1,0,0,132640,132641
1975,1,0,0,0,167792,167793
1976,1,1,0,0,132642,132643
1977,1,0,0,0,167790,167791
1978,1,0,0,0,167788,167789
1979,1,1,0,0,132644,132645
1980,7,0,0,0,208495,208496
1981,5,0,0,0,191218,191219
1982,1,0,0,0,167786,167787
1983,1,1,0,0,132646,132647
1984,2,0,0,0,173603,173604
1985,2,0,0,0,173601,173602
1986,2,0,0,0,173599,173600
1987,2,0,0,0,173597,173598
1988,2,0,0,0,173595,173596
1989,2,0,0,0,173593,173594
1990,2,0,0,0,173591,173592
1991,2,0,0,0,173589,173590
1992,2,0,0,0,173587,173588
1993,2,0,0,0,173585,173586
1994,2,0,0,0,173583,173584
1995,2,0,0,0,173581,173582
1996,2,0,0,0,173579,173580
1997,2,0,0,0,173577,173578
1998,2,1,0,0,112935,112936
1999,2,0,0,0,173575,173576
2000,2,0,0,0,173573,173574
2001,2,0,0,0,173571,173572
2002,2,0,0,0,173569,173570
2003,3,0,0,0,118063,118064
2004,3,0,0,0,118065,118066
2006,2,0,0,0,173567,173568
2007,2,0,0,0,173565,173566
2008,3,0,0,0,118067,118068
2009,1,1,0,0,132650,132651
2010,3,0,0,0,118069,118070
2011,3,1,0,0,116443,116444
2012,3,1,0,0,116460,116461
2013,3,0,0,0,118071,118072
2014,3,1,0,0,116462,116463
2015,1,0,0,0,167784,167785
2016,3,0,0,0,118073,118074
2017,2,0,0,0,173563,173564
2018,6,1,0,0,136026,136027
2019,6,0,0,0,114606,114607
2020,6,1,0,0,136028,136029
2021,6,0,0,0,114608,114609
2022,6,0,0,0,114610,114611
2023,6,0,0,0,114612,114613
2024,6,0,0,0,114614,114615
2025,6,0,0,0,114616,114617
2026,6,0,0,0,114618,114619
2028,6,1,0,0,136030,136031
2029,6,1,0,0,136032,136033
2030,6,1,0,0,136034,136035
2031,6,0,0,0,114620,114621
2032,6,0,0,0,114622,114623
2033,6,0,0,0,114624,114625
2034,6,1,0,0,136036,136037
2035,6,0,0,0,114626,114627
2036,3,0,0,0,118075,118076
2037,3,0,0,0,118077,118078
2038,3,1,0,0,116464,116465
2040,4,0,0,0,175380,175381
2041,4,0,0,0,175378,175379
2042,3,1,0,0,116466,116467
2044,6,1,0,0,136038,136039
2045,4,1,0,0,144745,144746
2046,6,0,0,0,114628,114629
2047,6,0,0,0,114630,114631
2048,6,0,0,0,114632,114633
2049,6,0,0,0,114634,114635
2050,6,0,0,0,114636,114637
2051,6,1,0,0,136040,136041
2052,6,0,0,0,114638,114639
2053,6,1,0,0,136042,136043
2054,6,0,0,0,114640,114641
2055,6,0,0,0,114642,114643
2056,6,0,0,0,114644,114645
2057,6,0,0,0,114646,114647
2058,6,0,0,0,114648,114649
2059,6,0,0,0,114650,114651
2060,6,1,0,0,136044,136045
2061,6,1,0,0,136046,136047
2062,6,0,0,0,114652,114653
2063,6,0,0,0,114654,114655
2064,6,0,0,0,114656,114657
2065,6,1,0,0,136048,136049
2066,6,0,0,0,114658,114659
2067,6,0,0,0,114660,114661
2068,6,0,0,0,114662,114663
2069,6,0,0,0,114664,114665
2070,6,0,0,0,114666,114667
2071,6,0,0,0,114668,114669
2072,6,0,0,0,114670,114671
2073,6,0,0,0,114672,114673
2074,6,0,0,0,114674,114675
2075,6,1,0,0,136050,136051
2076,6,0,0,0,114676,114677
2077,6,0,0,0,114678,114679
2078,6,0,0,0,114680,114681
2079,6,0,0,0,114682,114683
2080,6,0,0,0,114684,114685
2081,1,0,0,0,167782,167783
2082,1,1,0,0,132652,132653
2083,1,0,0,0,167780,167781
2084,1,1,0,0,132654,132655
2085,5,0,0,0,191216,191217
2086,1,0,0,0,167778,167779
2087,1,1,0,0,132656,132657
2088,1,0,0,0,167776,167777
2089,1,1,0,0,132658,132659
2091,3,0,0,0,118079,118080
2092,3,0,0,0,118081,118082
2093,3,1,0,0,116468,116469
2094,3,1,0,0,116470,116471
2095,3,1,0,0,116472,116473
2096,3,0,0,0,118083,118084
2098,5,0,0,0,191214,191215
2099,6,0,0,0,114686,114687
2100,6,0,0,0,114688,114689
2101,2,0,0,0,173561,173562
2102,6,0,0,0,114690,114691
2103,2,0,0,0,173559,173560
2104,6,1,0,0,136052,136053
2105,2,0,0,0,173557,173558
2106,2,1,0,0,112933,112934
2107,2,0,0,0,173555,173556
2108,5,0,0,0,191212,191213
2109,2,0,0,0,173553,173554
2110,5,0,0,0,191210,191211
2111,2,0,0,0,173551,173552
2112,2,0,0,0,173549,173550
2113,2,0,0,0,173547,173548
2114,2,0,0,0,173545,173546
2115,5,0,0,0,191208,191209
2116,5,0,0,0,191206,191207
2117,5,1,0,0,147649,147650
2118,5,0,0,0,191204,191205
2119,5,0,0,0,191202,191203
2120,5,1,0,0,147651,147652
2121,2,0,0,0,173543,173544
2122,2,0,0,0,173541,173542
2123,6,1,0,0,136054,136055
2124,2,0,0,0,173539,173540
2125,2,0,0,0,173537,173538
2126,6,0,0,0,114692,114693
2127,2,0,0,0,173535,173536
2128,3,0,0,0,118085,118086
2129,6,1,0,0,136056,136057
2130,5,0,0,0,191200,191201
2131,5,0,0,0,191198,191199
2132,2,0,0,0,173533,173534
2133,2,0,0,0,173531,173532
2134,5,0,0,0,191196,191197
2135,5,0,0,0,191194,191195
2136,5,1,0,0,147653,147654
2137,6,0,0,0,114694,114695
2138,2,0,0,0,173529,173530
2139,2,0,0,0,173527,173528
2140,4,1,0,0,144747,144748
2141,2,0,0,0,173525,173526
2142,2,0,0,0,173523,173524
2144,6,0,0,0,114696,114697
2145,2,0,0,0,173521,173522
2148,2,1,0,0,112931,112932
2149,6,1,0,0,136058,136059
2150,4,0,0,0,175376,175377
2151,6,0,0,0,114698,114699
2152,2,1,0,0,112929,112930
2153,6,1,0,0,136060,136061
2154,6,0,0,0,114700,114701
2155,1,1,0,0,132660,132661
2156,3,0,0,0,118087,118088
2157,3,0,0,0,118089,118090
2158,1,1,0,0,132662,132663
2159,1,0,0,0,167774,167775
2160,3,0,0,0,118091,118092
2161,3,0,0,0,118093,118094
2162,3,0,0,0,118095,118096
2163,1,0,0,0,167772,167773
2164,3,0,0,0,118097,118098
2165,3,0,0,0,118099,118100
2166,6,0,0,0,114702,114703
2167,1,1,0,0,132664,132665
2168,1,0,0,0,167770,167771
2169,3,0,0,0,118101,118102
2170,1,0,0,0,167768,167769
2171,1,1,0,0,132666,132667
2172,1,0,0,0,167766,167767
2173,3,0,0,0,118103,118104
2174,1,0,0,0,167762,167763
2175,3,0,0,0,118105,118106
2176,1,0,0,0,167760,167761
2177,3,0,0,0,118107,118108
2178,1,0,0,0,167758,167759
2179,1,0,0,0,167756,167757
2180,1,1,0,0,132668,132669
2181,3,0,0,0,118109,118110
2182,3,0,0,0,118111,118112
2183,1,0,0,0,167754,167755
2184,1,0,0,0,167752,167753
2185,1,1,0,0,132670,132671
2186,3,0,0,0,118113,118114
2187,1,1,0,0,132672,132673
2188,3,0,0,0,118115,118116
2189,1,0,0,0,167750,167751
2190,1,1,0,0,132674,132675
2191,1,0,0,0,167748,167749
2192,3,0,0,0,118117,118118
2193,1,0,0,0,167746,167747
2194,1,0,0,0,167744,167745
2195,1,1,0,0,132676,132677
2196,5,1,0,0,147655,147656
2197,5,1,0,0,147657,147658
2198,1,0,0,0,167742,167743
2199,1,0,0,0,167740,167741
2200,5,0,0,0,191192,191193
2201,1,1,0,0,132678,132679
2202,2,0,0,0,173519,173520
2203,2,0,0,0,173517,173518
2204,2,0,0,0,173515,173516
2205,2,1,0,0,112927,112928
2206,3,0,0,0,310728,310729
2207,2,0,0,0,173513,173514
2208,1,0,0,0,167738,167739
2209,1,0,0,0,167736,167737
2210,1,0,0,0,167734,167735
2211,1,1,0,0,132680,132681
2212,3,0,0,0,310730,310731
2213,3,0,0,0,310732,310733
2214,3,0,0,0,310734,310735
2215,1,0,0,0,167732,167733
2216,1,1,0,0,132682,132683
2217,1,0,0,0,167730,167731
2219,3,0,0,0,310736,310737
2220,3,0,0,0,310738,310739
2221,5,0,0,0,191190,191191
2222,1,0,0,0,167728,167729
2223,2,1,0,0,112925,112926
2224,1,0,0,0,167726,167727
2225,1,0,0,0,167724,167725
2226,1,0,0,0,167722,167723
2227,1,0,0,0,167720,167721
2228,1,1,0,0,132684,132685
2229,1,1,0,0,132686,132687
2230,1,1,0,0,132688,132690
2231,1,1,0,0,132692,132693
2232,1,0,0,0,167718,167719
2233,1,0,0,0,167716,167717
2234,1,0,0,0,167714,167715
2235,1,0,0,0,167712,167713
2236,1,1,0,0,132694,132695
2238,1,0,0,0,167710,167711
2239,1,0,0,0,167708,167709
2241,8,1,0,0,178119,178120
2242,8,0,0,0,159229,159230
2243,8,1,0,0,178117,178118
2244,8,0,0,0,159227,159228
2245,8,0,0,0,159225,159226
2246,8,1,0,0,178115,178116
2247,8,1,0,0,178113,178114
2248,8,0,0,0,159223,159224
2249,8,1,0,0,178111,178112
2250,8,0,0,0,159221,159222
2251,8,1,0,0,178109,178110
2252,8,0,0,0,159219,159220
2253,8,1,0,0,178107,178108
2254,8,0,0,0,159217,159218
2255,5,1,0,0,147659,147660
2256,5,0,0,0,191188,191189
2257,5,0,0,0,191186,191187
2258,5,1,0,0,147661,147662
2259,1,1,0,0,132696,132697
2260,5,0,0,0,191184,191185
2261,5,1,0,0,147663,147664
2262,5,1,0,0,147665,147666
2263,5,0,0,0,191182,191183
2264,5,0,0,0,191169,191170
2266,5,1,0,0,147667,147668
2267,5,1,0,0,147669,147670
2268,5,0,0,0,191167,191168
2269,5,1,0,0,147671,147672
2270,8,0,0,0,159215,159216
2271,1,0,0,0,167706,167707
2272,1,1,0,0,132698,132699
2273,1,0,0,0,167704,167705
2274,1,1,0,0,132700,132701
2275,1,0,0,0,167702,167703
2276,1,1,0,0,132702,132703
2277,5,0,0,0,191165,191166
2278,1,0,0,0,167700,167701
2279,1,0,0,0,167698,167699
2280,1,0,0,0,167696,167697
2281,1,1,0,0,132704,132705
2282,1,1,0,0,132706,132707
2283,1,1,0,0,132708,132709
2284,1,1,0,0,132710,132711
2285,1,1,0,0,132712,132713
2286,2,0,0,0,173511,173512
2287,2,1,0,0,112923,112924
2288,2,0,0,0,173509,173510
2289,8,0,0,0,159213,159214
2292,5,0,0,0,191163,191164
2293,5,1,0,0,147673,147674
2294,5,0,0,0,191161,191162
2295,5,1,0,0,147675,147676
2296,5,0,0,0,191159,191160
2297,3,0,0,0,310740,310741
2298,1,0,0,0,167694,167695
2300,2,0,0,0,173507,173508
2301,2,1,0,0,112921,112922
2302,8,0,0,0,159211,159212
2303,2,0,0,0,173505,173506
2304,7,0,0,0,208493,208494
2305,7,0,0,0,208491,208492
2306,5,0,0,0,191157,191158
2308,5,1,0,0,147677,147678
2309,5,0,0,0,191155,191156
2311,5,0,0,0,191153,191154
2312,5,0,0,0,191151,191152
2313,5,0,0,0,191149,191150
2314,5,1,0,0,147679,147680
2315,5,1,0,0,147681,147682
2316,5,1,0,0,147683,147684
2317,5,0,0,0,191147,191148
2318,5,1,0,0,147685,147686
2322,8,0,0,0,159209,159210
2323,8,0,0,0,159207,159208
2324,8,0,0,0,159205,159206
2325,8,0,0,0,159203,159204
2326,8,0,0,0,159201,159202
2327,8,0,0,0,159199,159200
2328,8,0,0,0,159197,159198
2329,8,1,0,0,178105,178106
2330,8,0,0,0,159195,159196
2331,8,0,0,0,159193,159194
2332,8,1,0,0,178103,178104
2333,8,0,0,0,159191,159192
2334,8,0,0,0,159189,159190
2335,8,0,0,0,159187,159188
2336,8,1,0,0,178101,178102
2337,8,0,0,0,159185,159186
2338,8,1,0,0,178099,178100
2339,8,1,0,0,178097,178098
2340,8,1,0,0,178095,178096
2341,8,1,0,0,178093,178094
2342,8,0,0,0,159183,159184
2343,8,0,0,0,159181,159182
2344,8,0,0,0,159179,159180
2345,8,0,0,0,159177,159178
2346,8,0,0,0,159175,159176
2347,8,0,0,0,159173,159174
2348,8,0,0,0,159171,159172
2349,8,0,0,0,159169,159170
2350,8,0,0,0,159167,159168
2351,8,0,0,0,159165,159166
2352,8,0,0,0,159163,159164
2353,8,0,0,0,159161,159162
2354,5,0,0,0,191145,191146
2355,3,0,0,0,185478,185479
2356,4,1,0,0,144749,144750
2357,5,0,0,0,191143,191144
2358,5,0,0,0,191141,191142
2359,5,1,0,0,147687,147688
2360,5,1,0,0,147689,147690
2361,3,0,0,0,310742,310743
2362,3,0,0,0,310744,310745
2363,3,0,0,0,310746,310747
2364,3,0,0,0,310748,310749
2365,3,1,0,0,116474,116475
2366,3,1,0,0,116476,116477
2367,3,1,0,0,116478,116479
2368,3,1,0,0,116480,116481
2369,5,0,0,0,191139,191140
2370,5,1,0,0,147691,147692
2371,5,1,0,0,147693,147694
2372,5,0,0,0,191137,191138
2373,5,0,0,0,191135,191136
2374,5,1,0,0,147695,147696
2375,5,1,0,0,147697,147698
2376,5,0,0,0,191133,191134
2377,5,0,0,0,191131,191132
2378,5,1,0,0,147699,147700
2379,5,1,0,0,147701,147702
2380,5,0,0,0,191129,191130
2381,5,1,0,0,147703,147704
2382,5,0,0,0,191127,191128
2383,1,0,0,0,167692,167693
2384,1,0,0,0,167690,167691
2388,1,0,0,0,167688,167689
2389,1,0,0,0,167686,167687
2390,1,1,0,0,132714,132715
2391,1,1,0,0,132716,132717
2392,5,1,0,0,147705,147706
2393,5,0,0,0,191125,191126
2394,1,1,0,0,132718,132719
2395,5,1,0,0,147707,147708
2396,2,0,0,0,173503,173504
2397,5,0,0,0,191123,191124
2398,5,1,0,0,147709,147710
2399,5,0,0,0,191121,191122
2400,5,0,0,0,191119,191120
2401,5,1,0,0,147711,147712
2402,1,0,0,0,167684,167685
2403,1,1,0,0,132720,132721
2404,1,1,0,0,132722,132723
2405,5,0,0,0,191117,191118
2406,5,0,0,0,185033,185034
2407,4,0,0,0,175374,175375
2408,5,1,0,0,147713,147714
2410,4,0,0,0,175372,175373
2411,4,0,0,0,175370,175371
2412,4,0,0,0,175368,175369
2413,4,0,0,0,175366,175367
2414,4,0,0,0,175364,175365
2415,4,0,0,0,175362,175363
2416,4,0,0,0,175360,175361
2417,4,1,0,0,144751,144752
2418,4,0,0,0,175358,175359
2420,5,0,0,0,191115,191116
2421,4,0,0,0,175356,175357
2422,4,0,0,0,175354,175355
2423,4,0,0,0,175352,175353
2424,4,0,0,0,175350,175351
2425,5,0,0,0,191113,191114
2426,5,1,0,0,147715,147716
2427,5,1,0,0,147717,147718
2428,5,1,0,0,147719,147720
2429,5,0,0,0,191111,191112
2430,5,1,0,0,147721,147722
2431,4,1,0,0,144753,144754
2432,4,0,0,0,175348,175349
2433,4,0,0,0,175346,175347
2434,4,1,0,0,144755,144756
2435,4,1,0,0,144757,144758
2436,4,0,0,0,175344,175345
2437,2,0,0,0,173501,173502
2438,2,0,0,0,173499,173500
2439,2,1,0,0,112918,112919
2440,2,1,0,0,112916,112917
2441,2,0,0,0,173497,173498
2442,2,1,0,0,112914,112915
2443,2,0,0,0,173495,173496
2444,2,1,0,0,112912,112913
2445,2,0,0,0,173493,173494
2446,2,1,0,0,112910,112911
2447,2,0,0,0,173491,173492
2448,2,0,0,0,173489,173490
2449,2,1,0,0,112908,112909
2450,2,0,0,0,173487,173488
2451,2,1,0,0,112906,112907
2452,4,0,0,0,175342,175343
2453,2,0,0,0,173485,173486
2454,2,0,0,0,173483,173484
2455,2,0,0,0,173481,173482
2456,2,0,0,0,173479,173480
2457,2,0,0,0,173477,173478
2458,2,0,0,0,173475,173476
2459,2,0,0,0,173473,173474
2460,4,0,0,0,175340,175341
2461,4,0,0,0,175338,175339
2462,4,0,0,0,175336,175337
2463,4,0,0,0,175334,175335
2464,4,0,0,0,175332,175333
2465,4,1,0,0,144759,144760
2466,4,0,0,0,175330,175331
2468,1,1,0,0,132724,132725
2469,3,0,0,0,310750,310751
2470,1,1,0,0,132726,132727
2471,3,0,0,0,310752,310753
2472,1,0,0,0,167682,167683
2473,1,1,0,0,132728,132729
2474,3,0,0,0,310754,310755
2475,8,1,0,0,178091,178092
2476,1,0,0,0,167680,167681
2477,3,0,0,0,310756,310757
2478,3,0,0,0,310758,310759
2479,2,0,0,0,173471,173472
2480,8,0,0,0,159159,159160
2481,1,0,0,0,167678,167679
2482,1,1,0,0,132730,132731
2483,8,0,0,0,159157,159158
2485,8,0,0,0,159155,159156
2486,4,0,0,0,175328,175329
2487,4,1,0,0,144761,144762
2488,8,1,0,0,178089,178090
2489,4,1,0,0,144763,144764
2490,8,1,0,0,178087,178088
2491,8,1,0,0,178085,178086
2492,4,1,0,0,144765,144766
2493,2,1,0,0,112904,112905
2494,4,1,0,0,144767,144768
2495,4,0,0,0,175326,175327
2496,2,0,0,0,173469,173470
2497,4,1,0,0,144769,144770
2498,8,0,0,0,159153,159154
2499,8,1,0,0,178083,178084
2500,4,0,0,0,175324,175325
2501,8,0,0,0,159151,159152
2502,8,0,0,0,159149,159150
2503,8,0,0,0,159147,159148
2504,2,0,0,0,173467,173468
2505,2,0,0,0,173465,173466
2506,2,0,0,0,173463,173464
2507,4,1,0,0,144771,144772
2508,4,0,0,0,175322,175323
2509,4,1,0,0,144773,144774
2510,4,0,0,0,175320,175321
2511,4,0,0,0,175318,175319
2512,8,1,0,0,178081,178082
2513,4,1,0,0,144775,144776
2514,2,1,0,0,112902,112903
2515,2,1,0,0,112900,112901
2516,4,0,0,0,175316,175317
2517,4,0,0,0,175314,175315
2518,4,1,0,0,144777,144778
2519,8,0,0,0,159145,159146
2523,5,0,0,0,191109,191110
2524,5,1,0,0,147723,147724
2525,5,0,0,0,191107,191108
2526,5,0,0,0,191105,191106
2528,2,0,0,0,173461,173462
2529,2,1,0,0,112898,112899
2530,6,0,0,0,114704,114705
2531,6,1,0,0,136062,136063
2532,1,1,0,0,132732,132733
2533,1,1,0,0,132736,132737
2534,4,0,0,0,175312,175313
2535,1,0,0,0,167676,167677
2536,1,0,0,0,167674,167675
2537,1,0,0,0,167672,167673
2538,1,1,0,0,132738,132739
2539,1,1,0,0,132740,132741
2540,1,0,0,0,167670,167671
2541,1,0,0,0,167668,167669
2542,1,1,0,0,132742,132743
2543,1,1,0,0,132744,132745
2544,1,0,0,0,167666,167667
2545,1,1,0,0,132746,132747
2546,7,0,0,0,208489,208490
2547,7,0,0,0,208487,208488
2548,7,0,0,0,208485,208486
2549,6,0,0,0,114706,114707
2550,6,0,0,0,114708,114709
2551,4,1,0,0,144779,144780
2552,4,0,0,0,175310,175311
2553,2,0,0,0,173459,173460
2554,2,0,0,0,173457,173458
2555,2,0,0,0,173455,173456
2556,6,0,0,0,114710,114711
2557,2,0,0,0,173453,173454
2558,2,0,0,0,173451,173452
2559,6,0,0,0,114712,114713
2560,6,0,0,0,114714,114715
2562,6,0,0,0,114716,114717
2563,2,0,0,0,173449,173450
2564,6,0,0,0,114718,114719
2565,6,1,0,0,136064,136065
2566,6,0,0,0,114720,114721
2567,6,0,0,0,114722,114723
2568,6,1,0,0,136066,136067
2569,6,0,0,0,114724,114725
2570,6,0,0,0,114726,114727
2572,6,0,0,0,114504,114505
2573,6,0,0,0,114502,114503
2574,4,1,0,0,144781,144782
2575,4,0,0,0,175308,175309
2576,4,0,0,0,0,175307
2577,6,0,0,0,114500,114501
2578,6,1,0,0,136068,136069
2579,6,0,0,0,114498,114499
2580,1,0,0,0,167664,167665
2581,1,0,0,0,167662,167663
2582,4,1,0,0,144783,144784
2583,3,1,0,0,116482,116483
2584,3,0,0,0,310760,310761
2585,7,0,0,0,208483,208484
2586,1,0,0,0,167660,167661
2587,1,0,0,0,167658,167659
2588,1,0,0,0,167656,167657
2589,1,1,0,0,132748,132749
2590,1,1,0,0,132750,132751
2591,1,0,0,0,167654,167655
2592,1,0,0,0,167652,167653
2593,1,0,0,0,167650,167651
2594,1,0,0,0,167648,167649
2595,1,0,0,0,167646,167647
2596,1,0,0,0,167644,167645
2597,1,1,0,0,132752,132753
2598,1,0,0,0,167642,167643
2599,1,0,0,0,167640,167641
2600,1,0,0,0,167638,167639
2601,1,1,0,0,132754,132755
2602,1,0,0,0,167636,167637
2603,1,0,0,0,167634,167635
2604,1,0,0,0,167632,167633
2605,1,1,0,0,132756,132757
2606,1,0,0,0,167630,167631
2607,1,1,0,0,132758,132759
2608,5,0,0,0,191103,191104
2609,5,0,0,0,191101,191102
2620,1,1,0,0,132760,132761
2622,4,1,0,0,144785,144786
2623,4,1,0,0,174163,174164
2624,1,0,0,0,167628,167629
2625,4,1,0,0,174161,174162
2626,2,1,0,0,112896,112897
2627,2,0,0,0,173447,173448
2628,2,1,0,0,112894,112895
2629,2,0,0,0,173445,173446
2630,2,1,0,0,112892,112893
2631,2,1,0,0,112890,112891
2632,2,1,0,0,112888,112889
2633,2,0,0,0,173443,173444
2634,2,0,0,0,173441,173442
2635,2,0,0,0,173439,173440
2636,2,0,0,0,173437,173438
2639,8,0,0,0,159143,159144
2640,2,0,0,0,173435,173436
2641,2,0,0,0,173433,173434
2642,2,0,0,0,173431,173432
2643,2,0,0,0,173429,173430
2644,6,1,0,0,136070,136071
2645,5,0,0,0,191099,191100
2646,5,1,0,0,147725,147726
2647,2,0,0,0,173427,173428
2648,5,1,0,0,147727,147728
2649,2,1,0,0,112886,112887
2650,2,0,0,0,173425,173426
2651,2,0,0,0,173423,173424
2652,2,0,0,0,173419,173420
2653,2,1,0,0,112884,112885
2654,2,0,0,0,173417,173418
2655,2,0,0,0,173415,173416
2656,2,0,0,0,173413,173414
2657,2,0,0,0,173411,173412
2658,2,0,0,0,173409,173410
2660,1,0,0,0,167626,167627
2661,1,0,0,0,167624,167625
2662,1,0,0,0,167622,167623
2663,1,1,0,0,132762,132763
2664,1,0,0,0,167620,167621
2665,1,0,0,0,167618,167619
2666,1,1,0,0,132764,132765
2667,1,0,0,0,167616,167617
2668,1,0,0,0,167614,167615
2669,4,1,0,0,174159,174160
2670,4,0,0,0,175304,175305
2671,4,0,0,0,175302,175303
2672,4,1,0,0,174157,174158
2673,4,0,0,0,175300,175301
2674,4,1,0,0,174155,174156
2675,4,0,0,0,175298,175299
2676,4,0,0,0,175296,175297
2677,4,1,0,0,174153,174154
2678,4,0,0,0,175294,175295
2679,4,0,0,0,175292,175293
2680,4,1,0,0,174151,174152
2681,4,1,0,0,174149,174150
2682,1,1,0,0,132766,132767
2683,1,1,0,0,132769,132771
2684,4,0,0,0,175290,175291
2685,4,0,0,0,175288,175289
2686,1,0,0,0,167612,167613
2687,1,0,0,0,167610,167611
2688,1,0,0,0,167608,167609
2689,1,1,0,0,132772,132773
2690,1,0,0,0,167606,167607
2691,1,1,0,0,132774,132775
2692,1,0,0,0,167604,167605
2693,1,0,0,0,167602,167603
2694,3,0,0,0,208734,208735
2695,1,0,0,0,167600,167601
2696,1,0,0,0,167598,167599
2697,3,0,0,0,208732,208733
2698,1,0,0,0,167596,167597
2700,1,0,0,0,167594,167595
2701,1,0,0,0,167592,167593
2702,1,0,0,0,167590,167591
2703,1,0,0,0,167588,167589
2704,1,0,0,0,167586,167587
2705,1,0,0,0,167584,167585
2706,1,0,0,0,167582,167583
2707,1,0,0,0,167580,167581
2708,1,0,0,0,167578,167579
2709,1,0,0,0,167576,167577
2710,1,0,0,0,167574,167575
2711,1,1,0,0,132776,132777
2712,1,1,0,0,132778,132779
2713,2,0,0,0,173407,173408
2714,2,0,0,0,173405,173406
2715,2,0,0,0,173403,173404
2716,2,0,0,0,173401,173402
2717,2,1,0,0,112882,112883
2718,2,0,0,0,173399,173400
2720,2,0,0,0,173397,173398
2721,2,0,0,0,173395,173396
2722,1,0,0,0,167572,167573
2723,8,0,0,0,159141,159142
2724,8,0,0,0,159139,159140
2725,3,0,0,0,310762,310763
2726,1,0,0,0,167570,167571
2727,2,0,0,0,173393,173394
2728,1,0,0,0,167568,167569
2729,2,1,0,0,112880,112881
2730,1,0,0,0,167566,167567
2731,4,1,0,0,174147,174148
2732,4,0,0,0,175286,175287
2733,4,0,0,0,175284,175285
2734,4,0,0,0,175282,175283
2735,1,0,0,0,167564,167565
2736,4,0,0,0,175280,175281
2737,4,0,0,0,175278,175279
2738,4,1,0,0,174145,174146
2739,2,0,0,0,173391,173392
2740,2,1,0,0,112878,112879
2741,1,1,0,0,132780,132781
2742,1,0,0,0,167562,167563
2743,1,1,0,0,132782,132783
2744,1,0,0,0,167560,167561
2745,2,0,0,0,173389,173390
2746,7,0,0,0,208481,208482
2747,2,0,0,0,173387,173388
2748,2,1,0,0,112876,112877
2749,2,0,0,0,173385,173386
2750,2,1,0,0,112874,112875
2751,2,0,0,0,173383,173384
2752,2,1,0,0,112872,112873
2753,2,0,0,0,173381,173382
2754,2,1,0,0,112870,112871
2755,2,0,0,0,173379,173380
2756,2,1,0,0,112868,112869
2757,2,0,0,0,173377,173378
2758,2,1,0,0,112866,112867
2759,2,0,0,0,173375,173376
2760,2,0,0,0,173373,173374
2761,2,1,0,0,112864,112865
2762,2,1,0,0,112862,112863
2763,2,0,0,0,173371,173372
2765,2,0,0,0,173369,173370
2766,6,0,0,0,114496,114497
2767,6,0,0,0,114494,114495
2768,6,1,0,0,136072,136073
2769,2,0,0,0,173367,173368
2770,2,0,0,0,173365,173366
2771,2,0,0,0,173363,173364
2772,2,0,0,0,173361,173362
2773,2,0,0,0,173359,173360
2774,2,0,0,0,173357,173358
2775,2,1,0,0,112860,112861
2776,2,0,0,0,173355,173356
2777,2,1,0,0,112858,112859
2778,2,1,0,0,112856,112857
2779,2,0,0,0,173353,173354
2780,2,0,0,0,173351,173352
2781,2,1,0,0,112854,112855
2782,2,1,0,0,112852,112853
2783,2,0,0,0,173349,173350
2784,2,1,0,0,112850,112851
2785,2,0,0,0,173347,173348
2786,8,1,0,0,178079,178080
2787,8,1,0,0,178077,178078
2788,8,1,0,0,178075,178076
2789,2,0,0,0,173345,173346
2790,2,0,0,0,173343,173344
2791,2,0,0,0,173341,173342
2792,8,0,0,0,159137,159138
2793,8,1,0,0,178073,178074
2794,2,0,0,0,173339,173340
2795,5,1,0,0,147729,147730
2796,8,0,0,0,159135,159136
2797,1,0,0,0,167558,167559
2799,1,0,0,0,167556,167557
2800,1,1,0,0,132784,132785
2801,1,0,0,0,167554,167555
2802,8,0,0,0,159124,159134
2803,6,1,0,0,136074,136075
2804,8,0,0,0,159122,159123
2805,2,1,0,0,112848,112849
2806,8,0,0,0,159120,159121
2807,6,1,0,0,136076,136077
2808,2,0,0,0,173337,173338
2809,8,0,0,0,159118,159119
2810,6,1,0,0,136078,136079
2811,6,0,0,0,114492,114493
2812,2,0,0,0,173335,173336
2813,2,0,0,0,173333,173334
2814,2,0,0,0,173331,173332
2815,2,1,0,0,112846,112847
2816,2,0,0,0,173329,173330
2817,2,0,0,0,173327,173328
2818,2,0,0,0,173325,173326
2819,2,0,0,0,173323,173324
2820,2,0,0,0,173321,173322
2821,1,0,0,0,167552,167553
2822,2,0,0,0,173319,173320
2823,2,0,0,0,173317,173318
2824,1,0,0,0,167550,167551
2825,1,0,0,0,167548,167549
2826,2,0,0,0,173315,173316
2827,1,0,0,0,167546,167547
2828,1,1,0,0,132786,132787
2829,2,0,0,0,173313,173314
2830,2,0,0,0,173311,173312
2831,2,0,0,0,173309,173310
2832,2,0,0,0,173307,173308
2833,2,0,0,0,173305,173306
2834,2,0,0,0,173303,173304
2835,2,0,0,0,173301,173302
2836,2,0,0,0,173299,173300
2838,8,0,0,0,159116,159117
2839,8,0,0,0,159114,159115
2840,8,0,0,0,159112,159113
2841,8,0,0,0,159110,159111
2842,8,0,0,0,159108,159109
2843,8,0,0,0,159106,159107
2844,8,0,0,0,159104,159105
2845,8,0,0,0,159102,159103
2846,8,0,0,0,159100,159101
2847,8,0,0,0,159098,159099
2848,8,0,0,0,159096,159097
2849,8,0,0,0,159094,159095
2850,8,0,0,0,159092,159093
2851,1,0,0,0,167544,167545
2852,1,0,0,0,167542,167543
2853,2,0,0,0,173297,173298
2854,3,0,0,0,310764,310765
2855,3,0,0,0,310766,310767
2856,3,0,0,0,310768,310769
2857,3,0,0,0,310770,310771
2858,4,0,0,0,175276,175277
2859,1,0,0,0,167540,167541
2860,2,0,0,0,173295,173296
2861,2,1,0,0,112844,112845
2862,6,0,0,0,114490,114491
2863,6,1,0,0,136080,136081
2864,6,0,0,0,114488,114489
2866,8,0,0,0,159090,159091
2867,8,0,0,0,159088,159089
2868,2,0,0,0,173293,173294
2869,2,0,0,0,173265,173266
2870,6,1,0,0,136082,136083
2871,8,0,0,0,159086,159087
2872,8,0,0,0,159084,159085
2873,1,0,0,0,167538,167539
2874,1,1,0,0,132788,132789
2875,1,0,0,0,167536,167537
2876,1,1,0,0,132790,132791
2877,8,0,0,0,159082,159083
2878,8,0,0,0,159080,159081
2879,8,0,0,0,159078,159079
2880,8,0,0,0,159076,159077
2881,8,0,0,0,159074,159075
2882,8,0,0,0,159072,159073
2883,8,0,0,0,159070,159071
2884,8,0,0,0,159068,159069
2885,8,0,0,0,159066,159067
2886,8,0,0,0,159064,159065
2887,3,0,0,0,310772,310773
2888,8,0,0,0,159062,159063
2889,8,0,0,0,159060,159061
2890,3,0,0,0,310774,310775
2891,1,0,0,0,167534,167535
2892,6,0,0,0,114486,114487
2893,5,0,0,0,191097,191098
2894,2,0,0,0,173263,173264
2895,8,0,0,0,159058,159059
2896,1,0,0,0,167532,167533
2897,8,0,0,0,159056,159057
2898,1,0,0,0,167530,167531
2899,5,1,0,0,147731,147732
2900,1,0,0,0,167528,167529
2901,1,0,0,0,167526,167527
2902,1,1,0,0,132792,132793
2903,8,0,0,0,159054,159055
2904,1,1,0,0,132794,132795
2905,1,0,0,0,167524,167525
2906,1,0,0,0,167522,167523
2907,1,1,0,0,132796,132797
2908,1,1,0,0,132798,132799
2909,1,1,0,0,132800,132801
2910,1,0,0,0,167520,167521
2911,1,1,0,0,132802,132803
2912,1,0,0,0,167518,167519
2913,1,0,0,0,167516,167517
2914,2,0,0,0,173261,173262
2915,1,0,0,0,167514,167515
2916,8,0,0,0,159052,159053
2917,1,0,0,0,167512,167513
2918,1,0,0,0,167510,167511
2919,2,0,0,0,173259,173260
2920,6,1,0,0,136084,136085
2921,2,0,0,0,173257,173258
2922,2,1,0,0,112842,112843
2923,2,0,0,0,173255,173256
2924,2,1,0,0,112840,112841
2925,2,0,0,0,173253,173254
2926,2,1,0,0,112838,112839
2927,2,0,0,0,173251,173252
2928,2,0,0,0,173249,173250
2929,2,1,0,0,112836,112837
2930,2,1,0,0,112834,112835
2931,2,0,0,0,173247,173248
2932,2,1,0,0,112832,112833
2933,2,0,0,0,173245,173246
2934,2,1,0,0,112830,112831
2935,8,0,0,0,159050,159051
2936,8,1,0,0,178071,178072
2937,6,0,0,0,114484,114485
2938,7,0,0,0,208479,208480
2939,1,1,0,0,132804,132805
2940,2,0,0,0,173243,173244
2941,2,0,0,0,173241,173242
2960,2,1,0,0,112828,112829
2961,2,0,0,0,173239,173240
2963,2,0,0,0,173237,173238
2964,2,0,0,0,173235,173236
2965,6,0,0,0,114482,114483
2966,2,1,0,0,112826,112827
2980,2,0,0,0,173233,173234
2981,8,0,0,0,159048,159049
2982,8,0,0,0,159046,159047
2985,7,0,0,0,208477,208478
2986,8,0,0,0,159044,159045
2987,8,1,0,0,178069,178070
2988,8,0,0,0,159042,159043
2990,1,1,0,0,132806,132807
2991,8,0,0,0,159040,159041
2992,8,0,0,0,159038,159039
2994,8,0,0,0,159036,159037
3000,1,0,0,0,167508,167509
3020,1,0,0,0,167506,167507
3021,1,0,0,0,167504,167505
3022,1,0,0,0,167502,167503
3023,1,0,0,0,167500,167501
3024,3,0,0,0,118207,118208
3025,1,0,0,0,167498,167499
3026,1,0,0,0,167496,167497
3027,1,0,0,0,167494,167495
3028,1,0,0,0,167492,167493
3029,1,0,0,0,167490,167491
3030,1,0,0,0,167488,167489
3031,1,0,0,0,167486,167487
3032,1,0,0,0,167484,167485
3033,1,1,0,0,132810,132811
3034,3,0,0,0,118209,118210
3035,1,0,0,0,167482,167483
3036,1,1,0,0,132812,132813
3037,4,1,0,0,174143,174144
3038,4,1,0,0,174141,174142
3039,4,1,0,0,174139,174140
3040,4,1,0,0,174137,174138
3041,4,1,0,0,174135,174136
3042,4,1,0,0,174133,174134
3043,4,1,0,0,174131,174132
3044,4,1,0,0,174129,174130
3045,4,1,0,0,174127,174128
3046,4,1,0,0,174125,174126
3047,4,1,0,0,174123,174124
3048,4,1,0,0,174121,174122
3049,1,1,0,0,132814,132815
3050,1,1,0,0,132816,132817
3051,1,1,0,0,132818,132819
3052,1,1,0,0,132820,132821
3053,1,1,0,0,132822,132823
3054,1,1,0,0,132824,132825
3055,1,1,0,0,132826,132827
3056,4,1,0,0,174119,174120
3057,4,1,0,0,174117,174118
3060,7,0,0,0,208475,208476
3061,7,0,0,0,208473,208474
3062,1,0,0,0,167480,167481
3063,1,0,0,0,167478,167479
3080,7,0,0,0,208471,208472
3100,1,0,0,0,167476,167477
3101,3,0,0,0,118211,118212
3102,3,0,0,0,118213,118214
3103,1,1,0,0,132828,132829
3104,1,0,0,0,167474,167475
3105,3,0,0,0,118215,118216
3106,3,0,0,0,118217,118218
3107,3,1,0,0,116484,116485
3108,1,0,0,0,167472,167473
3109,1,1,0,0,132832,132833
3110,7,0,0,0,208469,208470
3111,7,0,0,0,208467,208468
3112,2,0,0,0,173231,173232
3113,2,1,0,0,112991,112992
3114,3,0,0,0,118219,118220
3115,3,0,0,0,118221,118222
3116,3,0,0,0,118223,118224
3117,2,0,0,0,173229,173230
3118,3,0,0,0,118225,118226
3120,1,0,0,0,167470,167471
3121,1,1,0,0,132834,132835
3140,3,0,0,0,118227,118228
3141,2,0,0,0,173227,173228
3142,2,0,0,0,173225,173226
3143,2,0,0,0,173223,173224
3144,2,0,0,0,173221,173222
3145,2,0,0,0,173219,173220
3146,2,0,0,0,173217,173218
3147,2,0,0,0,173215,173216
3148,2,0,0,0,173213,173214
3149,2,0,0,0,173211,173212
3150,2,0,0,0,173209,173210
3151,2,0,0,0,173207,173208
3152,2,0,0,0,173205,173206
3153,1,0,0,0,167468,167469
3154,4,1,0,0,174115,174116
3155,4,0,0,0,175274,175275
3156,1,0,0,0,167466,167467
3157,3,0,0,0,118229,118230
3158,3,0,0,0,118231,118232
3159,3,0,0,0,118233,118234
3160,3,0,0,0,118235,118236
3161,3,0,0,0,118237,118238
3162,3,0,0,0,118239,118240
3163,3,0,0,0,118241,118242
3164,1,0,0,0,167464,167465
3165,2,0,0,0,173203,173204
3166,1,0,0,0,167462,167463
3167,1,1,0,0,132836,132837
3168,2,1,0,0,112989,112990
3169,1,0,0,0,167460,167461
3170,5,1,0,0,147733,147734
3171,3,0,0,0,118243,118244
3172,4,0,0,0,175272,175273
3180,1,0,0,0,167458,167459
3181,3,0,0,0,118245,118246
3183,1,1,0,0,132838,132839
3184,6,0,0,0,114480,114481
3185,7,0,0,0,208465,208466
3186,1,0,0,0,167456,167457
3187,8,0,0,0,159034,159035
3188,3,0,0,0,118247,118248
3189,3,0,0,0,118249,118250
3190,4,1,0,0,174113,174114
3191,1,0,0,0,167454,167455
3192,1,0,0,0,167452,167453
3193,4,0,0,0,175270,175271
3194,2,1,0,0,112987,112988
3195,3,1,0,0,116486,116487
3198,3,0,0,0,118251,118252
3199,2,0,0,0,173201,173202
3201,1,0,0,0,167450,167451
3202,1,1,0,0,132844,132845
3220,3,0,0,0,118253,118254
3221,4,1,0,0,174111,174112
3222,5,0,0,0,191095,191096
3223,3,0,0,0,118255,118256
3224,4,0,0,0,175268,175269
3225,4,0,0,0,175266,175267
3226,4,1,0,0,174109,174110
3227,5,0,0,0,191093,191094
3228,6,0,0,0,114478,114479
3229,1,1,0,0,132846,132847
3230,3,0,0,0,118257,118258
3231,3,0,0,0,118259,118260
3232,1,0,0,0,167448,167449
3233,3,0,0,0,118261,118262
3234,3,0,0,0,118263,118264
3235,7,0,0,0,208463,208464
3236,1,0,0,0,167446,167447
3237,1,0,0,0,167444,167445
3238,1,0,0,0,167442,167443
3239,3,0,0,0,118265,118266
3240,1,0,0,0,167440,167441
3241,1,0,0,0,167438,167439
3242,3,0,0,0,118267,118268
3243,1,0,0,0,167436,167437
3244,1,0,0,0,167434,167435
3245,1,0,0,0,167432,167433
3246,1,0,0,0,167430,167431
3247,3,0,0,0,118269,118270
3248,1,0,0,0,167428,167429
3249,1,0,0,0,167426,167427
3250,1,0,0,0,167424,167425
3251,3,0,0,0,118271,118272
3252,7,0,0,0,208461,208462
3253,7,0,0,0,208459,208460
3254,3,0,0,0,118273,118274
3255,7,1,0,0,118564,118565
3256,7,1,0,0,118566,118567
3257,3,0,0,0,118275,118276
3258,3,1,0,0,116488,116489
3259,3,0,0,0,118277,118278
3260,1,0,0,0,167422,167423
3261,1,1,0,0,132848,132849
3262,7,1,0,0,118568,118569
3263,1,0,0,0,167420,167421
3264,1,1,0,0,132850,132851
3265,1,0,0,0,167418,167419
3267,3,1,0,0,116490,116491
3268,3,0,0,0,118279,118280
3269,7,1,0,0,118570,118571
3270,3,1,0,0,116492,116493
3271,3,0,0,0,118281,118282
3272,3,0,0,0,118283,118284
3274,3,0,0,0,118285,118286
3280,1,0,0,0,167416,167417
3281,4,0,0,0,175264,175265
3282,4,0,0,0,175262,175263
3283,1,0,0,0,167414,167415
3284,1,0,0,0,167412,167413
3285,1,0,0,0,167410,167411
3286,1,0,0,0,167408,167409
3287,1,0,0,0,167406,167407
3288,3,0,0,0,118287,118288
3289,1,0,0,0,167404,167405
3290,4,0,0,0,175260,175261
3291,3,0,0,0,118289,118290
3292,1,0,0,0,167402,167403
3293,1,0,0,0,167400,167401
3294,1,0,0,0,167398,167399
3295,4,0,0,0,175258,175259
3296,4,0,0,0,175256,175257
3297,4,0,0,0,175254,175255
3298,1,0,0,0,167396,167397
3299,1,0,0,0,167394,167395
3300,1,1,0,0,132852,132853
3301,1,0,0,0,167392,167393
3302,1,1,0,0,132854,132855
3303,7,1,0,0,118572,118573
3320,6,0,0,0,114476,114477
3343,1,1,0,0,0,132857
3345,1,0,0,0,0,167391
3346,3,0,0,0,118291,118292
3347,1,0,0,0,0,167389
3348,1,0,0,0,0,167387
3349,1,1,0,0,0,132859
3350,3,0,0,0,118293,118294
3351,1,1,0,0,0,132861
3352,3,1,0,0,116494,116495
3353,1,1,0,0,0,132863
3354,3,0,0,0,118295,118296
3355,1,0,0,0,0,167385
3356,1,1,0,0,0,132865
3357,3,0,0,0,118297,118298
3360,1,0,0,0,167382,167383
3361,5,0,0,0,191091,191092
3380,4,1,0,0,174107,174108
3400,2,0,0,0,173199,173200
3420,6,0,0,0,0,114475
3440,5,0,0,0,191089,191090
3460,3,0,0,0,118299,118300
3462,5,1,0,0,147735,147736
3463,5,0,0,0,191087,191088
3466,5,0,0,0,191085,191086
3481,1,0,0,0,167380,167381
3500,2,0,0,0,173197,173198
3520,4,1,0,0,174105,174106
3521,2,1,0,0,112985,112986
3523,8,0,0,0,159032,159033
3524,2,0,0,0,173195,173196
3525,6,1,0,0,136086,136087
3526,8,0,0,0,159030,159031
3527,6,0,0,0,114472,114473
3528,6,0,0,0,114470,114471
3529,1,1,0,0,132866,132867
3530,1,0,0,0,167378,167379
3531,7,0,0,0,208457,208458
3532,7,0,0,0,0,208456
3533,7,1,0,0,118574,118575
3534,1,0,0,0,167376,167377
3535,1,1,0,0,132868,132869
3536,5,0,0,0,191083,191084
3540,3,0,0,0,118301,118302
3541,7,0,0,0,208453,208454
3560,1,0,0,0,0,167375
3561,6,0,0,0,114468,114469
3562,1,1,0,0,132870,132871
3563,3,0,0,0,118303,118304
3580,7,1,0,0,118576,118577
3581,3,0,0,0,118305,118306
3582,7,0,0,0,208451,208452
3583,7,0,0,0,208449,208450
3584,1,1,0,0,132872,132873
3586,7,0,0,0,208447,208448
3587,7,0,0,0,208445,208446
3588,7,1,0,0,118578,118579
3589,7,0,0,0,208443,208444
3590,3,0,0,0,118307,118308
3591,7,0,0,0,208441,208442
3592,4,1,0,0,174103,174104
3593,4,0,0,0,175252,175253
3594,4,1,0,0,174101,174102
3595,7,0,0,0,208439,208440
3596,4,1,0,0,174099,174100
3597,1,1,0,0,132876,132877
3598,3,0,0,0,118309,118310
3599,7,0,0,0,208437,208438
3600,7,0,0,0,208435,208436
3601,5,0,0,0,191081,191082
3602,5,0,0,0,191079,191080
3603,7,0,0,0,208433,208434
3620,3,0,0,0,118311,118312
3640,6,0,0,0,114466,114467
3641,6,1,0,0,136088,136089
3642,1,1,0,0,132880,132881
3643,1,1,0,1,132882,132883
3660,6,0,0,0,114464,114465
3661,6,1,0,0,136090,136091
3662,5,0,0,0,191077,191078
3663,5,0,0,0,191075,191076
3680,3,0,0,0,118313,118314
3681,1,1,0,0,132884,132885
3682,1,0,0,0,167372,167373
3683,3,0,0,0,118315,118316
3684,1,0,0,0,167370,167371
3685,1,0,0,0,167368,167369
3686,1,0,0,0,167366,167367
3687,1,1,0,0,132886,132887
3688,1,1,0,0,132888,132889
3689,1,0,0,0,167364,167365
3690,1,0,0,0,167362,167363
3691,8,1,0,0,178067,178068
3692,1,1,0,0,132890,132891
3693,1,0,0,0,167360,167361
3694,1,0,0,0,167358,167359
3695,1,0,0,0,167356,167357
3696,1,0,0,0,167354,167355
3697,1,0,0,0,167352,167353
3698,1,1,0,0,132892,132894
3699,1,0,0,0,167350,167351
3700,1,0,0,0,167348,167349
3701,1,1,0,0,132896,132897
3702,3,0,0,0,118317,118318
3703,1,0,0,0,167346,167347
3704,1,1,0,0,132898,132899
3705,1,0,0,0,167344,167345
3706,1,1,0,0,132900,132901
3707,1,1,0,0,132902,132903
3708,3,0,0,0,118319,118320
3709,5,0,0,0,191073,191074
3720,8,0,0,0,159028,159029
3721,8,0,0,0,159026,159027
3722,8,0,0,0,159024,159025
3723,8,0,0,0,159022,159023
3724,8,0,0,0,159020,159021
3725,8,0,0,0,159018,159019
3726,8,0,0,0,159016,159017
3727,8,0,0,0,159014,159015
3728,8,0,0,0,159012,159013
3729,8,0,0,0,159010,159011
3730,8,0,0,0,159008,159009
3740,8,0,0,0,159006,159007
3741,7,0,0,0,208431,208432
3742,3,0,0,0,118321,118322
3760,2,0,0,0,173193,173194
3761,2,0,0,0,173191,173192
3762,2,1,0,0,112983,112984
3763,3,0,0,0,118323,118324
3764,3,0,0,0,118325,118326
3765,3,0,0,0,118327,118328
3766,5,0,0,0,191071,191072
3780,1,0,0,0,167342,167343
3782,2,0,0,0,173187,173188
3783,2,0,0,0,173185,173186
3800,4,1,0,0,174097,174098
3801,4,0,0,0,175250,175251
3802,4,0,0,0,175248,175249
3804,3,0,0,0,118329,118330
3805,5,0,0,0,191069,191070
3820,1,0,0,0,167340,167341
3821,1,0,0,0,167338,167339
3822,1,0,0,0,167336,167337
3823,1,0,0,0,167334,167335
3825,1,0,0,0,167332,167333
3826,1,0,0,0,167330,167331
3827,8,0,0,0,159004,159005
3828,4,0,0,0,175246,175247
3829,2,0,0,0,173183,173184
3830,2,0,0,0,173181,173182
3831,2,0,0,0,173179,173180
3832,2,1,0,0,112981,112982
3833,1,0,0,0,167328,167329
3834,6,0,0,0,114462,114463
3835,8,0,0,0,159002,159003
3836,1,1,0,0,132904,132905
3837,1,0,0,0,167326,167327
3838,1,1,0,0,132906,132907
3839,1,1,0,0,132908,132909
3840,1,1,0,0,132910,132911
3860,1,0,0,0,167324,167325
3861,1,0,0,0,167322,167323
3862,1,1,0,0,132912,132913
3864,1,1,0,0,132914,132915
3865,1,1,0,0,132916,132917
3866,5,0,0,0,191067,191068
3867,5,0,0,0,191065,191066
3868,1,0,0,0,167320,167321
3869,1,1,0,0,132918,132919
3870,1,0,0,0,167318,167319
3871,3,0,0,0,118331,118332
3872,1,1,0,0,132920,132921
3873,3,1,0,0,116496,116497
3874,1,0,0,0,167316,167317
3875,1,1,0,0,132922,132923
3876,1,0,0,0,167314,167315
3877,1,1,0,0,132924,132925
3878,1,0,0,0,167312,167313
3879,1,1,0,0,132926,132927
3880,3,0,0,0,118333,118334
3881,3,1,0,0,116498,116499
3882,1,0,0,0,167310,167311
3883,1,1,0,0,132928,132929
3884,1,0,0,0,167308,167309
3885,1,0,0,0,167306,167307
3886,5,0,0,0,191063,191064
3900,5,0,0,0,191061,191062
3901,6,1,0,0,136092,136093
3902,2,0,0,0,173177,173178
3920,8,0,0,0,159000,159001
3941,1,0,0,0,167304,167305
3942,1,0,0,0,167302,167303
3943,1,1,0,0,132930,132931
3944,1,1,0,0,132932,132933
3960,3,0,0,0,118335,118336
3961,2,1,0,0,112979,112980
3962,2,0,0,0,173175,173176
3963,3,0,0,0,118337,118338
3980,2,0,0,0,173173,173174
3981,2,0,0,0,173171,173172
3982,3,0,0,0,118339,118340
3983,2,0,0,0,173169,173170
3984,3,0,0,0,118341,118342
3985,3,0,0,0,118343,118344
4000,2,0,0,0,173167,173168
4001,2,0,0,0,173165,173166
4002,2,0,0,0,173163,173164
4003,2,0,0,0,173161,173162
4004,2,0,0,0,173159,173160
4005,2,0,0,0,173157,173158
4006,2,0,0,0,173155,173156
4007,2,0,0,0,173153,173154
4008,2,0,0,0,173151,173152
4009,2,0,0,0,173149,173150
4010,2,0,0,0,173147,173148
4011,2,0,0,0,173145,173146
4012,2,0,0,0,173143,173144
4013,2,0,0,0,173141,173142
4014,2,0,0,0,173139,173140
4015,2,0,0,0,173137,173138
4016,2,0,0,0,173135,173136
4017,2,0,0,0,173133,173134
4018,2,0,0,0,173131,173132
4019,3,0,0,0,118345,118346
4020,3,0,0,0,118347,118348
4021,3,0,0,0,118349,118350
4022,3,0,0,0,118351,118352
4023,3,0,0,0,118353,118354
4024,3,0,0,0,118355,118356
4025,3,0,0,0,118357,118358
4026,8,0,0,0,158998,158999
4027,4,1,0,0,174095,174096
4028,3,0,0,0,118359,118360
4029,4,0,0,0,175244,175245
4030,8,1,0,0,178065,178066
4031,5,0,0,0,191059,191060
4032,6,0,0,0,114460,114461
4033,3,0,0,0,118361,118362
4040,4,0,0,0,175242,175243
4041,7,0,0,0,208429,208430
4042,1,0,0,0,0,167301
4043,1,0,0,0,167298,167299
4044,1,1,0,0,132940,132941
4045,1,0,0,0,167296,167297
4047,2,0,0,0,173129,173130
4048,3,0,0,0,118363,118364
4049,3,1,0,0,116500,116501
4067,5,0,0,0,191057,191058
4068,5,1,0,0,147737,147738
4087,1,0,0,0,167294,167295
4088,3,0,0,0,118365,118366
4107,6,0,0,0,114458,114459
4127,5,0,0,0,191055,191056
4128,8,1,0,0,178063,178064
4129,4,0,0,0,175240,175241
4130,4,0,0,0,175238,175239
4147,2,0,0,0,173127,173128
4167,4,1,0,0,174093,174094
4168,4,1,0,0,174091,174092
4187,2,0,0,0,173125,173126
4188,2,0,0,0,173123,173124
4189,2,1,0,0,112977,112978
4190,2,1,0,0,112975,112976
4191,2,0,0,0,173121,173122
4192,2,0,0,0,173119,173120
4193,2,1,0,0,112973,112974
4194,2,1,0,0,112971,112972
4195,2,0,0,0,173117,173118
4196,2,1,0,0,112969,112970
4197,2,0,0,0,173115,173116
4198,2,1,0,0,112967,112968
4199,2,0,0,0,173113,173114
4200,2,1,0,0,112965,112966
4201,2,0,0,0,173111,173112
4202,2,1,0,0,112963,112964
4203,2,0,0,0,173109,173110
4204,2,1,0,0,112961,112962
4205,2,0,0,0,173107,173108
4206,2,1,0,0,112959,112960
4207,2,0,0,0,173105,173106
4208,2,0,0,0,173102,173104
4209,8,0,0,0,158996,158997
4210,8,1,0,0,178061,178062
4211,8,0,0,0,158994,158995
4212,8,1,0,0,178059,178060
4213,8,0,0,0,0,158993
4214,8,0,0,0,158990,158991
4215,8,1,0,0,178057,178058
4216,8,1,0,0,178055,178056
4217,8,0,0,0,158988,158989
4218,8,1,0,0,178053,178054
4219,8,0,0,0,158986,158987
4220,8,0,0,0,158984,158985
4221,8,1,0,0,178051,178052
4222,8,1,0,0,178049,178050
4223,8,0,0,0,158982,158983
4224,8,1,0,0,178047,178048
4225,8,0,0,0,158980,158981
4226,8,1,0,0,178045,178046
4227,8,0,0,0,158978,158979
4228,8,1,0,0,178043,178044
4229,2,0,0,0,173099,173100
4230,1,0,0,0,167292,167293
4231,8,0,0,0,158976,158977
4232,1,1,0,0,132942,132943
4233,8,0,0,0,158974,158975
4234,8,1,0,0,178041,178042
4235,3,1,0,0,116502,116503
4237,8,0,0,0,158972,158973
4238,8,0,0,0,158970,158971
4239,8,0,0,0,158968,158969
4240,7,0,0,0,208427,208428
4241,3,0,0,0,118367,118368
4247,8,0,0,0,158966,158967
4248,8,0,0,0,158964,158965
4249,8,1,0,0,178039,178040
4250,8,1,0,0,178037,178038
4251,8,0,0,0,158962,158963
4252,8,0,0,0,158960,158961
4253,8,1,0,0,178035,178036
4254,8,0,0,0,158958,158959
4255,8,1,0,0,178033,178034
4256,8,1,0,0,178031,178032
4257,8,0,0,0,158956,158957
4258,8,1,0,0,178029,178030
4259,8,0,0,0,158954,158955
4260,8,0,0,0,158952,158953
4261,8,1,0,0,178027,178028
4262,8,1,0,0,178025,178026
4263,8,0,0,0,158950,158951
4264,8,1,0,0,178023,178024
4265,8,0,0,0,158948,158949
4266,8,1,0,0,178021,178022
4267,8,0,0,0,158946,158947
4268,8,0,0,0,158944,158945
4269,8,1,0,0,178019,178020
4270,8,1,0,0,178017,178018
4287,8,0,0,0,158942,158943
4288,8,0,0,0,158940,158941
4289,8,1,0,0,178015,178016
4290,8,1,0,0,178013,178014
4307,8,0,0,0,158938,158939
4308,8,1,0,0,178011,178012
4309,8,0,0,0,158936,158937
4310,8,0,0,0,158934,158935
4311,8,1,0,0,178009,178010
4312,8,1,0,0,178007,178008
4313,8,0,0,0,158932,158933
4314,8,1,0,0,178005,178006
4315,7,0,0,0,208425,208426
4316,6,0,0,0,114456,114457
4317,2,1,0,0,112957,112958
4318,4,1,0,0,174089,174090
4319,6,1,0,0,136094,136095
4327,3,0,0,0,118369,118370
4328,2,0,0,0,173097,173098
4329,2,0,0,0,173095,173096
4330,3,1,0,0,116504,116505
4347,8,0,0,0,158930,158931
4367,7,0,0,0,208423,208424
4387,7,1,0,0,118580,118581
4388,7,0,0,0,208420,208421
4389,7,1,0,0,118582,118583
4407,7,0,0,0,208418,208419
4408,7,1,0,0,118584,118585
4409,1,0,0,0,0,167291
4410,1,0,0,0,167288,167289
4411,7,0,0,0,208416,208417
4415,1,1,0,0,132944,132945
4427,3,0,0,0,118371,118372
4428,3,0,0,0,118373,118374
4447,3,0,0,0,118375,118376
4448,3,0,0,0,118377,118378
4449,3,0,0,0,118379,118380
4450,8,1,0,0,178003,178004
4451,8,1,0,0,178001,178002
4452,8,1,0,0,177999,178000
4453,8,0,0,0,158928,158929
4454,8,1,0,0,177997,177998
4455,8,0,0,0,158926,158927
4456,8,1,0,0,177995,177996
4457,8,1,0,0,177993,177994
4458,8,1,0,0,177991,177992
4459,8,1,0,0,177989,177990
4460,8,0,0,0,158924,158925
4461,8,1,0,0,177987,177988
4462,8,0,0,0,158922,158923
4463,8,1,0,0,177985,177986
4464,8,0,0,0,158920,158921
4465,8,1,0,0,177983,177984
4466,8,0,0,0,158918,158919
4468,8,1,0,0,177981,177982
4469,8,0,0,0,158916,158917
4470,8,0,0,0,158914,158915
4471,8,0,0,0,158912,158913
4472,8,0,0,0,158910,158911
4473,8,0,0,0,158908,158909
4474,8,0,0,0,158906,158907
4476,8,0,0,0,158904,158905
4477,8,0,0,0,158902,158903
4478,8,0,0,0,158900,158901
4479,8,0,0,0,158898,158899
4480,8,0,0,0,158896,158897
4481,8,0,0,0,158894,158895
4482,8,0,0,0,158892,158893
4483,8,0,0,0,158890,158891
4484,8,0,0,0,158888,158889
4485,7,0,0,0,208414,208415
4486,7,0,0,0,0,208413
4487,7,1,0,0,0,118587
4489,7,0,0,0,0,208411
4490,7,1,0,0,0,118589
4491,3,0,0,0,0,118382
4492,3,1,0,0,0,116507
4493,1,0,0,0,0,167287
4494,1,1,0,0,0,132947
4495,1,0,0,0,0,167285
4496,1,1,0,0,0,132949
4497,3,0,0,0,0,118384
4498,3,1,0,0,0,116509
4499,1,0,0,0,0,167283
4500,1,1,0,0,0,132951
4501,3,0,0,0,0,118386
4502,3,1,0,0,0,116511
4503,1,0,0,0,0,167281
4504,1,1,0,0,0,132953
4505,3,0,0,0,0,118388
4506,3,1,0,0,0,116513
4507,1,0,0,0,0,167279
4508,1,1,0,0,0,132955
4509,3,1,0,0,0,116515
4510,7,0,0,0,0,208409
4511,1,0,0,0,0,167277
4512,1,1,0,0,132956,132957
4513,3,0,0,0,118389,118390
4514,3,1,0,0,116516,116517
4515,1,0,0,0,167274,167275
4516,1,1,0,0,132958,132959
4517,3,1,0,0,116518,116519
4518,3,0,0,0,118391,118392
4519,2,1,0,0,112955,112956
4520,5,0,0,0,191053,191054
4521,5,1,0,0,147739,147740
4522,1,0,0,0,167272,167273
4523,1,1,0,0,132960,132961
4524,2,0,0,0,0,173094
4525,1,0,0,0,167270,167271
4526,6,0,0,0,0,114455
4527,1,0,0,0,167268,167269
4528,8,0,0,0,158886,158887
4529,8,1,0,0,177979,177980
4531,2,0,0,0,173091,173092
4532,2,1,0,0,112953,112954
4533,5,0,0,0,191051,191052
4534,5,1,0,0,147741,147742
4535,2,0,0,0,173089,173090
4536,2,1,0,0,112951,112952
4537,2,0,0,0,173087,173088
4538,5,0,0,0,191049,191050
4539,5,1,0,0,147743,147744
4540,1,0,0,0,167266,167267
4541,1,1,0,0,132962,132963
4542,2,1,0,0,112949,112950
4543,8,1,0,0,177977,177978
4544,8,0,0,0,158884,158885
4545,4,1,0,0,174087,174088
4546,6,0,0,0,0,114453
4547,6,1,0,0,0,136097
4548,6,1,0,0,136098,136099
4549,6,0,0,0,114450,114451
4550,6,0,0,0,114448,114449
4551,6,1,0,0,136100,136101
4552,5,0,0,0,191047,191048
4553,8,0,0,0,158882,158883
4554,4,1,0,0,174085,174086
4555,2,0,0,0,173085,173086
4556,7,1,0,0,118590,118591
4557,3,0,0,0,118393,118394
4558,1,0,0,0,167264,167265
4560,3,0,0,0,118395,118396
4561,2,0,0,0,173083,173084
4562,6,0,0,0,0,114447
4563,8,0,0,0,158880,158881
4564,5,0,0,0,191045,191046
4565,1,0,0,0,167262,167263
4566,2,0,0,0,173081,173082
4567,6,0,0,0,0,114445
4568,8,0,0,0,158878,158879
4569,6,0,0,0,114442,114443
4570,5,0,0,0,191043,191044
4571,2,0,0,0,173079,173080
4587,4,0,0,0,175236,175237
4588,6,0,0,0,0,114441
4589,8,0,0,0,158876,158877
4590,5,0,0,0,191041,191042
4591,2,0,0,0,173077,173078
4592,2,0,0,0,173075,173076
4593,6,0,0,0,0,114439
4594,8,0,0,0,158874,158875
4595,5,0,0,0,191039,191040
4596,5,0,0,0,191037,191038
4597,4,0,0,0,0,175235
4599,9,0,0,0,115585,0
4600,2,0,0,0,173073,173074
4607,1,0,0,0,167260,167261
4608,6,0,0,0,114436,114437
4609,9,0,0,0,317625,0
4627,9,0,0,0,317626,0
4628,9,0,0,0,317627,0
4629,9,0,0,0,317628,0
4630,9,0,0,0,317629,0
4648,7,0,0,0,208406,208407
4649,1,0,0,0,167258,167259
4650,2,0,0,0,173071,173072
4651,6,0,0,0,114434,114435
4652,1,1,0,0,132964,132965
4653,4,1,0,0,174083,174084
4654,7,0,0,0,208404,208405
4655,7,0,0,0,208402,208403
4657,7,0,0,0,208400,208401
4658,7,0,0,0,208398,208399
4663,7,0,0,0,208396,208397
4664,7,0,0,0,208394,208395
4665,7,0,0,0,208392,208393
4666,7,0,0,0,208390,208391
4667,7,0,0,0,208388,208389
4668,7,0,0,0,208386,208387
4669,7,0,0,0,208384,208385
4670,7,0,0,0,208382,208383
4671,7,0,0,0,208380,208381
4672,7,0,0,0,208378,208379
4673,7,0,0,0,208376,208377
4674,7,0,0,0,208374,208375
4675,1,0,0,0,167256,167257
4676,1,0,0,0,167254,167255
4677,3,0,0,0,118397,118398
4678,8,0,0,0,158872,158873
4679,8,1,0,0,177975,177976
4680,1,1,0,0,132966,132967
4681,9,0,0,0,317630,0
4682,3,0,0,0,118399,118400
4683,1,1,0,0,132968,132969
4684,9,0,0,0,317631,0
4685,3,0,0,0,118401,118402
4686,1,0,0,0,167252,167253
4687,1,1,0,0,132970,132971
4688,3,0,0,0,118403,118404
4689,9,0,0,0,317632,0
4690,1,0,0,0,167250,167251
4691,1,1,0,0,132972,132973
4707,7,0,0,0,208372,208373
4708,7,0,0,0,208370,208371
4709,7,1,0,0,118592,118593
4710,7,1,0,0,118594,118595
4711,7,1,0,0,118596,118597
4712,6,0,0,0,114432,114433
4713,4,0,0,0,175232,175233
4714,4,1,0,0,174081,174082
4715,4,1,0,0,174079,174080
4716,4,0,0,0,175230,175231
4717,4,1,0,0,174077,174078
4718,4,0,0,0,175228,175229
4719,4,0,0,0,175226,175227
4720,4,0,0,0,175224,175225
4721,4,1,0,0,174075,174076
4722,2,1,0,0,112947,112948
4723,3,0,0,0,118405,118406
4724,8,0,0,0,158870,158871
4725,6,0,0,0,114430,114431
4726,8,1,0,0,177973,177974
4727,2,1,0,0,112945,112946
4728,7,1,0,0,118598,118599
4729,3,0,0,0,118407,118408
4730,3,0,0,0,118409,118410
4731,5,1,0,0,147745,147746
4732,7,0,0,0,185349,185350
4733,3,0,0,0,118411,118412
4734,7,0,0,0,208368,208369
4735,3,0,0,0,118413,118414
4736,3,0,0,0,118415,118416
4738,1,0,0,0,167248,167249
4739,1,0,0,0,167246,167247
4740,4,1,0,0,174073,174074
4741,4,1,0,0,174071,174072
4742,4,1,0,0,174069,174070
4743,4,1,0,0,174067,174068
4744,4,0,0,0,175222,175223
4745,4,1,0,0,174065,174066
4746,4,1,0,0,174063,174064
4747,4,0,0,0,175220,175221
4748,4,1,0,0,174061,174062
4749,4,0,0,0,175218,175219
4750,4,0,0,0,175216,175217
4751,4,1,0,0,174059,174060
4752,4,0,0,0,175214,175215
4753,4,1,0,0,174057,174058
4754,9,0,0,0,317633,0
4755,4,0,0,0,175212,175213
4756,1,0,0,0,167244,167245
4757,7,0,0,0,208366,208367
4759,8,0,0,0,158868,158869
4760,7,0,0,0,208364,208365
4761,8,1,0,0,177971,177972
4762,7,1,0,0,118600,118601
4763,7,0,0,0,208362,208363
4764,8,0,0,0,158866,158867
4765,5,0,0,0,191035,191036
4766,4,1,0,0,174055,174056
4767,4,1,0,0,144719,144720
4769,9,0,0,0,317634,0
4770,9,0,0,0,317635,0
4771,9,0,0,0,317636,0
4772,9,0,0,0,317637,0
4773,9,0,0,0,317638,0
4775,9,0,0,0,317639,0
4776,9,0,0,0,317640,0
4777,9,0,0,0,317641,0
4778,9,0,0,0,317642,0
4779,9,0,0,0,317643,0
4780,9,0,0,0,317644,0
4781,9,0,0,0,317645,0
4782,9,0,0,0,317646,0
4783,9,0,0,0,317647,0
4784,9,0,0,0,317648,0
4787,9,0,0,0,192036,0
4788,9,0,0,0,317649,0
4789,9,0,0,0,317650,0
4790,9,0,0,0,317651,0
4791,9,0,0,0,317652,0
4792,9,0,0,0,317653,0
4793,9,0,0,0,317654,0
4794,9,0,0,0,317655,0
4795,9,0,0,0,317656,0
4796,9,0,0,0,317657,0
4797,9,0,0,0,317658,0
4798,9,0,0,0,317659,0
4799,9,0,0,0,317660,0
4800,9,0,0,0,317661,0
4801,9,0,0,0,317662,0
4802,9,0,0,0,317663,0
4803,9,0,0,0,317664,0
4804,9,0,0,0,317665,0
4805,9,0,0,0,317666,0
4806,9,0,0,0,317667,0
4807,9,0,0,0,317668,0
4808,9,0,0,0,317669,0
4809,6,0,0,0,114428,114429
4810,6,1,0,0,136102,136103
4811,5,0,0,0,191033,191034
4812,5,1,0,0,147747,147748
4815,3,0,0,0,118417,118418
4816,8,1,0,0,177969,177970
4817,8,1,0,0,177967,177968
4818,4,1,0,0,144717,144718
4819,9,0,0,0,317670,0
4821,4,1,0,0,144715,144716
4822,4,1,0,0,144713,144714
4823,9,0,0,0,317671,0
4824,9,0,0,0,317672,0
4825,9,0,0,0,317673,0
4826,9,0,0,0,317674,0
4827,9,0,0,0,317675,0
4828,9,0,0,0,317676,0
4829,9,0,0,0,317677,0
4830,9,0,0,0,317678,0
4831,9,0,0,0,185348,0
4832,9,0,0,0,317679,0
4833,9,0,0,0,317680,0
4834,9,0,0,0,317681,0
4835,7,1,0,0,118602,118603
4836,9,0,0,0,317682,0
4847,9,0,0,0,317683,0
4848,9,0,0,0,317684,0
4849,9,0,0,0,317685,0
4850,9,0,0,0,317686,0
4851,9,0,0,0,317687,0
4852,9,0,0,0,317688,0
4853,9,0,0,0,317689,0
4854,9,0,0,0,317690,0
4855,9,0,0,0,317691,0
4856,9,0,0,0,317692,0
4857,9,0,0,0,317693,0
4858,9,0,0,0,317694,0
4859,9,0,0,0,317695,0
4860,9,0,0,0,317696,0
4861,9,0,0,0,317697,0
4862,9,0,0,0,317698,0
4863,9,0,0,0,317699,0
4864,9,0,0,0,317700,0
4865,9,0,0,0,317701,0
4866,9,0,0,0,317702,0
4867,9,0,0,0,317703,0
4868,9,0,0,0,317704,0
4870,9,0,0,0,317705,0
4872,9,0,0,0,317706,0
4873,9,1,0,0,317707,0
4874,9,0,0,0,317708,0
4875,9,0,0,0,317709,0
4876,9,0,0,0,317710,0
4877,9,0,0,0,317711,0
4878,9,0,0,0,317712,0
4879,9,0,0,0,317713,0
4880,9,0,0,0,317714,0
4881,9,0,0,0,317715,0
4882,9,0,0,0,317716,0
4883,9,0,0,0,317717,0
4884,9,0,0,0,317718,0
4885,9,0,0,0,317719,0
4886,9,0,0,0,317720,0
4887,9,0,0,0,317721,0
4888,9,0,0,0,317722,0
4889,9,0,0,0,317723,0
4890,9,0,0,0,317724,0
4891,9,0,0,0,317725,0
4892,9,0,0,0,317726,0
4893,9,0,0,0,317727,0
4894,9,0,0,0,317728,0
4895,9,0,0,0,317729,0
4896,9,0,0,0,317730,0
4897,9,0,0,0,317731,0
4898,9,0,0,0,317732,0
4899,9,0,0,0,317733,0
4900,9,0,0,0,317734,0
4901,9,0,0,0,317735,0
4902,9,0,0,0,317736,0
4903,9,0,0,0,317737,0
4904,9,0,0,0,317738,0
4905,9,0,0,0,317739,0
4906,9,0,0,0,317740,0
4907,9,0,0,0,317741,0
4908,9,0,0,0,317742,0
4909,9,0,0,0,317743,0
4911,9,0,0,0,317744,0
4912,9,0,0,0,317745,0
4913,9,0,0,0,317746,0
4914,9,0,0,0,317747,0
4915,9,0,0,0,317748,0
4916,9,0,0,0,317749,0
4917,9,0,0,0,317750,0
4918,9,0,0,0,317751,0
4919,9,0,0,0,317752,0
4920,9,0,0,0,317753,0
4921,9,0,0,0,317754,0
4922,9,0,0,0,317755,0
4923,9,0,0,0,317756,0
4924,9,0,0,0,317757,0
4925,9,0,0,0,317758,0
4926,9,0,0,0,317759,0
4927,9,0,0,0,317760,0
4928,9,0,0,0,317761,0
4929,9,0,0,0,317762,0
4930,9,0,0,0,317763,0
4931,9,0,0,0,317764,0
4932,9,0,0,0,317765,0
4933,9,0,0,0,317766,0
4934,9,0,0,0,317767,0
4935,9,0,0,0,317768,0
4936,9,0,0,0,317769,0
4937,9,0,0,0,317770,0
4938,9,0,0,0,317771,0
4939,9,0,0,0,317772,0
4940,9,0,0,0,317773,0
4941,9,0,0,0,317774,0
4942,9,0,0,0,317775,0
4943,9,0,0,0,317776,0
4944,9,0,0,0,317777,0
4945,3,0,0,0,118419,118420
4946,4,0,0,0,175210,175211
4947,6,1,0,0,136104,136105
4962,9,0,0,0,317778,0
4963,3,0,0,0,118421,118422
4964,4,1,0,0,144711,144712
4982,1,0,0,0,167242,167243
4983,1,1,0,0,132974,132975
4984,1,1,0,0,132976,132977
4985,1,0,0,0,167240,167241
5002,8,0,0,0,158864,158865
5003,9,0,0,0,317779,0
5004,1,1,0,0,132978,132979
5005,7,0,0,0,208360,208361
5006,9,0,0,0,317780,0
5007,9,0,0,0,317781,0
5008,9,0,0,0,317782,0
5009,9,0,0,0,317783,0
5010,9,0,0,0,317784,0
5011,9,0,0,0,317785,0
5012,9,0,0,0,317786,0
5013,9,0,0,0,317787,0
5014,9,0,0,0,317788,0
5015,9,0,0,0,317789,0
5016,9,0,0,0,317790,0
5017,8,0,0,0,158862,158863
5018,9,0,0,0,317791,0
5019,9,0,0,0,317792,0
5020,1,0,0,0,167238,167239
5021,1,0,0,0,167236,167237
5022,6,0,0,0,114426,114427
5023,6,1,0,0,136107,136108
5024,6,0,0,0,114424,114425
5025,6,1,0,0,136109,136110
5026,6,0,0,0,114422,114423
5027,2,0,0,0,173069,173070
5028,6,0,0,0,114420,114421
5029,6,1,0,0,136111,136112
5030,6,0,0,0,114418,114419
5031,6,1,0,0,136113,136114
5032,1,0,0,0,167234,167235
5033,1,1,0,0,132980,132981
5034,6,0,0,0,114416,114417
5035,1,1,0,0,132982,132983
5036,6,0,0,0,114414,114415
5037,2,0,0,0,173067,173068
5038,6,0,0,0,114412,114413
5039,6,0,0,0,114410,114411
5040,2,1,0,0,113036,113037
5041,6,1,0,0,136115,136116
5042,6,1,0,0,136117,136118
5043,4,0,0,0,175208,175209
5044,6,0,0,0,114408,114409
5063,6,0,0,0,114406,114407
5064,3,1,0,0,116520,116521
5065,2,0,0,0,173065,173066
5066,3,0,0,0,118423,118424
5067,2,0,0,0,173063,173064
5068,1,1,0,0,132984,132985
5083,7,0,0,0,208358,208359
5103,9,0,0,0,317793,0
5123,2,0,0,0,173061,173062
5124,9,0,0,0,317794,0
5125,4,0,0,0,175206,175207
5126,6,0,0,0,114404,114405
5127,1,0,0,0,167232,167233
5128,1,0,0,0,167230,167231
5143,3,0,0,0,118425,118426
5183,1,1,0,0,132986,132987
5184,1,1,0,0,132988,132989
5185,1,0,0,0,167228,167229
5186,1,1,0,0,132990,132991
5187,1,0,0,0,167226,167227
5188,1,0,0,0,167224,167225
5189,7,0,0,0,208356,208357
5190,4,1,0,0,144709,144710
5191,4,1,0,0,144707,144708
5192,1,1,0,0,132992,132993
5193,1,0,0,0,167222,167223
5194,1,0,0,0,167220,167221
5195,1,1,0,0,132994,132995
5196,1,1,0,0,132996,132997
5197,1,0,0,0,167218,167219
5198,1,0,0,0,167216,167217
5199,1,0,0,0,167214,167215
5200,1,1,0,0,132998,132999
5201,1,1,0,0,133000,133001
5202,5,0,0,0,191031,191032
5203,6,1,0,0,136119,136120
5204,9,0,0,0,317795,0
5205,6,1,0,0,136121,136122
5206,1,0,0,0,167212,167213
5207,6,0,0,0,114402,114403
5208,6,0,0,0,114400,114401
5209,6,1,0,0,136123,136124
5210,6,0,0,0,114398,114399
5211,6,0,0,0,114396,114397
5212,6,1,0,0,136125,136126
5213,6,0,0,0,114394,114395
5214,6,1,0,0,136127,136128
5215,6,1,0,0,136129,136130
5216,6,0,0,0,114392,114393
5217,6,0,0,0,114390,114391
5218,8,0,0,0,158860,158861
5219,5,0,0,0,191029,191030
5220,5,0,0,0,191027,191028
5223,1,0,0,0,167210,167211
5243,2,0,0,0,173059,173060
5244,2,0,0,0,173057,173058
5263,1,1,0,0,133002,133003
5264,1,1,0,0,133004,133005
5283,4,0,0,0,175204,175205
5284,9,0,0,0,317796,0
5285,3,0,0,0,118427,118428
5286,3,0,0,0,118429,118430
5287,3,1,0,0,116522,116523
5288,3,1,0,0,116524,116525
5289,3,0,0,0,118431,118432
5290,3,0,0,0,118433,118434
5291,3,0,0,0,118435,118436
5293,3,0,0,0,118437,118438
5294,3,0,0,0,118439,118440
5295,3,0,0,0,317797,317798
5296,3,0,0,0,317799,317800
5303,3,0,0,0,317801,317802
5323,7,0,0,0,208354,208355
5324,3,0,0,0,317803,317804
5325,3,0,0,0,317805,317806
5326,3,0,0,0,317807,317808
5327,3,0,0,0,317809,317810
5328,3,0,0,0,317811,317812
5329,3,0,0,0,317813,317814
5330,3,0,0,0,317815,317816
5331,3,0,0,0,317817,317818
5332,3,0,0,0,317819,317820
5333,3,0,0,0,317821,317822
5334,3,0,0,0,317823,317824
5335,3,0,0,0,317825,317826
5336,1,1,0,0,133006,133007
5337,7,0,0,0,208352,208353
5338,3,1,0,0,116526,116527
5339,3,0,0,0,317827,317828
5340,9,0,0,0,317829,0
5343,2,1,0,0,113034,113035
5344,1,0,0,0,167208,167209
5345,8,0,0,0,158858,158859
5346,3,0,0,0,317830,317831
5347,3,0,0,0,317832,317833
5348,3,0,0,0,317834,317835
5349,3,0,0,0,317836,317837
5350,3,1,0,0,116529,116530
5351,3,0,0,0,317838,317839
5352,1,0,0,0,0,167207
5353,8,0,0,0,158856,158857
5354,8,1,0,0,177965,177966
5355,2,1,0,0,113032,113033
5356,6,0,0,0,114388,114389
5357,3,1,0,0,116531,116532
5358,4,1,0,0,144705,144706
5359,7,0,0,0,208350,208351
5360,2,0,0,0,173055,173056
5361,4,1,0,0,144703,144704
5362,5,1,0,0,147749,147750
5363,1,0,0,0,167204,167205
5364,3,0,0,0,317840,317841
5365,1,1,0,0,133008,133009
5366,1,0,0,0,167202,167203
5367,9,0,0,0,317842,0
5368,9,0,0,0,317843,0
5369,1,0,0,0,167200,167201
5370,2,0,0,0,173053,173054
5371,9,0,0,0,317844,0
5372,1,0,0,0,167198,167199
5373,9,0,0,0,317845,0
5374,7,0,0,0,208348,208349
5375,3,0,0,0,317846,317847
5376,3,0,0,0,317848,317849
5377,3,0,0,0,317850,317851
5378,3,0,0,0,317852,317853
5379,3,0,0,0,317854,317855
5380,3,0,0,0,317856,317857
5381,3,0,0,0,317858,317859
5382,3,0,0,0,317860,317861
5383,6,1,0,0,136131,136132
5403,2,0,0,0,173051,173052
5404,2,0,0,0,173049,173050
5405,2,1,0,0,113030,113031
5406,2,0,0,0,173047,173048
5407,4,1,0,0,144701,144702
5408,4,0,0,0,175202,175203
5409,8,0,0,0,158854,158855
5423,1,1,0,0,0,133011
5424,2,0,0,0,173045,173046
5443,9,1,0,0,317862,0
5444,1,0,0,0,167196,167197
5445,3,0,0,0,317863,317864
5446,3,1,0,0,116533,116534
5447,1,1,0,0,133012,133013
5448,8,1,0,0,177963,177964
5463,3,0,0,0,317865,317866
5464,3,0,0,0,317867,317868
5465,8,0,0,0,158852,158853
5466,3,0,0,0,317869,317870
5467,3,0,0,0,317871,317872
5468,4,1,0,0,144699,144700
5469,6,1,0,0,136133,136134
5483,7,0,0,0,208346,208347
5503,7,1,0,0,119220,119221
5523,3,1,0,0,116535,116536
5524,3,0,0,0,317873,317874
5525,1,0,0,0,167194,167195
5526,1,0,0,0,167192,167193
5527,5,1,0,0,147751,147752
5528,9,0,0,0,317875,0
5529,5,1,0,0,147753,147754
5530,4,0,0,0,175200,175201
5531,4,0,0,0,175198,175199
5532,6,0,0,0,114386,114387
5533,6,0,0,0,114384,114385
5534,2,0,0,0,173043,173044
5535,2,0,0,0,173041,173042
5543,9,0,0,0,317876,0
5544,9,0,0,0,317877,0
5545,7,0,0,0,208344,208345
5563,1,0,0,0,167190,167191
5583,5,0,0,0,191025,191026
5603,9,0,0,0,317878,0
5623,6,0,0,0,114382,114383
5624,3,1,0,0,116537,116538
5643,1,1,0,0,133014,133015
5644,1,0,0,0,167188,167189
5663,5,1,0,0,147755,147756
5664,1,1,0,0,133016,133017
5683,4,0,0,0,175196,175197
5703,5,1,0,0,147757,147758
5704,2,0,0,0,173039,173040
5705,5,1,0,0,147759,147760
5706,2,0,0,0,173037,173038
5707,6,0,0,0,114380,114381
5708,8,0,0,0,158850,158851
5709,8,0,0,0,158848,158849
5710,6,0,0,0,114378,114379
5723,2,0,0,0,173035,173036
5724,2,0,0,0,173033,173034
5725,7,0,0,0,208342,208343
5726,4,0,0,0,175194,175195
5727,6,0,0,0,114376,114377
5728,6,1,0,0,136135,136136
5743,1,0,0,0,167186,167187
5763,3,0,0,0,317879,317880
5783,8,1,0,0,177961,177962
5803,4,0,0,0,175192,175193
5804,1,0,0,0,167184,167185
5805,1,1,0,0,133018,133019
5806,9,0,0,0,317881,0
5807,7,1,0,0,119218,119219
5808,2,1,0,0,113028,113029
5823,1,1,0,0,133020,133021
5843,3,0,0,0,317882,317883
5844,9,0,0,0,317884,0
5863,9,0,0,0,317885,0
5864,6,1,0,0,0,136138
5883,3,0,0,0,317886,317887
5884,3,0,0,0,317888,317889
5885,3,0,0,0,317890,317891
5886,3,0,0,0,317892,317893
5887,3,0,0,0,317894,317895
5888,3,0,0,0,317896,317897
5889,3,0,0,0,317898,317899
5903,9,1,0,0,317900,0
5904,9,0,0,0,317901,0
5905,1,1,0,0,133022,133023
5906,2,0,0,0,173031,173032
5907,6,0,0,0,114374,114375
5923,2,0,0,0,173029,173030
5925,8,0,0,0,158846,158847
5927,7,0,0,0,208340,208341
5928,3,0,0,0,317902,317903
5929,3,0,0,0,317904,317905
5930,4,1,0,0,144697,144698
5931,9,0,0,0,317906,0
5932,3,0,0,0,317907,317908
5933,3,1,0,0,116539,116540
5934,6,1,0,0,136139,136140
5936,3,0,0,0,317909,317910
5937,3,0,0,0,317911,317912
5938,3,0,0,0,317913,317914
5939,2,0,0,0,173027,173028
5940,9,1,0,0,317915,0
5941,6,0,0,0,114372,114373
5942,9,0,0,0,317916,0
5943,2,0,0,0,173025,173026
5944,6,0,0,0,114370,114371
5945,2,1,0,0,113026,113027
5946,6,0,0,0,114368,114369
5947,3,0,0,0,317917,317918
5948,3,0,0,0,317919,317920
5949,5,1,0,0,147761,147762
5950,3,1,0,0,116541,116542
5951,3,1,0,0,116543,116544
5952,2,0,0,0,173023,173024
5953,3,0,0,0,317921,317922
5954,3,1,0,0,116545,116546
5955,3,0,0,0,317923,317924
5956,3,0,0,0,317925,317926
5957,3,0,0,0,317927,317928
5958,3,0,0,0,317929,317930
5959,3,0,0,0,317931,317932
5960,3,0,0,0,317933,317934
5961,3,1,0,0,116547,116548
5962,3,1,0,0,116549,116550
5963,3,0,0,0,317935,317936
5964,3,0,0,0,317937,317938
5965,3,1,0,0,116551,116552
5966,3,1,0,0,116553,116554
5967,1,0,0,0,167182,167183
5968,7,1,0,0,119216,119217
5969,4,0,0,0,175190,175191
5970,3,0,0,0,317939,317940
5971,1,1,0,0,133024,133025
5972,2,0,0,0,173021,173022
5973,3,0,0,0,317941,317942
5974,2,0,0,0,173019,173020
5975,2,0,0,0,173017,173018
5976,2,0,0,0,173015,173016
5977,2,0,0,0,173013,173014
5978,2,0,0,0,173011,173012
5979,3,0,0,0,317943,317944
5980,3,1,0,0,116555,116556
5981,1,0,0,0,167180,167181
5982,1,0,0,0,167178,167179
5983,3,0,0,0,317945,317946
5984,3,0,0,0,317947,317948
5985,3,0,0,0,317949,317950
6003,1,0,0,0,167176,167177
6004,3,0,0,0,317951,317952
6005,3,0,0,0,0,317954
6006,3,0,0,0,317955,317956
6007,3,0,0,0,317957,317958
6008,3,0,0,0,317959,317960
6009,3,0,0,0,317961,317962
6010,3,0,0,0,317963,317964
6011,3,0,0,0,317965,317966
6023,3,0,0,0,317967,317968
6024,3,0,0,0,317969,317970
6025,3,0,0,0,317971,317972
6026,1,0,0,0,167174,167175
6027,3,0,0,0,317973,317974
6028,2,0,0,0,173009,173010
6029,3,1,0,0,116557,116558
6030,4,1,0,0,144695,144696
6031,2,0,0,0,173005,173008
6032,6,0,0,0,114366,114367
6033,5,1,0,0,147763,147764
6034,1,1,0,0,133026,133027
6035,6,0,0,0,114364,114365
6036,1,1,0,0,133028,133029
6037,1,0,0,0,167172,167173
6038,6,0,0,0,114362,114363
6040,8,0,0,0,158844,158845
6042,7,1,0,0,119214,119215
6044,1,1,0,0,133030,133031
6045,1,0,0,0,167170,167171
6046,1,1,0,0,133032,133033
6047,5,1,0,0,147765,147766
6048,8,1,0,0,177959,177960
6049,8,0,0,0,158842,158843
6050,8,0,0,0,158840,158841
6051,1,0,0,0,167168,167169
6052,6,0,0,0,114360,114361
6063,3,0,0,0,317975,317976
6064,3,0,0,0,317977,317978
6066,3,1,0,0,116559,116560
6067,3,1,0,0,116561,116562
6068,3,0,0,0,317979,317980
6069,3,0,0,0,317981,317982
6070,3,1,0,0,116563,116564
6071,3,1,0,0,116565,116566
6072,3,0,0,0,317983,317984
6073,34,0,0,0,317985,0
6074,34,0,0,0,317987,0
6075,34,0,0,0,317989,0
6076,34,0,0,0,317991,0
6077,1,1,0,0,133034,133035
6078,3,0,0,0,317993,317994
6079,3,0,0,0,317995,317996
6080,3,0,0,0,317997,317998
6081,3,0,0,0,317999,318000
6083,3,0,0,0,318001,318002
6084,3,0,0,0,318003,318004
6085,3,0,0,0,318005,318006
6086,3,0,0,0,318007,318008
6087,3,0,0,0,318009,318010
6088,3,0,0,0,318011,318012
6089,3,0,0,0,318013,318014
6090,3,0,0,0,318015,318016
6103,9,0,0,0,318017,0
6105,9,0,0,0,318018,0
6123,7,0,0,0,208338,208339
6124,3,0,0,0,318019,318020
6143,3,0,0,0,318021,318022
6145,3,1,0,0,116567,116568
6146,6,0,0,0,114358,114359
6147,2,1,0,0,115547,115548
6148,2,0,0,0,173003,173004
6149,3,0,0,0,318023,318024
6150,3,1,0,0,116569,116570
6151,7,0,0,0,208336,208337
6152,7,0,0,0,208334,208335
6153,7,1,0,0,119212,119213
6154,7,1,0,0,119210,119211
6155,2,0,0,0,173001,173002
6156,2,0,0,0,172999,173000
6157,2,0,0,0,172997,172998
6158,2,0,0,0,172995,172996
6163,3,0,0,0,0,318026
6164,3,0,0,0,0,318028
6183,3,1,0,0,116571,116572
6203,3,0,0,0,318029,318030
6223,8,0,0,0,158838,158839
6224,8,0,0,0,158836,158837
6225,6,1,0,0,136141,136142
6226,4,0,0,0,175188,175189
6227,7,0,0,0,208332,208333
6243,2,0,0,0,172993,172994
6244,1,0,0,0,167166,167167
6245,1,0,0,0,167164,167165
6246,3,0,0,0,318031,318032
6247,1,0,0,0,167162,167163
6248,4,1,0,0,144693,144694
6263,1,0,0,0,167160,167161
6264,1,1,0,0,133036,133037
6265,3,0,0,0,318033,318034
6266,3,1,0,0,116573,116574
6283,3,0,0,0,318035,318036
6303,7,1,0,0,119208,119209
6304,9,0,0,0,318037,0
6305,9,1,0,0,318038,0
6306,2,0,0,0,172991,172992
6307,4,1,0,0,144691,144692
6308,3,0,0,0,318039,318040
6323,2,0,0,0,172989,172990
6343,1,0,0,0,167158,167159
6363,3,0,0,0,318041,318042
6364,7,0,0,0,208330,208331
6365,1,0,0,0,167156,167157
6366,2,0,0,0,172987,172988
6383,6,0,0,0,114356,114357
6384,6,0,0,0,114354,114355
6385,8,0,0,0,158834,158835
6386,8,0,0,0,158832,158833
6403,4,1,0,0,144689,144690
6404,2,0,0,0,172985,172986
6405,5,1,0,0,147767,147768
6406,1,0,0,0,167154,167155
6407,3,1,0,0,116575,116576
6408,6,1,0,0,136143,136144
6409,1,1,0,0,133038,133039
6410,6,0,0,0,114352,114353
6411,1,1,0,0,133040,133041
6412,3,0,0,0,318043,318044
6413,2,1,0,0,115549,115550
6414,9,0,0,0,318045,0
6415,8,1,0,0,177957,177958
6416,8,0,0,0,158830,158831
6417,3,1,0,0,116577,116578
6418,3,1,0,0,116579,116580
6419,1,0,0,0,167152,167153
6420,1,0,0,0,167150,167151
6421,2,0,0,0,172983,172984
6422,2,0,0,0,172981,172982
6423,4,1,0,0,144687,144688
6424,6,1,0,0,136145,136146
6425,4,0,0,0,175186,175187
6426,6,0,0,0,114350,114351
6427,5,1,0,0,147769,147770
6428,5,0,0,0,191023,191024
6429,4,0,0,0,175184,175185
6431,5,0,0,0,185346,185347
6432,2,0,0,0,172979,172980
6433,4,0,0,0,175182,175183
6434,9,0,0,0,318046,0
6435,3,0,0,0,318047,318048
6436,1,0,0,0,167148,167149
6437,9,0,0,0,318049,0
6438,3,0,0,0,318050,318051
6439,3,1,0,0,116581,116582
6440,3,0,0,0,318052,318053
6441,8,0,0,0,158828,158829
6442,8,0,0,0,158826,158827
6443,8,0,0,0,158824,158825
6444,4,1,0,0,144685,144686
6445,3,1,0,0,116583,116584
6463,3,0,0,0,318054,318055
6483,3,0,0,0,318056,318057
6484,1,1,0,0,133042,133043
6485,1,0,0,0,167146,167147
6486,7,1,0,0,119206,119207
6487,3,0,0,0,318058,318059
6488,5,0,0,0,191021,191022
6489,5,1,0,0,147771,147772
6490,8,0,0,0,158822,158823
6491,6,0,0,0,114348,114349
6492,3,1,0,0,116585,116586
6493,4,1,0,0,144683,144684
6494,9,0,0,0,318060,0
6495,9,0,0,0,318061,0
6496,5,1,0,0,147773,147774
6497,9,1,0,0,318062,0
6498,4,1,0,0,144681,144682
6503,6,1,0,0,136147,136148
6504,8,0,0,0,158820,158821
6505,1,1,0,0,133044,133045
6506,9,0,0,0,318063,0
6507,9,0,0,0,318064,0
6508,9,0,0,0,318065,0
6509,5,0,0,0,191019,191020
6523,6,0,0,0,114346,114347
6524,6,1,0,0,136149,136150
6544,1,0,0,0,167144,167145
6545,2,0,0,0,172977,172978
6546,1,0,0,0,167142,167143
6563,3,0,0,0,318066,318067
6564,4,1,0,0,144679,144680
6565,4,0,0,0,175180,175181
6566,9,1,0,0,318068,0
6583,9,0,0,0,318069,0
6584,2,0,0,0,172975,172976
6585,2,0,0,0,172973,172974
6586,2,0,0,0,172971,172972
6587,2,0,0,0,172969,172970
6588,8,0,0,0,158818,158819
6589,8,0,0,0,158816,158817
6590,8,0,0,0,158814,158815
6591,2,0,0,0,172967,172968
6592,2,0,0,0,172965,172966
6595,2,0,0,0,172963,172964
6596,2,0,0,0,172961,172962
6598,2,0,0,0,172959,172960
6600,2,0,0,0,172957,172958
6601,2,0,0,0,172955,172956
6602,2,0,0,0,172953,172954
6605,2,0,0,0,172951,172952
6606,2,0,0,0,172949,172950
6609,2,0,0,0,172947,172948
6610,2,0,0,0,172945,172946
6611,2,0,0,0,172943,172944
6612,2,0,0,0,172941,172942
6613,2,0,0,0,172939,172940
6614,2,0,0,0,172937,172938
6615,2,0,0,0,172935,172936
6616,2,0,0,0,172933,172934
6617,2,0,0,0,172931,172932
6618,2,0,0,0,172929,172930
6621,2,0,0,0,172927,172928
6622,2,0,0,0,172925,172926
6623,2,0,0,0,172923,172924
6624,2,0,0,0,172921,172922
6625,2,0,0,0,172919,172920
6626,2,0,0,0,172917,172918
6629,2,0,0,0,172915,172916
6630,2,0,0,0,172913,172914
6631,2,0,0,0,172911,172912
6632,2,0,0,0,172909,172910
6633,2,0,0,0,172907,172908
6634,2,0,0,0,172905,172906
6637,2,0,0,0,172903,172904
6638,2,0,0,0,172901,172902
6640,1,0,0,0,167140,167141
6641,2,0,0,0,172899,172900
6644,2,0,0,0,172897,172898
6645,2,0,0,0,172895,172896
6648,2,0,0,0,172893,172894
6649,2,0,0,0,172891,172892
6652,2,0,0,0,172889,172890
6653,2,0,0,0,172887,172888
6656,2,0,0,0,172885,172886
6657,2,0,0,0,172883,172884
6660,2,0,0,0,172881,172882
6661,2,0,0,0,172879,172880
6664,2,0,0,0,172877,172878
6683,8,0,0,0,158812,158813
6684,2,0,0,0,172875,172876
6685,8,0,0,0,158810,158811
6686,2,0,0,0,172873,172874
6687,2,0,0,0,172871,172872
6688,2,0,0,0,172869,172870
6689,2,0,0,0,172867,172868
6690,8,1,0,0,177955,177956
6691,8,1,0,0,177953,177954
6692,8,0,0,0,158808,158809
6693,2,1,0,0,115551,115552
6694,2,0,0,0,172865,172866
6697,8,0,0,0,158806,158807
6698,8,1,0,0,177951,177952
6699,8,1,0,0,177949,177950
6700,2,0,0,0,172863,172864
6701,2,0,0,0,172861,172862
6702,2,0,0,0,172859,172860
6703,2,0,0,0,172857,172858
6704,2,0,0,0,172855,172856
6705,2,0,0,0,172853,172854
6706,2,0,0,0,172851,172852
6707,2,0,0,0,172849,172850
6708,2,0,0,0,172847,172848
6709,2,0,0,0,172845,172846
6710,2,0,0,0,172843,172844
6711,2,0,0,0,172841,172842
6712,2,0,0,0,172839,172840
6713,2,0,0,0,172837,172838
6714,2,0,0,0,172835,172836
6715,2,0,0,0,172833,172834
6716,2,0,0,0,172831,172832
6723,8,0,0,0,158804,158805
6724,8,0,0,0,158802,158803
6725,8,1,0,0,177947,177948
6726,8,1,0,0,177945,177946
6727,8,0,0,0,158800,158801
6731,8,0,0,0,158798,158799
6732,8,0,0,0,158796,158797
6733,8,1,0,0,177943,177944
6734,8,1,0,0,177941,177942
6735,8,0,0,0,158794,158795
6736,8,1,0,0,177939,177940
6737,8,1,0,0,177937,177938
6738,8,0,0,0,158792,158793
6739,8,0,0,0,158790,158791
6740,8,1,0,0,177935,177936
6741,8,1,0,0,177933,177934
6742,8,0,0,0,158788,158789
6743,8,0,0,0,158786,158787
6744,8,1,0,0,177931,177932
6745,8,1,0,0,177929,177930
6746,8,1,0,0,177927,177928
6747,8,0,0,0,158784,158785
6748,2,0,0,0,172829,172830
6749,3,0,0,0,318070,318071
6750,3,0,0,0,318072,318073
6751,6,0,0,0,114344,114345
6763,2,0,0,0,172827,172828
6783,1,0,0,0,167138,167139
6784,2,0,0,0,172825,172826
6785,2,0,0,0,172823,172824
6786,2,1,0,0,115553,115554
6787,8,0,0,0,158782,158783
6788,2,1,0,0,115555,115556
6789,8,0,0,0,158780,158781
6790,8,1,0,0,177925,177926
6791,8,0,0,0,158778,158779
6792,8,0,0,0,158776,158777
6793,6,0,0,0,114342,114343
6794,6,0,0,0,114340,114341
6795,6,0,0,0,114338,114339
6796,3,0,0,0,318074,318075
6797,8,1,0,0,177923,177924
6798,4,1,0,0,144677,144678
6799,6,0,0,0,114336,114337
6800,9,0,0,0,318076,0
6801,2,0,0,0,172821,172822
6802,9,1,0,0,318077,0
6803,9,1,0,0,318078,0
6804,1,0,0,0,167136,167137
6805,2,0,0,0,172819,172820
6806,2,1,0,0,115557,115558
6807,2,1,0,0,115559,115560
6808,2,0,0,0,172817,172818
6809,2,0,0,0,172814,172816
6810,2,1,0,0,115561,115562
6811,2,1,0,0,115563,115564
6812,2,0,0,0,172812,172813
6813,2,0,0,0,172810,172811
6814,2,1,0,0,115565,115566
6815,2,1,0,0,115567,115568
6816,2,0,0,0,172808,172809
6817,5,0,0,0,191017,191018
6818,5,1,0,0,147775,147776
6819,5,0,0,0,191015,191016
6820,5,1,0,0,147777,147778
6821,1,1,0,0,133046,133047
6822,1,1,0,0,133048,133049
6823,1,1,0,0,133050,133051
6824,3,0,0,0,318079,318080
6825,1,0,0,0,167134,167135
6826,3,0,0,0,318081,318082
6827,3,0,0,0,318083,318084
6828,7,1,0,0,119204,119205
6829,7,0,0,0,208328,208329
6830,4,0,0,0,175178,175179
6831,4,1,0,0,144675,144676
6832,4,1,0,0,144673,144674
6833,4,0,0,0,175176,175177
6834,4,0,0,0,175174,175175
6835,4,0,0,0,175172,175173
6843,2,0,0,0,172806,172807
6844,2,0,0,0,172804,172805
6845,2,1,0,0,115569,115570
6846,2,1,0,0,115571,115572
6847,2,1,0,0,115573,115574
6848,2,1,0,0,115575,115576
6849,2,1,0,0,113129,113130
6850,2,1,0,0,113127,113128
6851,2,1,0,0,113125,113126
6852,2,1,0,0,113123,113124
6853,2,1,0,0,113121,113122
6854,2,1,0,0,113119,113120
6855,2,1,0,0,113117,113118
6856,2,1,0,0,113115,113116
6857,2,1,0,0,113113,113114
6858,2,1,0,0,113111,113112
6859,2,1,0,0,113109,113110
6860,2,1,0,0,113107,113108
6861,2,1,0,0,113105,113106
6862,2,1,0,0,113103,113104
6863,2,1,0,0,113101,113102
6864,2,1,0,0,113099,113100
6865,2,1,0,0,113097,113098
6866,2,1,0,0,113095,113096
6867,2,1,0,0,113093,113094
6868,2,1,0,0,113091,113092
6869,2,1,0,0,113089,113090
6870,2,1,0,0,113087,113088
6871,2,1,0,0,113085,113086
6872,2,1,0,0,113083,113084
6873,2,1,0,0,113081,113082
6874,2,1,0,0,113079,113080
6875,2,1,0,0,113077,113078
6876,2,1,0,0,113075,113076
6877,2,1,0,0,113073,113074
6878,2,1,0,0,113071,113072
6879,2,1,0,0,113069,113070
6880,2,1,0,0,113067,113068
6881,2,1,0,0,113065,113066
6882,2,1,0,0,113063,113064
6883,2,1,0,0,113061,113062
6884,2,1,0,0,113059,113060
6885,2,1,0,0,113057,113058
6886,2,1,0,0,113055,113056
6887,2,1,0,0,113053,113054
6888,2,1,0,0,113051,113052
6889,2,1,0,0,113049,113050
6890,2,1,0,0,113047,113048
6891,2,1,0,0,113045,113046
6892,2,1,0,0,113043,113044
6893,2,1,0,0,113041,113042
6894,2,1,0,0,113039,113040
6895,2,1,0,0,113024,113025
6896,2,1,0,0,113022,113023
6897,2,1,0,0,113020,113021
6898,2,1,0,0,113018,113019
6899,2,1,0,0,113016,113017
6900,2,1,0,0,113014,113015
6901,2,1,0,0,113012,113013
6902,2,1,0,0,113010,113011
6903,2,1,0,0,113008,113009
6904,2,1,0,0,113006,113007
6905,2,1,0,0,113004,113005
6906,2,1,0,0,113002,113003
6907,2,1,0,0,113000,113001
6908,2,1,0,0,112998,112999
6909,2,1,0,0,112997,113038
6910,2,1,0,0,112995,112996
6911,2,1,0,0,112993,112994
6912,6,0,0,0,114334,114335
6913,6,0,0,0,114332,114333
6914,6,0,0,0,114330,114331
6915,6,0,0,0,114328,114329
6916,6,0,0,0,114326,114327
6923,8,0,0,0,0,158775
6943,4,1,0,0,144671,144672
6944,4,1,0,0,144669,144670
6945,3,0,0,0,0,318086
6947,3,0,0,0,0,318088
6948,6,0,0,0,114324,114325
6949,6,0,0,0,114322,114323
6951,8,0,0,0,158772,158773
6952,8,0,0,0,158770,158771
6953,8,1,0,0,177921,177922
6954,8,1,0,0,177919,177920
6955,5,0,0,0,191013,191014
6956,3,0,0,0,0,318090
6957,2,0,0,0,172802,172803
6958,3,0,0,0,318091,318092
6959,3,0,0,0,318093,318094
6960,3,0,0,0,318095,318096
6963,1,1,0,0,133052,133053
6964,4,0,0,0,175170,175171
6983,3,0,0,0,318097,318098
7003,5,0,0,0,191011,191012
7023,7,1,0,0,119202,119203
7043,2,0,0,0,172800,172801
7044,2,0,0,0,172798,172799
7063,2,1,0,0,113145,113146
7083,6,0,0,0,114320,114321
7084,6,1,0,0,136151,136152
7085,6,1,0,0,136153,136154
7086,6,0,0,0,114318,114319
7087,6,0,0,0,114316,114317
7103,6,0,0,0,114314,114315
7104,2,0,0,0,172796,172797
7123,6,1,0,0,136155,136156
7124,6,1,0,0,136157,136158
7143,1,1,0,0,133057,133058
7144,5,0,0,0,191009,191010
7145,1,0,0,0,167132,167133
7146,6,0,0,0,114312,114313
7147,3,1,0,0,116587,116588
7148,3,0,0,0,318099,318100
7149,7,0,0,0,208326,208327
7150,7,1,0,0,119200,119201
7151,1,0,0,0,167130,167131
7152,1,1,0,0,133059,133060
7153,4,0,0,0,175168,175169
7154,4,1,0,0,144667,144668
7155,2,1,0,0,113143,113144
7156,2,0,0,0,172794,172795
7157,6,0,0,0,114310,114311
7158,6,1,0,0,136159,136160
7159,8,1,0,0,177917,177918
7160,8,0,0,0,158768,158769
7161,5,1,0,0,147779,147780
7162,5,0,0,0,191007,191008
7163,5,0,0,0,191005,191006
7164,1,0,0,0,167128,167129
7165,6,0,0,0,114308,114309
7166,6,1,0,0,136161,136162
7183,2,0,0,0,172792,172793
7184,2,0,0,0,172790,172791
7185,2,1,0,0,113141,113142
7186,2,1,0,0,113139,113140
7187,2,0,0,0,172788,172789
7188,2,0,0,0,172786,172787
7189,2,1,0,0,113137,113138
7190,2,1,0,0,113135,113136
7203,3,0,0,0,318101,318102
7204,4,1,0,0,144665,144666
7205,2,0,0,0,172784,172785
7206,5,0,0,0,191003,191004
7207,6,0,0,0,114306,114307
7223,5,0,0,0,191001,191002
7224,5,0,0,0,190999,191000
7225,3,0,0,0,318103,318104
7226,4,1,0,0,144663,144664
7227,5,0,0,0,190997,190998
7228,2,0,0,0,172782,172783
7243,2,0,0,0,172780,172781
7244,1,1,0,0,133061,133062
7245,8,1,0,0,177915,177916
7246,7,0,0,0,208324,208325
7247,2,0,0,0,172778,172779
7248,1,0,0,0,167126,167127
7249,2,1,0,0,113133,113134
7250,2,1,0,0,113131,113132
7251,2,0,0,0,172776,172777
7252,2,0,0,0,172772,172773
7253,6,0,0,0,114304,114305
7254,6,1,0,0,136163,136164
7255,6,0,0,0,114302,114303
7256,6,1,0,0,136165,136166
7257,6,0,0,0,114301,114732
7258,6,0,0,0,114299,114300
7259,1,0,0,0,167124,167125
7260,6,1,0,0,136167,136168
7261,6,1,0,0,136169,136170
7262,6,0,0,0,114297,114298
7263,6,0,0,0,114295,114296
7264,6,1,0,0,136171,136172
7265,1,1,0,0,133063,133064
7266,6,1,0,0,136173,136174
7267,1,0,0,0,167122,167123
7268,6,0,0,0,114293,114294
7269,6,0,0,0,114291,114292
7270,6,1,0,0,136175,136176
7271,6,1,0,0,136177,136178
7272,1,0,0,0,167120,167121
7273,6,0,0,0,114289,114290
7274,3,0,0,0,318105,318106
7275,1,0,0,0,167118,167119
7276,1,0,0,0,167116,167117
7277,5,0,0,0,190995,190996
7278,8,0,0,0,158766,158767
7279,8,0,0,0,158764,158765
7280,8,1,0,0,177913,177914
7281,8,1,0,0,177911,177912
7283,1,0,0,0,167114,167115
7284,1,0,0,0,167112,167113
7285,1,1,0,0,133065,133066
7286,1,1,0,0,133067,133068
7287,1,0,0,0,167110,167111
7288,1,0,0,0,167108,167109
7289,1,1,0,0,133069,133070
7290,1,1,0,0,133071,133072
7291,1,0,0,0,167106,167107
7292,1,0,0,0,167104,167105
7293,1,1,0,0,133073,133074
7294,1,1,0,0,133075,133076
7295,1,0,0,0,167102,167103
7296,1,0,0,0,167100,167101
7297,1,1,0,0,133077,133078
7298,1,1,0,0,133079,133080
7299,1,0,0,0,167098,167099
7300,1,0,0,0,167096,167097
7301,1,1,0,0,133081,133082
7302,1,1,0,0,133083,133084
7303,1,0,0,0,167094,167095
7304,1,0,0,0,167092,167093
7305,1,1,0,0,133085,133086
7306,1,1,0,0,133087,133088
7307,1,1,0,0,133089,133090
7308,1,1,0,0,133091,133092
7309,1,0,0,0,167090,167091
7310,1,0,0,0,167088,167089
7311,1,0,0,0,167086,167087
7312,1,0,0,0,167084,167085
7313,1,1,0,0,133093,133094
7314,1,1,0,0,133095,133096
7315,1,0,0,0,167082,167083
7316,1,0,0,0,167080,167081
7317,1,1,0,0,133097,133098
7318,1,1,0,0,133099,133100
7319,1,1,0,0,133101,133102
7320,1,1,0,0,133103,133104
7321,1,0,0,0,167078,167079
7322,1,0,0,0,167076,167077
7323,1,0,0,0,167074,167075
7324,1,0,0,0,167072,167073
7325,1,1,0,0,133105,133106
7326,1,1,0,0,133107,133108
7327,1,0,0,0,167070,167071
7328,1,0,0,0,167068,167069
7329,1,1,0,0,133109,133110
7330,1,1,0,0,133111,133112
7331,1,0,0,0,167066,167067
7332,1,0,0,0,167064,167065
7333,1,1,0,0,133113,133114
7334,1,1,0,0,133167,133168
7335,1,0,0,0,167062,167063
7336,1,0,0,0,167060,167061
7337,1,1,0,0,133169,133170
7338,1,0,0,0,167058,167059
7339,1,0,0,0,167056,167057
7340,1,0,0,0,167054,167055
7341,1,0,0,0,167052,167053
7342,1,0,0,0,167050,167051
7343,1,0,0,0,167048,167049
7344,1,0,0,0,167046,167047
7345,1,0,0,0,167044,167045
7346,1,1,0,0,133171,133172
7347,1,0,0,0,167042,167043
7348,1,1,0,0,133173,133174
7349,1,0,0,0,167040,167041
7350,1,0,0,0,167038,167039
7351,1,0,0,0,167036,167037
7352,4,0,0,0,175166,175167
7353,8,0,0,0,158762,158763
7354,1,0,0,0,167034,167035
7355,1,0,0,0,167032,167033
7356,1,1,0,0,133175,133176
7357,1,1,0,0,133177,133178
7358,5,0,0,0,190993,190994
7359,5,0,0,0,190991,190992
7360,5,1,0,0,147781,147782
7361,5,1,0,0,147783,147784
7362,1,0,0,0,167030,167031
7363,1,0,0,0,167028,167029
7364,1,1,0,0,133179,133180
7365,1,1,0,0,133181,133182
7366,1,0,0,0,167026,167027
7367,1,0,0,0,167024,167025
7368,1,1,0,0,133183,133184
7369,1,1,0,0,133185,133186
7370,3,0,0,0,318107,318108
7371,1,0,0,0,167022,167023
7372,1,0,0,0,167020,167021
7373,1,1,0,0,133187,133188
7374,1,1,0,0,133189,133190
7375,1,0,0,0,167018,167019
7376,1,0,0,0,167016,167017
7377,1,0,0,0,167014,167015
7378,1,1,0,0,133191,133192
7379,1,1,0,0,133193,133194
7380,1,0,0,0,167012,167013
7381,1,1,0,0,133195,133196
7382,1,1,0,0,133197,133198
7383,1,0,0,0,167010,167011
7384,1,0,0,0,167008,167009
7385,1,1,0,0,133199,133200
7386,1,0,0,0,167006,167007
7387,1,1,0,0,133201,133202
7388,1,0,0,0,167004,167005
7389,1,1,0,0,133203,133204
7390,1,0,0,0,167002,167003
7391,1,1,0,0,133205,133206
7392,1,1,0,0,133207,133208
7393,1,1,0,0,133209,133210
7394,1,0,0,0,167000,167001
7395,1,0,0,0,166998,166999
7396,1,1,0,0,133211,133212
7397,1,1,0,0,133213,133214
7398,1,0,0,0,166996,166997
7399,1,0,0,0,166994,166995
7400,1,1,0,0,133215,133216
7401,1,1,0,0,133217,133218
7402,1,0,0,0,166992,166993
7403,1,0,0,0,166990,166991
7404,1,1,0,0,133219,133220
7405,1,1,0,0,133221,133222
7406,1,0,0,0,166988,166989
7407,1,0,0,0,166986,166987
7408,1,1,0,0,133223,133224
7409,1,1,0,0,133225,133226
7410,1,0,0,0,166984,166985
7411,1,0,0,0,166982,166983
7412,1,1,0,0,133227,133228
7413,1,1,0,0,133229,133230
7414,1,0,0,0,166980,166981
7415,1,0,0,0,166978,166979
7416,1,1,0,0,133231,133232
7417,1,1,0,0,133233,133234
7418,1,1,0,0,133235,133236
7419,1,1,0,0,133237,133238
7420,8,0,0,0,158760,158761
7421,8,0,0,0,158758,158759
7422,8,1,0,0,177909,177910
7423,8,1,0,0,177907,177908
7424,8,0,0,0,158756,158757
7425,8,0,0,0,158754,158755
7426,8,1,0,0,177905,177906
7427,8,1,0,0,177903,177904
7428,8,0,0,0,158752,158753
7429,8,0,0,0,158750,158751
7430,8,1,0,0,177901,177902
7431,8,1,0,0,177899,177900
7432,8,0,0,0,158748,158749
7433,5,0,0,0,190989,190990
7434,5,0,0,0,190987,190988
7435,5,1,0,0,147785,147786
7436,5,1,0,0,147787,147788
7437,8,0,0,0,158746,158747
7438,1,0,0,0,166976,166977
7439,1,0,0,0,166974,166975
7440,9,0,0,0,318109,0
7441,4,1,0,0,144661,144662
7442,1,0,0,0,166972,166973
7443,4,1,0,0,144659,144660
7444,4,1,0,0,144657,144658
7445,5,0,0,0,179515,179516
7446,1,0,0,0,166970,166971
7447,2,0,0,0,172770,172771
7448,1,0,0,0,166968,166969
7449,1,1,0,0,133239,133240
7450,3,0,0,0,318110,318111
7451,1,0,0,0,166966,166967
7453,7,1,0,0,119198,119199
7454,1,1,0,0,133241,133242
7455,1,0,0,0,166964,166965
7456,3,0,0,0,318112,318113
7457,1,0,0,0,166962,166963
7458,5,0,0,0,190985,190986
7459,1,0,0,0,166960,166961
7460,3,0,0,0,318114,318115
7461,9,0,0,0,318116,0
7462,8,0,0,0,158744,158745
7463,5,0,0,0,0,190984
7464,1,0,0,0,166958,166959
7465,1,0,0,0,166956,166957
7466,1,0,0,0,166954,166955
7467,1,1,0,0,133243,133244
7468,3,1,0,0,116589,116590
7469,1,1,0,0,133245,133246
7470,1,0,0,0,166952,166953
7471,1,0,0,0,166950,166951
7472,1,0,0,0,166948,166949
7473,1,1,0,0,133247,133248
7474,1,1,0,0,133249,133250
7475,1,0,0,0,166946,166947
7476,1,0,0,0,166944,166945
7477,1,1,0,0,133251,133252
7478,1,1,0,0,133253,133254
7479,1,0,0,0,166942,166943
7480,1,0,0,0,166940,166941
7481,1,1,0,0,133255,133256
7482,1,1,0,0,133257,133258
7484,1,0,0,0,166938,166939
7485,1,1,0,0,133259,133260
7486,1,1,0,0,133261,133262
7487,1,0,0,0,166936,166937
7488,1,0,0,0,166934,166935
7489,1,0,0,0,166932,166933
7490,1,1,0,0,133263,133264
7491,1,1,0,0,133265,133266
7492,1,0,0,0,166928,166930
7493,1,0,0,0,166926,166927
7494,1,1,0,0,133267,133268
7495,1,1,0,0,133269,133270
7496,1,0,0,0,166924,166925
7497,1,0,0,0,166922,166923
7498,1,1,0,0,133271,133272
7499,1,1,0,0,133273,133274
7500,1,1,0,0,133275,133276
7501,1,1,0,0,133277,133278
7502,1,0,0,0,166918,166919
7503,1,0,0,0,166916,166917
7504,1,0,0,0,166914,166915
7505,1,0,0,0,166912,166913
7506,1,1,0,0,133279,133280
7507,1,1,0,0,133281,133282
7508,1,0,0,0,166910,166911
7509,1,0,0,0,166908,166909
7510,1,0,0,0,166906,166907
7511,1,1,0,0,133283,133284
7512,1,1,0,0,133285,133286
7513,1,1,0,0,133287,133288
7514,1,1,0,0,133289,133290
7515,1,0,0,0,166904,166905
7516,1,0,0,0,166902,166903
7517,1,1,0,0,133291,133292
7518,1,1,0,0,133293,133294
7519,1,0,0,0,166900,166901
7520,1,0,0,0,166898,166899
7521,1,1,0,0,133295,133296
7522,1,1,0,0,133297,133298
7523,1,0,0,0,166896,166897
7524,1,0,0,0,166894,166895
7525,1,0,0,0,166892,166893
7526,1,1,0,0,133299,133300
7527,1,1,0,0,133301,133302
7528,1,0,0,0,166890,166891
7529,1,0,0,0,166888,166889
7530,1,0,0,0,166886,166887
7531,7,0,0,0,208322,208323
7532,1,1,0,0,133303,133304
7533,5,1,0,0,147789,147790
7534,1,0,0,0,166884,166885
7535,5,0,0,0,190981,190982
7536,1,0,0,0,166882,166883
7537,4,0,0,0,175164,175165
7538,3,1,0,0,116591,116592
7539,1,1,0,0,133305,133306
7540,5,1,0,0,147791,147792
7541,1,0,0,0,166880,166881
7542,1,1,0,0,133307,133308
7543,6,1,0,0,136179,136180
7544,4,1,0,0,144655,144656
7545,6,0,0,0,114287,114288
7546,4,0,0,0,175162,175163
7563,7,1,1,0,0,119197
7564,2,0,0,0,172766,172767
7565,7,1,0,0,119194,119195
7566,7,1,0,0,119192,119193
7567,5,0,0,0,190979,190980
7568,4,1,0,0,144653,144654
7569,7,1,0,0,119190,119191
7570,4,1,0,0,144651,144652
7571,5,0,0,0,190977,190978
7572,6,0,0,0,114285,114286
7573,2,0,0,0,172764,172765
7574,5,1,0,0,147793,147794
7575,5,0,0,0,190975,190976
7576,6,0,0,0,114283,114284
7577,4,1,0,0,144649,144650
7578,3,0,0,0,318117,318118
7579,1,0,0,0,166878,166879
7580,2,0,0,0,172762,172763
7581,5,0,0,0,190973,190974
7582,1,1,0,0,133309,133310
7583,4,1,0,0,144647,144648
7603,1,1,0,0,133311,133312
7604,1,1,0,0,133313,133314
7605,2,0,0,0,172760,172761
7606,6,0,0,0,114281,114282
7607,4,1,0,0,144645,144646
7608,4,0,0,0,175160,175161
7609,6,0,0,0,114279,114280
7610,5,0,0,0,190971,190972
7611,7,1,0,0,119188,119189
7612,6,1,0,0,136181,136182
7613,3,0,0,0,318119,318120
7614,1,0,0,0,166876,166877
7615,3,0,0,0,318121,318122
7616,3,0,0,0,318123,318124
7617,1,0,0,0,166874,166875
7618,4,0,0,0,175158,175159
7619,1,0,0,0,166872,166873
7620,1,1,0,0,133315,133316
7621,1,1,0,0,133317,133318
7622,3,0,0,0,318125,318126
7623,4,0,0,0,175156,175157
7624,4,1,0,0,144643,144644
7625,6,0,0,0,114277,114278
7626,4,0,0,0,175154,175155
7627,4,0,0,0,175152,175153
7628,6,1,0,0,136183,136184
7629,9,1,0,0,318127,0
7630,9,0,0,0,318128,0
7631,6,1,0,0,136185,136186
7632,1,0,0,0,166870,166871
7633,6,0,0,0,114275,114276
7634,9,1,0,0,318129,0
7635,9,0,0,0,318130,0
7636,9,0,0,0,318131,0
7638,4,1,0,0,144641,144642
7639,2,0,0,0,172758,172759
7640,8,1,0,0,177897,177898
7641,8,0,0,0,158742,158743
7642,8,1,0,0,177895,177896
7643,9,1,0,0,318132,0
7645,1,0,0,0,166868,166869
7646,1,0,0,0,166866,166867
7647,1,0,0,0,166864,166865
7663,6,1,0,0,136187,136188
7664,3,0,0,0,318133,318134
7665,3,0,0,0,318135,318136
7666,2,0,0,0,172756,172757
7667,2,0,0,0,172754,172755
7668,2,0,0,0,172752,172753
7669,7,1,0,0,119186,119187
7683,1,0,0,0,166862,166863
7684,5,1,0,0,147795,147796
7685,8,0,0,0,158740,158741
7686,2,0,0,0,172750,172751
7687,5,1,0,0,147797,147798
7688,6,0,0,0,114273,114274
7689,6,0,0,0,114271,114272
7690,6,1,0,0,136189,136190
7691,6,1,0,0,136191,136192
7692,4,0,0,0,175150,175151
7693,9,0,0,0,318137,0
7694,9,0,0,0,318138,0
7695,9,0,0,0,318139,0
7696,9,0,0,0,318140,0
7697,9,0,0,0,318141,0
7698,9,1,0,0,318142,0
7699,9,1,0,0,318143,0
7700,9,1,0,0,318144,0
7701,9,0,0,0,318145,0
7702,9,0,0,0,318146,0
7703,4,1,0,0,144639,144640
7723,5,0,0,0,190969,190970
7724,1,0,0,0,166860,166861
7725,1,0,0,0,166858,166859
7726,1,1,0,0,133319,133320
7727,1,1,0,0,133321,133322
7728,5,0,0,0,190967,190968
7743,4,1,0,0,144637,144638
7744,4,0,0,0,175148,175149
7763,4,1,0,0,144635,144636
7783,1,1,0,0,133323,133324
7784,1,0,0,0,166856,166857
7785,1,0,0,0,166854,166855
7803,1,0,0,0,166852,166853
7804,1,0,0,0,166850,166851
7823,1,0,0,0,166848,166849
7824,1,0,0,0,166846,166847
7825,1,1,0,0,133325,133326
7826,1,1,0,0,133327,133328
7827,6,0,0,0,114269,114270
7843,6,0,0,0,114268,114736
7844,4,0,0,0,175146,175147
7845,9,0,0,0,318147,0
7846,7,0,0,0,208320,208321
7847,4,1,0,0,144633,144634
7863,1,0,0,0,166844,166845
7864,1,0,0,0,166842,166843
7865,1,1,0,0,133329,133330
7866,1,0,0,0,166840,166841
7867,1,0,0,0,166838,166839
7868,1,1,0,0,133331,133332
7869,1,1,0,0,133333,133334
7870,1,1,0,0,133335,133336
7871,1,0,0,0,166836,166837
7872,1,0,0,0,166834,166835
7873,1,1,0,0,133337,133338
7874,1,1,0,0,133339,133340
7875,1,0,0,0,166832,166833
7876,1,1,0,0,133341,133342
7877,3,0,0,0,318148,318149
7878,1,0,0,0,166830,166831
7879,1,0,0,0,166828,166829
7880,1,0,0,0,166826,166827
7881,1,0,0,0,166824,166825
7883,1,0,0,0,166822,166823
7884,8,0,0,0,158738,158739
7885,8,0,0,0,158736,158737
7886,8,0,0,0,158734,158735
7887,1,1,0,0,133343,133344
7888,1,0,0,0,166820,166821
7889,8,0,0,0,158732,158733
7890,8,0,0,0,158730,158731
7891,8,0,0,0,158728,158729
7892,8,0,0,0,158726,158727
7896,1,0,0,0,166818,166819
7897,1,1,0,0,133345,133346
7902,8,0,0,0,158724,158725
7903,8,0,0,0,158722,158723
7904,8,1,0,0,177893,177894
7905,8,1,0,0,177891,177892
7906,1,0,0,0,166816,166817
7907,1,1,0,0,133347,133348
7908,8,0,0,0,158720,158721
7909,8,0,0,0,158718,158719
7910,8,1,0,0,177889,177890
7911,8,1,0,0,177887,177888
7912,8,0,0,0,158716,158717
7913,8,0,0,0,158714,158715
7914,1,0,0,0,166814,166815
7915,8,1,0,0,177885,177886
7916,1,1,0,0,133349,133350
7917,8,1,0,0,177883,177884
7918,7,0,0,0,208318,208319
7919,1,0,0,0,166812,166813
7920,8,0,0,0,158712,158713
7921,1,1,0,0,133351,133352
7922,8,0,0,0,158710,158711
7923,7,1,0,0,119184,119185
7924,8,1,0,0,177881,177882
7925,8,1,0,0,177879,177880
7926,1,0,0,0,166810,166811
7927,1,1,0,0,133353,133354
7928,7,0,0,0,208316,208317
7929,8,0,0,0,158708,158709
7930,7,1,0,0,119182,119183
7931,1,0,0,0,166808,166809
7932,1,1,0,0,133355,133356
7933,7,1,0,0,119180,119181
7934,1,0,0,0,166806,166807
7935,1,1,0,0,133357,133358
7936,7,0,0,0,208314,208315
7937,1,0,0,0,166804,166805
7938,1,1,0,0,133359,133360
7939,7,1,0,0,119178,119179
7940,1,0,0,0,166802,166803
7941,1,1,0,0,133361,133362
7942,7,0,0,0,208312,208313
7943,1,0,0,0,166800,166801
7944,1,1,0,0,133363,133364
7945,7,0,0,0,208310,208311
7946,8,0,0,0,158706,158707
7947,8,1,0,0,177877,177878
7948,8,1,0,0,177875,177876
7949,8,0,0,0,158704,158705
7950,8,0,0,0,158702,158703
7951,8,1,0,0,177873,177874
7952,8,1,0,0,177871,177872
7954,8,0,0,0,158700,158701
7955,8,1,0,0,177869,177870
7956,8,1,0,0,177867,177868
7957,8,0,0,0,158698,158699
7958,8,0,0,0,158696,158697
7959,8,1,0,0,177865,177866
7960,8,1,0,0,177863,177864
7963,8,0,0,0,158694,158695
7964,8,0,0,0,158692,158693
7965,8,1,0,0,177861,177862
7966,8,1,0,0,177859,177860
7967,8,0,0,0,158690,158691
7968,8,0,0,0,158688,158689
7969,8,1,0,0,177857,177858
7970,8,1,0,0,177855,177856
7971,8,0,0,0,158686,158687
7972,8,0,0,0,158684,158685
7973,8,1,0,0,177853,177854
7974,8,1,0,0,177851,177852
7975,8,0,0,0,158682,158683
7976,8,0,0,0,158680,158681
7977,4,0,0,0,175144,175145
7978,8,1,0,0,177849,177850
7979,8,1,0,0,177847,177848
7980,4,1,0,0,144631,144632
7981,4,0,0,0,175142,175143
7982,4,1,0,0,144629,144630
7983,4,0,0,0,175140,175141
7984,4,1,0,0,144627,144628
7985,4,0,0,0,175138,175139
7986,4,1,0,0,144625,144626
7987,4,0,0,0,175136,175137
7988,4,0,0,0,175134,175135
7989,4,1,0,0,144623,144624
7990,4,1,0,0,144621,144622
7991,8,0,0,0,158678,158679
7992,8,0,0,0,158676,158677
7993,8,1,0,0,177845,177846
7994,8,1,0,0,177843,177844
7995,8,0,0,0,158674,158675
7996,8,0,0,0,158672,158673
7997,8,1,0,0,177841,177842
7998,8,1,0,0,177839,177840
7999,8,0,0,0,158670,158671
8000,8,0,0,0,158668,158669
8001,8,1,0,0,177837,177838
8002,8,1,0,0,177835,177836
8003,8,0,0,0,158666,158667
8004,8,0,0,0,158664,158665
8005,8,1,0,0,177833,177834
8006,8,1,0,0,177831,177832
8007,8,0,0,0,158662,158663
8008,8,0,0,0,158660,158661
8009,8,1,0,0,177829,177830
8010,8,1,0,0,177827,177828
8011,8,0,0,0,158658,158659
8012,8,0,0,0,158656,158657
8013,8,1,0,0,177825,177826
8014,8,1,0,0,177823,177824
8015,8,0,0,0,158654,158655
8016,4,0,0,0,175132,175133
8017,4,0,0,0,175130,175131
8018,4,1,0,0,144619,144620
8019,4,1,0,0,144617,144618
8020,8,0,0,0,158652,158653
8021,8,1,0,0,177821,177822
8022,8,1,0,0,177819,177820
8023,4,0,0,0,175128,175129
8024,4,0,0,0,175126,175127
8025,4,1,0,0,144615,144616
8026,4,1,0,0,144613,144614
8027,4,0,0,0,175124,175125
8028,4,1,0,0,144611,144612
8029,1,0,0,0,166798,166799
8030,5,1,0,0,147799,147800
8031,6,0,0,0,114737,114738
8032,1,0,0,0,166796,166797
8033,7,0,0,0,208308,208309
8034,5,0,0,0,190965,190966
8035,2,0,0,0,172748,172749
8036,1,0,0,0,166794,166795
8037,5,0,0,0,190963,190964
8038,7,1,0,0,119176,119177
8039,5,1,0,0,147801,147802
8040,5,0,0,0,190961,190962
8041,1,1,0,0,133365,133366
8042,6,0,0,0,114739,114740
8043,1,0,0,0,166792,166793
8044,1,1,0,0,133367,133368
8045,8,0,0,0,0,158651
8046,7,0,0,0,208306,208307
8047,5,1,0,0,147803,147804
8048,7,1,0,0,119174,119175
8049,8,1,0,0,177817,177818
8050,7,0,0,0,208304,208305
8051,1,0,0,0,166790,166791
8052,5,1,0,0,147805,147806
8053,5,0,0,0,190959,190960
8054,1,1,0,0,133369,133370
8055,5,1,0,0,147807,147808
8056,8,1,0,0,177815,177816
8057,1,0,0,0,166788,166789
8058,5,0,0,0,190957,190958
8059,1,1,0,0,133371,133372
8060,5,0,0,0,190955,190956
8061,1,0,0,0,166786,166787
8062,5,1,0,0,147809,147810
8063,1,1,0,0,133373,133374
8064,5,0,0,0,190953,190954
8065,1,0,0,0,166784,166785
8066,8,0,0,0,158648,158649
8067,8,0,0,0,158646,158647
8068,1,1,0,0,133375,133376
8069,8,0,0,0,158644,158645
8070,8,0,0,0,158642,158643
8071,1,0,0,0,166782,166783
8072,2,0,0,0,172746,172747
8073,3,1,6,0,116593,116594
8074,5,0,0,0,190951,190952
8075,1,1,0,0,133377,133378
8076,6,0,0,0,114741,114742
8077,4,1,0,0,144609,144610
8078,8,0,0,0,158640,158641
8079,8,0,0,0,158638,158639
8080,4,0,0,0,175122,175123
8081,8,0,0,0,158636,158637
8082,5,1,0,0,147811,147812
8083,1,0,0,0,166780,166781
8084,1,1,0,0,133379,133380
8085,4,1,0,0,144607,144608
8086,1,0,0,0,166778,166779
8087,1,1,0,0,133381,133382
8088,4,1,0,0,144605,144606
8089,4,1,0,0,144603,144604
8090,4,1,0,0,144601,144602
8091,4,1,0,0,144599,144600
8092,4,1,0,0,144597,144598
8094,1,0,0,0,166776,166777
8095,3,0,0,0,318150,318151
8096,3,0,0,0,318152,318153
8097,3,0,0,0,318154,318155
8098,3,1,0,0,116595,116596
8099,3,0,0,0,318156,318157
8100,8,0,0,0,158634,158635
8101,8,0,0,0,158632,158633
8102,8,0,0,0,158630,158631
8103,8,1,0,0,177813,177814
8104,8,1,0,0,177811,177812
8105,5,1,0,0,147813,147814
8106,5,0,0,0,190949,190950
8107,5,1,0,0,147815,147816
8108,5,0,0,0,190947,190948
8109,5,1,0,0,147817,147818
8110,1,0,0,0,166774,166775
8111,1,0,0,0,166772,166773
8112,3,1,0,0,116597,116598
8113,9,0,0,0,318158,0
8114,4,1,0,0,144595,144596
8115,6,0,0,0,114743,114744
8123,9,0,0,0,318159,0
8124,9,0,0,0,318160,0
8125,9,0,0,0,318161,0
8126,9,0,0,0,318162,0
8127,9,0,0,0,318163,0
8128,9,1,0,0,318164,0
8129,1,0,0,0,166762,166763
8130,1,0,0,0,166760,166761
8131,1,1,0,0,133383,133384
8132,1,1,0,0,133385,133386
8133,1,0,0,0,166758,166759
8136,1,1,0,0,133387,133388
8137,3,0,0,0,0,318166
8138,2,1,0,0,113283,113284
8143,2,0,0,0,172744,172745
8144,2,0,0,0,172742,172743
8145,2,0,0,0,172740,172741
8146,2,1,0,0,113281,113282
8147,2,1,0,0,113279,113280
8148,2,0,0,0,172738,172739
8149,2,0,0,0,172736,172737
8150,2,1,0,0,113277,113278
8151,2,1,0,0,113275,113276
8152,2,0,0,0,172734,172735
8153,2,0,0,0,172732,172733
8154,2,1,0,0,113273,113274
8155,2,1,0,0,113271,113272
8156,8,0,0,0,158628,158629
8157,8,1,0,0,177809,177810
8158,9,0,0,0,318169,0
8159,8,0,0,0,158626,158627
8160,6,0,0,0,114745,114746
8161,9,0,0,0,318170,0
8162,1,0,0,0,166756,166757
8163,4,0,0,0,175120,175121
8164,3,1,0,0,116599,116600
8165,5,0,0,0,190945,190946
8166,1,0,0,0,166754,166755
8167,6,0,0,0,114747,114748
8168,1,0,0,0,166752,166753
8169,5,1,0,0,147819,147820
8170,7,0,0,0,208302,208303
8171,1,1,0,0,133389,133390
8172,5,0,0,0,190943,190944
8173,5,0,0,0,190941,190942
8177,1,0,0,0,166750,166751
8178,2,0,0,0,172730,172731
8179,3,0,0,0,318171,318172
8180,7,0,0,0,208300,208301
8182,1,1,0,0,133391,133392
8183,2,1,0,0,113269,113270
8185,1,0,0,0,166748,166749
8192,5,1,0,0,147821,147822
8193,8,0,0,0,158624,158625
8194,6,0,0,0,114749,114750
8195,3,1,0,0,116601,116602
8196,4,0,0,0,175118,175119
8197,7,1,0,0,119172,119173
8203,9,0,0,0,318173,0
8204,9,0,0,0,318174,0
8223,2,0,0,0,172728,172729
8224,4,1,0,0,144593,144594
8243,4,1,0,0,144591,144592
8244,4,1,0,0,144589,144590
8245,4,0,0,0,175116,175117
8246,8,1,0,0,177807,177808
8247,3,0,0,0,318175,318176
8248,8,0,0,0,158622,158623
8249,4,1,0,0,144587,144588
8250,2,0,0,0,172726,172727
8251,6,1,0,0,136193,136194
8252,5,0,0,0,190939,190940
8253,9,1,0,0,318177,0
8254,9,1,0,0,318178,0
8256,9,0,0,0,318179,0
8257,4,0,0,0,175114,175115
8258,6,1,0,0,136195,136196
8259,4,1,0,0,144585,144586
8260,3,1,0,0,116603,116604
8261,8,1,0,0,177805,177806
8262,3,1,0,0,116605,116606
8263,2,0,0,0,172724,172725
8264,4,1,0,0,144583,144584
8265,6,0,0,0,114751,114752
8266,8,1,0,0,177803,177804
8267,3,0,0,0,318180,318181
8268,2,0,0,0,172722,172723
8269,4,1,0,0,144581,144582
8270,6,0,0,0,114753,114754
8271,3,1,0,0,116607,116608
8272,3,0,0,0,318182,318183
8273,3,1,0,0,116609,116610
8274,6,1,0,0,136197,136198
8275,6,0,0,0,114755,114756
8276,9,1,0,0,318184,0
8277,9,0,0,0,318185,0
8278,7,1,0,0,119170,119171
8279,4,1,0,0,144579,144580
8280,1,1,0,0,133393,133394
8281,1,1,0,0,133395,133396
8282,5,0,0,0,190937,190938
8283,1,0,0,0,166746,166747
8284,8,0,0,0,158620,158621
8285,1,1,0,0,133397,133398
8286,1,1,0,0,133399,133400
8287,8,1,0,0,177801,177802
8288,8,1,0,0,177799,177800
8289,8,0,0,0,158618,158619
8290,7,0,0,0,208298,208299
8303,4,1,0,0,144577,144578
8323,7,0,0,0,208296,208297
8324,8,0,0,0,158616,158617
8325,8,0,0,0,158614,158615
8326,8,1,0,0,177797,177798
8327,8,1,0,0,177795,177796
8328,8,0,0,0,158612,158613
8329,8,0,0,0,158610,158611
8330,8,1,0,0,177793,177794
8331,8,1,0,0,177791,177792
8332,6,0,0,0,114757,114758
8333,4,1,0,0,144575,144576
8334,6,0,0,0,114759,114760
8335,5,0,0,0,190935,190936
8336,4,1,0,0,144573,144574
8337,4,0,0,0,175112,175113
8338,4,0,0,0,175110,175111
8339,6,1,0,0,136199,136200
8340,6,1,0,0,136201,136202
8341,6,0,0,0,114761,114762
8342,6,0,0,0,114763,114764
8343,4,0,0,0,175108,175109
8344,4,1,0,0,144571,144572
8345,6,0,0,0,114765,114766
8346,6,1,0,0,136203,136204
8347,9,0,0,0,318186,0
8363,6,1,0,0,136205,136206
8364,6,0,0,0,114767,114768
8365,6,0,0,0,114769,114770
8366,1,0,0,0,166744,166745
8367,6,0,0,0,114771,114772
8368,1,0,0,0,166742,166743
8369,6,0,0,0,114773,114775
8370,6,1,0,0,136207,136208
8371,6,0,0,0,114777,114778
8372,2,0,0,0,172720,172721
8373,6,0,0,0,114779,114780
8374,7,1,0,0,119168,119169
8375,2,0,0,0,172718,172719
8376,6,0,0,0,114781,114782
8377,4,1,0,0,144569,144570
8378,1,0,0,0,166740,166741
8379,5,0,0,0,190933,190934
8380,3,0,0,0,318187,318188
8383,2,0,0,0,172716,172717
8384,1,0,0,0,166738,166739
8385,5,1,0,0,147823,147824
8386,2,0,0,0,172714,172715
8387,3,1,0,0,116611,116612
8388,1,0,0,0,166736,166737
8389,1,1,0,0,133401,133402
8390,5,0,0,0,190931,190932
8391,8,0,0,0,158608,158609
8392,7,0,0,0,208294,208295
8393,1,0,0,0,166734,166735
8394,1,1,0,0,133403,133404
8395,3,1,0,0,116613,116614
8396,5,0,0,0,190929,190930
8397,2,1,0,0,113267,113268
8398,8,0,0,0,158606,158607
8399,3,0,0,0,318189,318190
8400,7,1,0,0,119166,119167
8401,3,0,0,0,318191,318192
8402,3,0,0,0,318193,318194
8403,3,0,0,0,318195,318196
8404,3,0,0,0,318197,318198
8405,3,0,0,0,318199,318200
8406,1,1,0,0,133405,133406
8407,1,0,0,0,166732,166733
8423,2,0,0,0,172712,172713
8424,2,1,0,0,113265,113266
8425,2,0,0,0,172710,172711
8426,6,0,0,0,114783,114784
8427,2,0,0,0,172708,172709
8428,2,0,0,0,172706,172707
8429,2,1,0,0,113263,113264
8430,2,1,0,0,113261,113262
8431,2,0,0,0,172704,172705
8432,2,0,0,0,172702,172703
8433,2,1,0,0,113259,113260
8434,2,1,0,0,113257,113258
8435,2,0,0,0,172700,172701
8436,2,0,0,0,172698,172699
8437,2,1,0,0,113255,113256
8438,2,1,0,0,113253,113254
8439,2,0,0,0,172696,172697
8440,2,0,0,0,172694,172695
8441,2,1,0,0,113251,113252
8442,2,1,0,0,113249,113250
8443,2,0,0,0,172692,172693
8444,2,0,0,0,172690,172691
8445,2,1,0,0,113247,113248
8446,2,1,0,0,113245,113246
8447,1,1,0,0,133407,133408
8448,1,1,0,0,133409,133410
8449,6,0,0,0,114785,114786
8450,6,0,0,0,114787,114788
8451,6,1,0,0,136209,136210
8452,6,1,0,0,136211,136212
8453,6,0,0,0,114789,114790
8454,6,0,0,0,114791,114792
8455,6,1,0,0,136213,136214
8456,6,1,0,0,136215,136216
8457,6,0,0,0,114793,114794
8458,6,0,0,0,114795,114796
8459,6,1,0,0,136217,136218
8460,6,1,0,0,136219,136220
8461,6,0,0,0,114797,114798
8462,6,0,0,0,114799,114800
8463,6,0,0,0,114801,114802
8464,6,1,0,0,136221,136222
8465,6,1,0,0,136223,136224
8466,1,1,0,0,133411,133412
8467,1,0,0,0,166730,166731
8468,1,0,0,0,166728,166729
8469,2,0,0,0,172688,172689
8470,2,0,0,0,172686,172687
8471,3,0,0,0,318201,318202
8472,1,1,0,0,133413,133414
8473,1,1,0,0,133415,133416
8474,3,0,0,0,318203,318204
8475,4,0,0,0,175106,175107
8476,2,1,0,0,113243,113244
8477,6,0,0,0,114803,114804
8478,5,1,0,0,147825,147826
8479,4,1,0,0,144567,144568
8480,9,0,0,0,318205,0
8481,9,0,0,0,318206,0
8482,9,0,0,0,318207,0
8483,9,1,0,0,318208,0
8484,1,1,0,0,133417,133418
8485,1,0,0,0,166726,166727
8486,3,0,0,0,318209,318210
8487,4,1,0,0,144565,144566
8488,3,0,0,0,318211,318212
8489,4,1,0,0,144563,144564
8490,1,0,0,0,166724,166725
8491,6,0,0,0,114805,114806
8492,5,0,0,0,190927,190928
8493,1,0,0,0,166722,166723
8494,2,1,0,0,113241,113242
8495,3,0,0,0,318213,318214
8496,4,1,0,0,144561,144562
8497,8,0,0,0,158604,158605
8498,7,1,0,0,119164,119165
8499,2,0,0,0,172684,172685
8500,4,0,0,0,175104,175105
8503,1,1,0,0,133419,133420
8504,1,0,0,0,166720,166721
8523,2,0,0,0,172682,172683
8524,2,0,0,0,172680,172681
8525,2,0,0,0,172678,172679
8526,2,1,0,0,113239,113240
8527,2,1,0,0,113237,113238
8528,2,0,0,0,172676,172677
8529,2,1,0,0,113235,113236
8530,2,1,0,0,113233,113234
8531,2,0,0,0,172674,172675
8532,2,0,0,0,172672,172673
8533,2,0,0,0,172670,172671
8534,2,1,0,0,113231,113232
8535,2,1,0,0,113229,113230
8536,2,0,0,0,172668,172669
8537,2,1,0,0,113227,113228
8538,2,1,0,0,113225,113226
8539,2,0,0,0,172666,172667
8540,2,0,0,0,172664,172665
8541,2,1,0,0,113223,113224
8542,2,1,0,0,113221,113222
8543,2,0,0,0,172662,172663
8544,2,0,0,0,172660,172661
8545,2,1,0,0,113219,113220
8546,2,1,0,0,113217,113218
8547,2,0,0,0,172658,172659
8548,2,0,0,0,172656,172657
8549,2,0,0,0,172654,172655
8550,2,0,0,0,172652,172653
8551,2,0,0,0,172650,172651
8552,2,1,0,0,113215,113216
8553,2,1,0,0,113213,113214
8554,2,1,0,0,113211,113212
8555,2,1,0,0,113209,113210
8556,2,0,0,0,172648,172649
8557,2,0,0,0,172646,172647
8558,2,0,0,0,172644,172645
8559,2,1,0,0,113207,113208
8560,2,1,0,0,113205,113206
8561,2,0,0,0,172642,172643
8562,2,1,0,0,113203,113204
8563,2,1,0,0,113201,113202
8564,2,0,0,0,172640,172641
8565,2,0,0,0,172638,172639
8566,2,1,0,0,113199,113200
8567,2,1,0,0,113197,113198
8568,2,0,0,0,172636,172637
8569,2,0,0,0,172634,172635
8570,2,0,0,0,172632,172633
8571,2,1,0,0,113195,113196
8572,2,1,0,0,113193,113194
8573,2,0,0,0,172630,172631
8574,2,0,0,0,172628,172629
8575,2,0,0,0,172626,172627
8576,2,1,0,0,113191,113192
8577,2,1,0,0,113189,113190
8578,2,0,0,0,172624,172625
8579,2,0,0,0,172622,172623
8580,2,1,0,0,113187,113188
8581,2,1,0,0,113185,113186
8582,2,0,0,0,172620,172621
8583,2,1,0,0,113183,113184
8584,2,1,0,0,113181,113182
8585,2,0,0,0,172618,172619
8586,2,0,0,0,172616,172617
8587,2,1,0,0,113179,113180
8588,2,1,0,0,113177,113178
8590,2,0,0,0,172614,172615
8591,2,0,0,0,172612,172613
8592,2,0,0,0,172610,172611
8593,2,1,0,0,113175,113176
8594,2,1,0,0,113173,113174
8595,2,1,0,0,113171,113172
8596,2,1,0,0,113169,113170
8597,8,0,0,0,158602,158603
8598,8,1,0,0,177789,177790
8599,4,1,0,0,144559,144560
8600,8,0,0,0,158600,158601
8601,8,1,0,0,177787,177788
8602,4,0,0,0,175102,175103
8603,8,1,0,0,177785,177786
8604,4,1,0,0,144557,144558
8605,4,0,0,0,175100,175101
8606,8,0,0,0,158598,158599
8607,4,1,0,0,144555,144556
8608,4,0,0,0,175098,175099
8609,3,0,0,0,318215,318216
8610,4,1,0,0,144553,144554
8611,8,1,0,0,177783,177784
8612,3,1,0,0,116615,116616
8613,3,0,0,0,318217,318218
8614,4,0,0,0,175096,175097
8615,3,1,0,0,116617,116618
8616,3,0,0,0,318219,318220
8617,4,1,0,0,144551,144552
8618,4,0,0,0,175094,175095
8619,6,0,0,0,114807,114808
8620,6,1,0,0,136225,136226
8623,2,1,0,0,113167,113168
8625,3,0,0,0,318221,318222
8627,3,1,0,0,116619,116620
8628,7,0,0,0,208292,208293
8629,7,1,0,0,119162,119163
8630,4,1,0,0,144549,144550
8631,4,1,0,0,144547,144548
8632,4,1,0,0,144545,144546
8633,4,1,0,0,144543,144544
8634,1,0,0,0,166718,166719
8635,3,0,0,0,318223,318224
8636,3,1,0,0,116621,116622
8637,7,0,0,0,208290,208291
8638,7,1,0,0,119160,119161
8639,2,0,0,0,172608,172609
8640,2,0,0,0,172606,172607
8641,6,0,0,0,114809,114810
8643,2,0,0,0,172604,172605
8644,6,1,0,0,136227,136228
8645,2,0,0,0,172602,172603
8646,2,0,0,0,172600,172601
8647,2,1,0,0,113165,113166
8648,6,0,0,0,114811,114812
8649,2,0,0,0,172598,172599
8663,2,0,0,0,172596,172597
8683,1,0,0,0,166716,166717
8703,3,1,0,0,116623,116624
8723,3,1,0,0,116625,116626
8743,8,1,0,0,177781,177782
8744,8,1,0,0,177779,177780
8745,8,0,0,0,158596,158597
8746,8,0,0,0,158594,158595
8763,1,0,0,0,166714,166715
8764,5,0,0,0,190925,190926
8765,2,1,0,0,113163,113164
8766,1,0,0,0,166712,166713
8767,7,0,0,0,208288,208289
8768,4,1,0,0,144541,144542
8769,4,1,0,0,144539,144540
8770,4,1,0,0,144537,144538
8771,7,0,0,0,208286,208287
8772,5,0,0,0,190923,190924
8773,8,0,0,0,158592,158593
8774,1,1,0,0,133421,133422
8775,3,0,0,0,318225,318226
8776,6,1,0,0,136229,136230
8777,6,0,0,0,114813,114814
8778,1,0,0,0,166710,166711
8779,1,0,0,0,166708,166709
8780,1,0,0,0,166706,166707
8781,8,1,0,0,177777,177778
8782,7,0,0,0,208284,208285
8783,7,0,0,0,208282,208283
8784,2,1,0,0,113161,113162
8785,2,0,0,0,172594,172595
8786,5,1,0,0,147827,147828
8787,1,1,0,0,133423,133424
8788,1,1,0,0,133425,133426
8789,4,1,0,0,144535,144536
8790,2,1,0,0,113159,113160
8791,3,0,0,0,318227,318228
8792,4,0,0,0,175092,175093
8793,4,1,0,0,144533,144534
8794,2,0,0,0,172592,172593
8795,2,0,0,0,172590,172591
8796,5,0,0,0,190921,190922
8797,1,0,0,0,166704,166705
8798,1,0,0,0,166702,166703
8799,4,1,0,0,144531,144532
8800,3,1,0,0,116627,116628
8801,3,0,0,0,318229,318230
8802,8,0,0,0,158590,158591
8803,5,0,0,0,190919,190920
8804,2,0,0,0,172588,172589
8805,7,1,0,0,119158,119159
8806,8,1,0,0,177775,177776
8807,7,1,0,0,119156,119157
8808,5,1,0,0,147829,147830
8809,2,0,0,0,172586,172587
8810,7,1,0,0,119154,119155
8811,7,0,0,0,208280,208281
8812,7,0,0,0,208278,208279
8813,6,0,0,0,114815,114816
8814,3,0,0,0,318231,318232
8815,2,1,0,0,113157,113158
8816,6,1,0,0,136231,136232
8817,2,0,0,0,172584,172585
8818,2,0,0,0,172582,172583
8819,2,1,0,0,113155,113156
8820,2,1,0,0,113153,113154
8822,1,1,0,0,133427,133428
8823,8,0,0,0,158588,158589
8824,4,0,0,0,175090,175091
8825,3,1,0,0,116629,116630
8826,1,0,0,0,166700,166701
8827,5,1,0,0,147831,147832
8828,8,0,0,0,158586,158587
8829,1,0,0,0,166698,166699
8830,1,0,0,0,166696,166697
8831,8,1,0,0,177773,177774
8832,2,0,0,0,172580,172581
8833,8,0,0,0,158584,158585
8834,2,0,0,0,172578,172579
8835,4,1,0,0,144529,144530
8836,4,1,0,0,144527,144528
8837,3,0,0,0,318233,318234
8838,7,0,0,0,208276,208277
8839,9,1,0,0,318235,0
8840,6,1,0,0,136233,136234
8841,6,0,0,0,114817,114818
8842,2,0,0,0,172576,172577
8843,2,1,0,0,113151,113152
8844,2,0,0,0,172574,172575
8845,2,1,0,0,113149,113150
8846,5,1,0,0,147833,147834
8847,2,0,0,0,172572,172573
8848,2,1,0,0,113147,113148
8849,2,0,0,0,172570,172571
8850,6,1,0,0,136235,136236
8851,8,0,0,0,158582,158583
8852,4,0,0,0,175088,175089
8863,8,0,0,0,158580,158581
8864,7,1,0,0,119152,119153
8883,1,0,0,0,166694,166695
8884,9,0,0,0,318236,0
8903,1,0,0,0,166692,166693
8904,2,0,0,0,172568,172569
8905,1,0,0,0,166690,166691
8906,1,0,0,0,166688,166689
8907,8,0,0,0,158578,158579
8923,4,0,0,0,175086,175087
8924,3,0,0,0,318237,318238
8925,2,0,0,0,172566,172567
8943,3,0,0,0,318239,318240
8963,1,0,0,0,166686,166687
8983,4,1,0,0,144525,144526
8984,4,1,0,0,144523,144524
9003,3,1,0,0,116631,116632
9004,3,0,0,0,318241,318242
9005,7,1,0,0,119150,119151
9006,7,0,0,0,208274,208275
9007,4,1,0,0,144521,144522
9008,4,1,0,0,144519,144520
9009,4,1,0,0,144517,144518
9010,4,1,0,0,144515,144516
9023,3,0,0,0,318243,318244
9024,3,1,0,0,116633,116634
9025,7,0,0,0,208272,208273
9026,7,1,0,0,119148,119149
9027,3,0,0,0,318245,318246
9028,3,1,0,0,116635,116636
9029,7,0,0,0,208270,208271
9030,7,1,0,0,119146,119147
9031,3,0,0,0,318247,318248
9032,3,0,0,0,318249,318250
9033,3,1,0,0,116637,116638
9034,7,0,0,0,208268,208269
9035,7,1,0,0,119144,119145
9036,3,1,0,0,116639,116640
9037,7,1,0,0,119142,119143
9038,7,0,0,0,208266,208267
9039,3,0,0,0,318251,318252
9040,3,1,0,0,116641,116642
9041,7,0,0,0,208264,208265
9042,7,1,0,0,119140,119141
9043,3,0,0,0,318253,318254
9044,3,1,0,0,116643,116644
9045,7,0,0,0,208262,208263
9046,7,1,0,0,119138,119139
9047,2,0,0,0,172564,172565
9048,2,0,0,0,172562,172563
9049,2,1,0,0,176756,176757
9050,6,0,0,0,114819,114820
9051,2,0,0,0,172560,172561
9052,2,0,0,0,172558,172559
9053,4,1,0,0,144513,144514
9054,2,1,0,0,176754,176755
9055,6,0,0,0,114821,114822
9056,2,0,0,0,172556,172557
9057,2,0,0,0,172554,172555
9058,2,1,0,0,176752,176753
9059,2,1,0,0,176750,176751
9060,4,1,0,0,144511,144512
9061,4,1,0,0,144509,144510
9062,4,1,0,0,144507,144508
9063,2,0,0,0,172552,172553
9064,2,0,0,0,172550,172551
9065,2,1,0,0,176748,176749
9066,2,1,0,0,176746,176747
9067,2,1,0,0,176744,176745
9068,6,1,0,0,136237,136238
9069,6,0,0,0,114823,114824
9070,2,1,0,0,176742,176743
9071,3,0,0,0,318255,318256
9072,3,1,0,0,116645,116646
9073,2,0,0,0,172548,172549
9074,2,0,0,0,172546,172547
9075,6,1,0,0,136239,136240
9076,6,0,0,0,114825,114826
9077,2,1,0,0,176740,176741
9078,2,0,0,0,172544,172545
9079,6,1,0,0,136241,136242
9080,6,0,0,0,114827,114828
9081,2,1,0,0,176738,176739
9082,3,0,0,0,318257,318258
9083,3,0,0,0,318259,318260
9084,3,1,0,0,116647,116648
9085,3,1,0,0,116649,116650
9086,3,0,0,0,318261,318262
9087,3,0,0,0,318263,318264
9088,3,1,0,0,116651,116652
9089,3,1,0,0,116653,116654
9090,4,0,0,0,175084,175085
9091,1,0,0,0,166684,166685
9093,1,0,0,0,166682,166683
9094,2,0,0,0,172542,172543
9098,3,0,0,0,0,318266
9100,3,1,0,0,116655,116656
9102,2,0,0,0,172540,172541
9103,5,0,0,0,190917,190918
9104,2,1,0,0,176736,176737
9105,5,1,0,0,147835,147836
9106,2,0,0,0,172538,172539
9107,2,0,0,0,172536,172537
9108,1,1,0,0,133429,133430
9109,1,0,0,0,166680,166681
9110,6,0,0,0,114829,114830
9111,6,1,0,0,136243,136244
9112,6,0,0,0,114831,114832
9113,9,0,0,0,318267,0
9114,9,1,0,0,318268,0
9115,9,1,0,0,318269,0
9116,9,0,0,0,318270,0
9117,9,0,0,0,318271,0
9118,9,1,0,0,318272,0
9119,9,0,0,0,318273,0
9120,9,1,0,0,318274,0
9121,3,1,0,0,116657,116658
9122,3,0,0,0,318275,318276
9123,7,1,0,0,119136,119137
9124,7,0,0,0,208260,208261
9125,9,1,0,0,318277,0
9126,9,0,0,0,318278,0
9127,4,1,0,0,144505,144506
9128,4,1,0,0,144503,144504
9129,4,1,0,0,144501,144502
9130,4,1,0,0,144499,144500
9131,2,0,0,0,172534,172535
9132,2,0,0,0,172532,172533
9133,2,1,0,0,176734,176735
9134,6,0,0,0,114833,114834
9135,2,0,0,0,172530,172531
9136,2,1,0,0,176732,176733
9137,6,0,0,0,114835,114836
9138,6,1,0,0,136245,136246
9139,2,0,0,0,172528,172529
9140,3,0,0,0,318279,318280
9141,3,0,0,0,318281,318282
9142,3,1,0,0,116659,116660
9143,7,0,0,0,208258,208259
9144,7,1,0,0,119134,119135
9145,2,0,0,0,172526,172527
9146,2,0,0,0,172524,172525
9147,2,1,0,0,176730,176731
9148,2,1,0,0,176728,176729
9149,3,0,0,0,318283,318284
9150,3,1,0,0,116661,116662
9151,7,0,0,0,208256,208257
9152,7,1,0,0,119132,119133
9153,3,0,0,0,318285,318286
9154,3,0,0,0,318287,318288
9155,2,0,0,0,172522,172523
9156,3,0,0,0,318289,318290
9157,3,1,0,0,116663,116664
9158,7,0,0,0,208254,208255
9159,7,1,0,0,119130,119131
9160,1,0,0,0,166678,166679
9161,1,1,0,0,133431,133432
9162,4,0,0,0,175082,175083
9163,4,1,0,0,144497,144498
9164,2,0,0,0,172520,172521
9165,2,1,0,0,176726,176727
9166,6,0,0,0,114837,114838
9167,6,1,0,0,136247,136248
9168,2,0,0,0,172518,172519
9169,2,1,0,0,176724,176725
9170,6,0,0,0,114839,114840
9171,6,1,0,0,136249,136250
9172,2,1,0,0,176722,176723
9173,4,1,0,0,144494,144495
9183,4,0,0,0,175080,175081
9184,2,1,0,0,176720,176721
9185,2,0,0,0,172516,172517
9186,2,0,0,0,172514,172515
9187,2,1,0,0,176718,176719
9188,2,1,0,0,176716,176717
9189,2,0,0,0,172512,172513
9203,2,0,0,0,172510,172511
9206,2,0,0,0,172508,172509
9208,5,0,0,0,190915,190916
9209,1,0,0,0,166676,166677
9210,1,0,0,0,166674,166675
9211,1,1,0,0,133433,133434
9212,1,1,0,0,133435,133436
9213,9,0,0,0,318291,0
9214,1,1,0,0,133437,133438
9215,3,0,0,0,318292,318293
9216,1,1,0,0,133439,133440
9217,1,0,0,0,166672,166673
9218,1,0,0,0,166670,166671
9224,1,0,0,0,166668,166669
9229,3,0,0,0,318294,318295
9230,1,0,0,0,166666,166667
9231,4,0,0,0,175078,175079
9233,2,0,0,0,172506,172507
9234,7,0,0,0,208252,208253
9235,1,0,0,0,166664,166665
9236,4,0,0,0,175076,175077
9237,2,0,0,0,172504,172505
9238,1,0,0,0,166662,166663
9239,1,0,0,0,166660,166661
9240,3,0,0,0,318296,318297
9241,2,0,0,0,172502,172503
9242,2,0,0,0,172500,172501
9243,6,0,0,0,114841,114842
9244,5,0,0,0,190913,190914
9245,5,0,0,0,190911,190912
9246,6,0,0,0,114843,114844
9247,8,0,0,0,158576,158577
9248,1,0,0,0,166658,166659
9249,3,0,0,0,318298,318299
9250,4,0,0,0,175074,175075
9251,5,1,0,0,147837,147838
9252,2,1,0,0,176714,176715
9253,2,0,0,0,172498,172499
9254,3,0,0,0,318300,318301
9255,2,1,0,0,176712,176713
9256,6,1,0,0,136251,136252
9263,8,1,0,0,177771,177772
9265,1,1,0,0,133441,133442
9266,1,1,0,0,133443,133444
9267,1,0,0,0,166656,166657
9268,1,1,0,0,133445,133446
9269,1,0,0,0,166654,166655
9270,7,1,0,0,119128,119129
9271,7,1,0,0,119126,119127
9272,7,1,0,0,119124,119125
9273,7,1,0,0,119122,119123
9274,7,0,0,0,208250,208251
9275,7,0,0,0,208248,208249
9276,7,0,0,0,208246,208247
9277,7,0,0,0,208244,208245
9278,2,0,0,0,172496,172497
9279,2,1,0,0,176710,176711
9280,5,0,0,0,190909,190910
9281,5,1,0,0,147839,147840
9282,2,0,0,0,172494,172495
9283,2,0,0,0,172492,172493
9284,2,1,0,0,176708,176709
9285,5,0,0,0,190907,190908
9286,5,1,0,0,147841,147842
9287,2,1,0,0,176706,176707
9288,5,0,0,0,190905,190906
9289,5,1,0,0,147843,147844
9290,2,1,0,0,176704,176705
9291,2,0,0,0,172490,172491
9292,2,0,0,0,172488,172489
9293,2,1,0,0,176702,176703
9294,2,1,0,0,176700,176701
9295,6,0,0,0,114845,114846
9296,6,1,0,0,136253,136254
9297,2,0,0,0,172486,172487
9298,2,0,0,0,172484,172485
9299,2,0,0,0,172482,172483
9300,2,1,0,0,176698,176699
9301,6,0,0,0,114847,114848
9302,6,1,0,0,136255,136256
9303,2,0,0,0,172480,172481
9304,2,1,0,0,176696,176697
9305,6,0,0,0,114849,114850
9306,6,1,0,0,136257,136258
9307,2,0,0,0,172478,172479
9308,2,1,0,0,176694,176695
9309,6,0,0,0,114851,114852
9310,6,1,0,0,136259,136260
9323,2,1,0,0,113329,113330
9324,2,1,0,0,113327,113328
9325,2,1,0,0,113325,113326
9326,2,0,0,0,172476,172477
9327,2,0,0,0,172474,172475
9328,2,1,0,0,113323,113324
9329,2,1,0,0,113321,113322
9330,2,0,0,0,172472,172473
9331,2,0,0,0,172470,172471
9343,1,1,0,0,133447,133448
9344,4,0,0,0,175072,175073
9345,3,0,0,0,0,318303
9346,3,1,0,0,116665,116666
9347,4,0,0,0,175070,175071
9348,1,1,0,0,133449,133450
9349,3,0,0,0,318304,318305
9350,3,1,0,0,116667,116668
9351,4,0,0,0,175068,175069
9352,1,1,0,0,133451,133452
9353,3,0,0,0,318306,318307
9354,3,1,0,0,116669,116670
9355,4,0,0,0,175066,175067
9356,1,1,0,0,133453,133454
9357,3,0,0,0,318308,318309
9358,3,1,0,0,116671,116672
9359,1,0,0,0,166652,166653
9360,1,1,0,0,133455,133456
9361,3,0,0,0,318310,318311
9362,3,1,0,0,116673,116674
9363,1,0,0,0,166650,166651
9364,1,1,0,0,133457,133458
9365,3,0,0,0,318312,318313
9366,3,1,0,0,116675,116676
9367,1,0,0,0,166648,166649
9368,1,1,0,0,133459,133460
9369,3,0,0,0,318314,318315
9370,3,1,0,0,116677,116678
9371,1,0,0,0,166646,166647
9372,1,1,0,0,133461,133462
9373,1,0,0,0,166644,166645
9383,3,1,0,0,116679,116680
9403,8,1,0,0,177769,177770
9404,3,0,0,0,318316,318317
9405,4,1,0,0,144492,144493
9423,4,1,0,0,144490,144491
9424,4,1,0,0,144488,144489
9425,4,1,0,0,144486,144487
9426,4,1,0,0,144484,144485
9427,4,1,0,0,144482,144483
9428,4,1,0,0,144480,144481
9429,4,1,0,0,144478,144479
9430,4,1,0,0,144476,144477
9431,4,1,0,0,144474,144475
9432,4,1,0,0,144472,144473
9433,4,1,0,0,144470,144471
9434,4,1,0,0,144468,144469
9435,4,1,0,0,144466,144467
9436,4,1,0,0,144464,144465
9437,4,1,0,0,144462,144463
9443,3,0,0,0,318318,318319
9444,3,0,0,0,318320,318321
9445,3,1,0,0,116681,116682
9446,3,1,0,0,116683,116684
9447,3,0,0,0,318322,318323
9463,3,0,0,0,318324,318325
9483,2,1,0,0,113319,113320
9484,5,0,0,0,190903,190904
9485,5,1,0,0,147845,147846
9486,2,0,0,0,172468,172469
9487,2,1,0,0,113317,113318
9488,5,0,0,0,190901,190902
9489,5,1,0,0,147847,147848
9490,2,0,0,0,172466,172467
9491,2,1,0,0,113315,113316
9492,5,0,0,0,190899,190900
9493,5,1,0,0,147849,147850
9494,3,0,0,0,318326,318327
9495,2,0,0,0,172464,172465
9496,3,0,0,0,318328,318329
9497,2,1,0,0,113313,113314
9498,5,0,0,0,190897,190898
9499,5,1,0,0,147851,147852
9500,3,1,0,0,116685,116686
9501,3,1,0,0,116687,116688
9502,3,0,0,0,318330,318331
9503,3,0,0,0,318332,318333
9504,3,1,0,0,116689,116690
9505,3,1,0,0,116691,116692
9506,3,0,0,0,318334,318335
9507,3,0,0,0,318336,318337
9508,3,1,0,0,116693,116694
9509,3,1,0,0,116695,116696
9510,2,0,0,0,172462,172463
9511,3,0,0,0,318338,318339
9512,3,1,0,0,116697,116698
9513,3,0,0,0,318340,318341
9514,3,1,0,0,116699,116700
9515,3,1,0,0,116701,116702
9516,3,0,0,0,318342,318343
9517,3,0,0,0,318344,318345
9518,3,1,0,0,116703,116704
9519,3,1,0,0,116705,116706
9520,6,0,0,0,114853,114854
9521,6,0,0,0,114855,114856
9522,3,0,0,0,318346,318347
9523,3,0,0,0,318348,318349
9524,3,1,0,0,116707,116708
9525,3,1,0,0,116709,116710
9526,6,0,0,0,114857,114858
9527,6,0,0,0,114859,114860
9528,2,0,0,0,172460,172461
9529,6,0,0,0,114861,114862
9530,6,0,0,0,114863,114864
9531,2,0,0,0,172458,172459
9532,6,1,0,0,136261,136262
9533,6,1,0,0,136263,136264
9534,6,1,0,0,136265,136266
9535,6,1,0,0,136267,136268
9536,6,0,0,0,114865,114866
9537,6,1,0,0,136269,136270
9538,6,1,0,0,136271,136272
9539,2,1,0,0,113311,113312
9540,6,0,0,0,114867,114868
9541,5,0,0,0,190895,190896
9542,5,1,0,0,147853,147854
9543,6,1,0,0,136273,136274
9544,6,1,0,0,136275,136276
9545,2,0,0,0,172456,172457
9546,2,1,0,0,113309,113310
9547,5,0,0,0,190893,190894
9548,5,1,0,0,147855,147856
9549,2,0,0,0,172454,172455
9550,2,1,0,0,113307,113308
9551,5,0,0,0,190891,190892
9552,5,1,0,0,147857,147858
9553,2,0,0,0,172452,172453
9554,2,1,0,0,113305,113306
9555,5,0,0,0,190889,190890
9556,5,1,0,0,147859,147860
9557,3,0,0,0,318350,318351
9558,2,0,0,0,172450,172451
9559,2,1,0,0,113303,113304
9564,3,0,0,0,318352,318353
9565,3,0,0,0,318354,318355
9566,2,1,0,0,113301,113302
9567,2,0,0,0,172448,172449
9568,2,0,0,0,172446,172447
9584,1,1,0,0,133463,133464
9603,5,1,0,0,147861,147862
9623,1,0,0,0,166642,166643
9624,1,0,0,0,166640,166641
9625,1,1,0,0,133465,133466
9626,1,1,0,0,133467,133468
9627,1,1,0,0,133469,133470
9628,1,1,0,0,133471,133472
9629,1,0,0,0,166638,166639
9630,1,0,0,0,166636,166637
9643,9,0,0,0,318356,0
9644,2,1,0,0,113299,113300
9663,8,0,0,0,158572,158573
9664,8,0,0,0,158570,158571
9665,8,1,0,0,177767,177768
9666,8,1,0,0,177765,177766
9667,8,0,0,0,158568,158569
9668,8,0,0,0,158566,158567
9669,8,1,0,0,177763,177764
9670,8,1,0,0,177761,177762
9671,8,0,0,0,158564,158565
9672,8,0,0,0,158562,158563
9673,8,1,0,0,177759,177760
9674,8,1,0,0,177757,177758
9683,8,0,0,0,158560,158561
9684,8,0,0,0,158558,158559
9685,8,1,0,0,177755,177756
9686,8,1,0,0,177753,177754
9687,8,0,0,0,158556,158557
9688,8,0,0,0,158535,158536
9689,8,1,0,0,177751,177752
9690,8,1,0,0,177749,177750
9691,8,0,0,0,158533,158534
9692,8,0,0,0,158531,158532
9693,8,1,0,0,177747,177748
9694,8,1,0,0,177745,177746
9703,8,0,0,0,158529,158530
9704,8,0,0,0,158527,158528
9705,8,1,0,0,177743,177744
9706,8,1,0,0,177741,177742
9707,8,0,0,0,158525,158526
9708,8,0,0,0,158523,158524
9709,8,1,0,0,177739,177740
9710,8,0,0,0,158521,158522
9711,8,1,0,0,177737,177738
9712,8,0,0,0,158519,158520
9713,8,1,0,0,177735,177736
9714,8,1,0,0,177733,177734
9715,8,0,0,0,158517,158518
9716,8,0,0,0,158515,158516
9723,7,0,0,0,192032,192033
9724,7,0,0,0,192034,192035
9725,7,0,0,0,192090,192091
9726,3,0,0,0,318357,318358
9727,7,0,0,0,192092,192093
9728,7,0,0,0,208242,208243
9743,4,1,0,0,144460,144461
9744,6,0,0,0,114869,114870
9763,8,0,0,0,158513,158514
9764,6,0,0,0,114871,114872
9765,7,0,0,0,208240,208241
9766,3,0,0,0,318359,318360
9767,1,0,0,0,166634,166635
9783,2,0,0,0,172444,172445
9784,2,0,0,0,172442,172443
9785,2,1,0,0,113297,113298
9786,2,1,0,0,113295,113296
9787,2,0,0,0,172440,172441
9788,9,0,0,0,318361,0
9789,9,0,0,0,318362,0
9790,9,1,0,0,318363,0
9791,9,1,0,0,318364,0
9792,2,0,0,0,172438,172439
9793,6,1,0,0,136277,136278
9794,4,0,0,0,175064,175065
9803,3,1,0,0,116711,116712
9804,2,0,0,0,172436,172437
9805,3,0,0,0,318365,318366
9806,2,1,0,0,113293,113294
9807,7,1,0,0,119120,119121
9808,6,0,0,0,114873,114874
9809,1,0,0,0,166632,166633
9810,5,1,0,0,147863,147864
9811,5,0,0,0,190887,190888
9812,5,0,0,0,190885,190886
9813,5,1,0,0,147865,147866
9814,5,1,0,0,147867,147868
9823,4,1,0,0,144458,144459
9824,2,0,0,0,172434,172435
9825,2,1,0,0,113291,113292
9826,2,1,0,0,113289,113290
9827,2,0,0,0,172432,172433
9828,5,0,0,0,190883,190884
9829,5,1,0,0,147869,147870
9830,2,0,0,0,172430,172431
9831,9,0,0,0,318367,0
9843,4,0,0,0,175062,175063
9844,4,0,0,0,175060,175061
9863,4,1,0,0,144456,144457
9864,1,0,0,0,166630,166631
9865,3,0,0,0,318368,318369
9866,4,0,0,0,175058,175059
9867,4,0,0,0,175056,175057
9868,4,1,0,0,144454,144455
9869,4,1,0,0,144452,144453
9870,3,0,0,0,318370,318371
9871,3,0,0,0,318372,318373
9872,4,0,0,0,175054,175055
9873,4,0,0,0,175052,175053
9874,4,0,0,0,175050,175051
9875,4,1,0,0,144450,144451
9876,4,1,0,0,144448,144449
9877,4,0,0,0,175048,175049
9878,2,0,0,0,172428,172429
9879,2,1,0,0,113287,113288
9880,2,0,0,0,172426,172427
9881,4,1,0,0,144446,144447
9882,4,1,0,0,144444,144445
9883,4,1,0,0,144442,144443
9884,4,0,0,0,175046,175047
9885,4,1,0,0,144440,144441
9886,4,0,0,0,175044,175045
9887,4,1,0,0,144437,144438
9888,6,0,0,0,114875,114876
9889,2,0,0,0,172424,172425
9890,1,0,0,0,166628,166629
9903,5,0,0,0,190881,190882
9904,5,0,0,0,190879,190880
9905,5,1,0,0,147871,147872
9923,1,0,0,0,0,166627
9943,1,0,0,0,0,166625
9944,1,0,0,0,0,166623
9945,6,0,0,0,114877,114878
9946,6,0,0,0,114879,114880
9947,6,0,0,0,114881,114882
9948,9,0,0,0,318374,0
9949,2,1,0,0,113285,113286
9950,1,1,0,0,133473,133474
9963,1,0,0,0,166620,166621
9964,7,0,0,0,208238,208239
9965,9,0,0,0,318375,0
9966,1,0,0,0,166618,166619
9967,7,0,0,0,208236,208237
9968,1,0,0,0,166616,166617
9969,1,0,0,0,166614,166615
9970,1,1,0,0,133475,133476
9971,1,1,0,0,133477,133478
9972,1,0,0,0,166612,166613
9973,1,0,0,0,166610,166611
9974,1,1,0,0,133479,133480
9975,1,1,0,0,133481,133482
9976,1,1,0,0,133483,133484
9983,9,0,0,0,318376,0
9984,2,0,0,0,172422,172423
9985,2,0,0,0,172420,172421
9986,1,0,0,0,166608,166609
9987,9,0,0,0,318377,0
10003,6,0,0,0,114883,114884
10004,1,0,0,0,166606,166607
10005,7,0,0,0,208234,208235
10006,8,1,0,0,177731,177732
10023,6,0,0,0,114885,114886
10024,4,1,0,0,144435,144436
10025,4,1,0,0,144433,144434
10026,4,1,0,0,144431,144432
10043,3,0,0,0,318378,318379
10044,3,0,0,0,318380,318381
10045,3,0,0,0,318382,318383
10046,3,0,0,0,318384,318385
10047,3,1,0,0,116713,116714
10048,3,0,0,0,318386,318387
10049,3,1,0,0,116715,116716
10050,9,0,0,0,318388,0
10052,3,0,0,0,318389,318390
10053,3,0,0,0,318391,318392
10054,3,0,0,0,318393,318394
10055,3,0,0,0,318395,318396
10056,3,0,0,0,318397,318398
10057,3,0,0,0,318399,318400
10058,3,0,0,0,318401,318402
10063,3,1,0,0,116717,116718
10064,5,1,0,0,147873,147874
10065,2,1,0,0,113384,113385
10066,1,0,0,0,166604,166605
10083,4,1,0,0,144429,144430
10084,4,1,0,0,144427,144428
10085,4,1,0,0,144425,144426
10086,4,1,0,0,144423,144424
10087,2,0,0,0,172418,172419
10088,2,0,0,0,172416,172417
10089,2,1,0,0,113382,113383
10090,2,1,0,0,113380,113381
10103,2,0,0,0,172414,172415
10104,2,0,0,0,172412,172413
10105,1,0,0,0,166602,166603
10123,7,0,0,0,208232,208233
10124,1,0,0,0,166600,166601
10125,3,1,0,0,116719,116720
10126,4,0,0,0,175042,175043
10127,5,0,0,0,190877,190878
10128,2,1,0,0,113378,113379
10129,6,0,0,0,114887,114888
10130,8,1,0,0,177729,177730
10131,8,0,0,0,158511,158512
10132,8,0,0,0,158509,158510
10133,8,1,0,0,177727,177728
10134,8,1,0,0,177725,177726
10135,8,0,0,0,158507,158508
10136,8,0,0,0,158505,158506
10138,8,0,0,0,158503,158504
10139,8,1,0,0,177723,177724
10140,8,1,0,0,177721,177722
10141,2,0,0,0,172410,172411
10142,8,0,0,0,158501,158502
10143,8,1,0,0,177719,177720
10144,8,0,0,0,158499,158500
10145,8,0,0,0,158497,158498
10146,9,0,0,0,318403,0
10147,7,0,0,0,208230,208231
10148,2,1,0,0,113376,113377
10149,4,1,0,0,144421,144422
10150,2,0,0,0,172408,172409
10151,8,0,0,0,158495,158496
10163,3,0,0,0,318404,318405
10164,3,0,0,0,318406,318407
10165,3,1,0,0,116721,116722
10166,3,1,0,0,116723,116724
10167,2,0,0,0,172406,172407
10168,2,0,0,0,172404,172405
10169,2,1,0,0,113374,113375
10170,2,1,0,0,113372,113373
10183,2,0,0,0,172402,172403
10184,4,1,0,0,144419,144420
10203,6,0,0,0,114889,114890
10223,9,0,0,0,318408,0
10224,7,0,0,0,208228,208229
10225,7,0,0,0,208226,208227
10243,1,1,0,0,133491,133492
10244,3,1,0,0,116725,116726
10245,4,1,0,0,144417,144418
10246,2,0,0,0,172400,172401
10247,6,0,0,0,114891,114892
10248,5,0,0,0,190875,190876
10249,5,0,0,0,190873,190874
10250,1,1,0,0,133493,133494
10251,8,0,0,0,158493,158494
10252,3,0,0,0,318409,318410
10253,2,0,0,0,172398,172399
10254,4,1,0,0,144415,144416
10255,6,0,0,0,114893,114894
10256,2,1,0,0,113370,113371
10257,1,0,0,0,166598,166599
10258,1,0,0,0,166596,166597
10262,2,0,0,0,172396,172397
10263,4,1,0,0,144413,144414
10264,2,1,0,0,113368,113369
10265,5,0,0,0,190871,190872
10283,2,1,0,0,113366,113367
10284,1,1,0,0,133495,133496
10285,1,1,0,0,133497,133498
10286,2,0,0,0,172394,172395
10287,2,0,0,0,172392,172393
10303,1,0,0,0,166594,166595
10304,4,0,0,0,175040,175041
10323,2,0,0,0,172390,172391
10324,7,1,0,0,181423,181424
10325,7,1,0,0,181421,181422
10326,7,1,0,0,181419,181420
10327,7,1,0,0,181417,181418
10328,8,1,0,0,177717,177718
10329,8,1,0,0,177715,177716
10330,8,1,0,0,177713,177714
10331,8,1,0,0,177711,177712
10343,8,1,0,0,177709,177710
10344,8,1,0,0,177707,177708
10345,8,1,0,0,177705,177706
10346,8,1,0,0,177703,177704
10347,8,0,0,0,158491,158492
10348,31,1,0,0,177701,0
10349,8,0,0,0,158489,158490
10350,8,0,0,0,158487,158488
10351,8,0,0,0,158485,158486
10352,8,1,0,0,177699,177700
10353,8,0,0,0,158483,158484
10354,8,1,0,0,177697,177698
10355,2,1,0,0,113364,113365
10356,8,0,0,0,158481,158482
10357,31,0,0,0,158479,0
10363,31,0,0,0,158477,0
10383,2,0,0,0,172388,172389
10384,2,1,0,0,113393,113394
10403,1,0,0,0,166592,166593
10404,9,1,0,0,185345,0
10405,9,0,0,0,185344,0
10406,9,0,0,0,318411,0
10407,9,0,0,0,318412,0
10408,4,1,0,0,144411,144412
10409,2,0,0,0,172386,172387
10410,4,1,0,0,144409,144410
10423,3,0,0,0,318413,318414
10424,2,0,0,0,172384,172385
10425,5,1,0,0,147875,147876
10426,5,0,0,0,190869,190870
10427,1,0,0,0,166590,166591
10428,1,1,0,0,133499,133500
10429,8,0,0,0,158475,158476
10430,1,0,0,0,166588,166589
10431,1,0,0,0,166586,166587
10432,1,1,0,0,133501,133502
10433,1,1,0,0,133503,133504
10434,5,0,0,0,190867,190868
10435,5,0,0,0,190865,190866
10436,5,1,0,0,147877,147878
10437,5,1,0,0,147879,147880
10443,1,0,0,0,166584,166585
10444,1,0,0,0,166582,166583
10445,1,1,0,0,133505,133506
10446,1,1,0,0,133507,133508
10447,5,0,0,0,190863,190864
10448,5,0,0,0,190861,190862
10449,5,1,0,0,147881,147882
10450,5,1,0,0,147883,147884
10451,1,0,0,0,166580,166581
10452,1,0,0,0,166578,166579
10453,1,1,0,0,133509,133510
10454,1,1,0,0,133511,133512
10455,5,0,0,0,190859,190860
10456,5,0,0,0,190857,190858
10457,5,1,0,0,147885,147886
10458,5,1,0,0,147887,147888
10459,1,0,0,0,166576,166577
10460,1,0,0,0,166574,166575
10461,1,1,0,0,133513,133514
10462,1,1,0,0,133515,133516
10463,5,0,0,0,190855,190856
10464,5,0,0,0,190853,190854
10465,5,1,0,0,147889,147890
10466,5,1,0,0,147891,147892
10467,9,0,0,0,318415,0
10468,9,0,0,0,318416,0
10469,9,0,0,0,318417,0
10470,8,0,0,0,158473,158474
10471,5,0,0,0,190851,190852
10472,5,0,0,0,190849,190850
10473,5,1,0,0,147893,147894
10474,5,1,0,0,147895,147896
10475,8,0,0,0,158471,158472
10476,8,0,0,0,158469,158470
10477,8,1,0,0,177695,177696
10478,8,1,0,0,177693,177694
10479,8,0,0,0,158467,158468
10480,8,0,0,0,158465,158466
10481,8,1,0,0,177691,177692
10482,8,1,0,0,177689,177690
10483,8,1,0,0,177687,177688
10484,1,0,0,0,166572,166573
10485,3,0,0,0,318418,318419
10486,7,1,0,0,181415,181416
10487,4,1,0,0,144407,144408
10488,2,0,0,0,172382,172383
10489,6,0,0,0,114895,114896
10490,8,1,0,0,177685,177686
10491,5,1,0,0,147897,147898
10492,5,1,0,0,147899,147900
10493,5,0,0,0,190847,190848
10494,1,0,0,0,166570,166571
10495,1,0,0,0,166568,166569
10496,9,0,0,0,318420,0
10497,9,1,0,0,318421,0
10498,9,0,0,0,318422,0
10499,3,0,0,0,318423,318424
10500,1,1,0,0,133517,133518
10501,5,0,0,0,190845,190846
10502,5,0,0,0,190843,190844
10503,5,1,0,0,147901,147902
10504,5,1,0,0,147903,147904
10505,6,0,0,0,114897,114898
10506,2,0,0,0,172380,172381
10507,6,1,0,0,136281,136282
10508,2,1,0,0,113391,113392
10509,2,0,0,0,172378,172379
10510,2,0,0,0,172376,172377
10511,2,1,0,0,113362,113363
10512,2,1,0,0,113360,113361
10513,1,0,0,0,166566,166567
10514,1,0,0,0,166564,166565
10515,1,1,0,0,133519,133520
10516,1,1,0,0,133521,133522
10517,4,1,0,0,144405,144406
10518,4,1,0,0,144403,144404
10519,4,1,0,0,144401,144402
10520,4,1,0,0,144399,144400
10521,3,0,0,0,318425,318426
10522,3,0,0,0,318427,318428
10523,3,1,0,0,116727,116728
10524,3,1,0,0,116729,116730
10525,1,1,0,0,133523,133524
10526,3,0,0,0,318429,318430
10527,9,1,0,0,318431,0
10528,7,0,0,0,208224,208225
10529,8,0,0,0,158463,158464
10530,8,0,0,0,158461,158462
10531,8,0,0,0,158459,158460
10533,5,0,0,0,190841,190842
10534,1,0,0,0,166562,166563
10535,9,0,0,0,318432,0
10536,9,0,0,0,318433,0
10537,1,0,0,0,166560,166561
10538,1,0,0,0,166558,166559
10539,1,1,0,0,133525,133526
10540,1,1,0,0,133527,133528
10541,5,0,0,0,190839,190840
10542,5,0,0,0,190837,190838
10543,5,1,0,0,147905,147906
10544,5,1,0,0,147907,147908
10545,9,1,0,0,318434,0
10546,4,0,0,0,175038,175039
10547,4,0,0,0,175036,175037
10548,4,1,0,0,144397,144398
10549,4,1,0,0,144395,144396
10550,4,1,0,0,144393,144394
10551,3,0,0,0,318435,318436
10552,3,0,0,0,318437,318438
10553,4,0,0,0,175034,175035
10554,4,1,0,0,144391,144392
10555,4,0,0,0,175032,175033
10556,6,0,0,0,114899,114900
10557,4,0,0,0,175030,175031
10558,3,1,0,0,116731,116732
10559,4,1,0,0,144389,144390
10560,6,0,0,0,114901,114902
10561,6,0,0,0,114903,114904
10562,4,0,0,0,175028,175029
10563,1,1,0,0,133529,133530
10564,4,1,0,0,144387,144388
10565,1,0,0,0,166556,166557
10566,1,1,0,0,133531,133532
10567,5,1,0,0,147909,147910
10568,1,0,0,0,166554,166555
10569,9,1,0,0,318439,0
10570,2,0,0,0,172374,172375
10571,9,0,0,0,318440,0
10572,6,1,0,0,136283,136284
10573,1,0,0,0,166552,166553
10574,4,1,0,0,144385,144386
10575,6,0,0,0,114905,114906
10576,4,1,0,0,144383,144384
10577,7,1,0,0,0,181414
10578,6,0,0,0,114907,114908
10579,6,0,0,0,114909,114910
10580,4,1,0,0,144381,144382
10581,1,1,0,0,133533,133534
10582,4,1,0,0,144379,144380
10583,2,0,0,0,172372,172373
10584,3,0,0,0,318441,318442
10585,7,1,0,0,181411,181412
10586,5,1,0,0,147911,147912
10587,4,0,0,0,175026,175027
10588,4,0,0,0,175024,175025
10589,4,1,0,0,144377,144378
10590,6,0,0,0,114911,114912
10591,6,1,0,0,136285,136286
10592,1,1,0,0,133535,133536
10593,2,1,0,0,113358,113359
10594,5,0,0,0,190835,190836
10595,1,0,0,0,166550,166551
10596,1,0,0,0,166548,166549
10597,5,0,0,0,190833,190834
10598,8,0,0,0,158457,158458
10599,4,0,0,0,175022,175023
10600,4,0,0,0,175020,175021
10601,7,0,0,0,208222,208223
10602,4,0,0,0,175018,175019
10603,3,0,0,0,318443,318444
10604,4,1,0,0,144375,144376
10605,1,0,0,0,166546,166547
10606,4,1,0,0,144373,144374
10607,4,0,0,0,175016,175017
10608,4,0,0,0,175014,175015
10609,4,1,0,0,144371,144372
10610,4,1,0,0,144369,144370
10611,3,0,0,0,318445,318446
10612,1,0,0,0,0,166545
10613,3,1,0,0,116733,116734
10614,3,0,0,0,318447,318448
10615,7,0,0,0,208220,208221
10616,3,1,0,0,116735,116736
10617,4,0,0,0,175012,175013
10618,3,0,0,0,318449,318450
10619,1,1,0,0,133537,133538
10620,3,1,0,0,116737,116738
10621,1,0,0,0,166542,166543
10622,7,1,0,0,181409,181410
10623,4,1,0,0,144367,144368
10624,1,1,0,0,133539,133540
10625,4,0,0,0,175010,175011
10626,7,0,0,0,208218,208219
10627,7,1,0,0,181407,181408
10628,4,1,0,0,144365,144366
10629,3,0,0,0,318451,318452
10630,5,0,0,0,190831,190832
10631,2,0,0,0,172370,172371
10632,8,1,0,0,177683,177684
10633,6,1,0,0,136287,136288
10634,4,1,0,0,144363,144364
10635,6,0,0,0,114913,114914
10636,4,0,0,0,175008,175009
10637,1,0,0,0,166540,166541
10638,7,1,0,0,181405,181406
10639,4,1,0,0,144361,144362
10640,8,0,0,0,158455,158456
10641,5,1,0,0,147913,147914
10642,10,1,0,0,213573,213574
10643,10,0,0,0,213348,213350
10644,8,1,0,0,177681,177682
10645,10,1,0,0,213571,213572
10646,10,0,0,0,213345,213347
10647,10,0,0,0,213342,213344
10648,10,0,0,0,213338,213341
10649,10,0,0,0,213335,213337
10650,10,1,0,0,213569,213570
10651,10,1,0,0,213567,213568
10652,10,1,0,0,213565,213566
10653,10,1,0,0,213563,213564
10654,10,1,0,0,213561,213562
10655,10,1,0,0,213559,213560
10656,10,1,0,0,213557,213558
10657,10,0,0,0,213332,213333
10658,10,0,0,0,213329,213330
10659,10,0,0,0,213326,213327
10660,10,1,0,0,213555,213556
10661,10,1,0,0,213553,213554
10662,10,1,0,0,213551,213552
10663,10,0,0,0,213322,213324
10664,10,1,0,0,213549,213550
10665,10,0,0,0,213319,213321
10666,10,0,0,0,213316,213318
10667,10,0,0,0,213312,213314
10668,2,1,0,0,113356,113357
10669,5,0,0,0,190829,190830
10670,6,0,0,0,114915,114916
10671,5,1,0,0,147915,147916
10672,1,0,0,0,166538,166539
10673,6,1,0,0,136289,136290
10674,2,1,0,0,113354,113355
10675,8,0,0,0,158453,158454
10676,1,0,0,0,166536,166537
10677,1,1,0,0,133541,133542
10678,6,0,0,0,114917,114918
10679,1,0,0,0,166534,166535
10680,4,1,0,0,144359,144360
10681,4,1,0,0,144357,144358
10682,4,0,0,0,175006,175007
10683,4,0,0,0,175004,175005
10684,9,1,0,0,318453,0
10685,2,0,0,0,172368,172369
10686,7,0,0,0,208216,208217
10687,7,0,0,0,208214,208215
10688,3,0,0,0,318454,318455
10689,1,0,0,0,166532,166533
10690,2,0,0,0,172366,172367
10691,6,0,0,0,114919,114920
10692,8,1,0,0,177679,177680
10693,8,0,0,0,158451,158452
10694,8,0,0,0,158449,158450
10695,8,0,0,0,158447,158448
10696,8,1,0,0,177677,177678
10697,2,0,0,0,172364,172365
10698,2,1,0,0,113352,113353
10699,2,0,0,0,172360,172362
10700,3,1,0,0,116739,116740
10701,3,0,0,0,318456,318457
10702,3,0,0,0,318458,318459
10703,3,1,0,0,116741,116742
10704,3,0,0,0,318460,318461
10705,3,0,0,0,318462,318463
10706,3,1,0,0,116743,116744
10707,1,0,0,0,166530,166531
10708,1,1,0,0,0,133544
10709,3,0,0,0,318464,318465
10710,3,0,0,0,318466,318467
10711,3,1,0,0,116745,116746
10712,3,1,0,0,116747,116748
10713,3,0,0,0,318468,318469
10714,4,0,0,0,175002,175003
10715,4,1,0,0,144355,144356
10716,4,0,0,0,175000,175001
10717,6,0,0,0,114922,114923
10718,4,1,0,0,144353,144354
10719,3,0,0,0,318470,318471
10720,6,1,0,0,136291,136292
10721,6,1,0,0,136293,136294
10722,6,0,0,0,114924,114925
10723,4,0,0,0,174998,174999
10724,3,0,0,0,318472,318473
10725,3,0,0,0,318474,318475
10726,6,0,0,0,114926,114927
10727,3,0,0,0,318476,318477
10728,6,0,0,0,114928,114929
10729,3,0,0,0,318478,318479
10730,3,0,0,0,318480,318481
10731,4,1,0,0,144351,144352
10732,6,1,0,0,136295,136296
10733,4,1,0,0,144349,144350
10734,4,0,0,0,174996,174997
10735,3,0,0,0,318482,318483
10736,4,1,0,0,144347,144348
10737,4,0,0,0,174994,174995
10738,3,0,0,0,318484,318485
10739,3,0,0,0,318486,318487
10740,6,0,0,0,114930,114931
10741,6,1,0,0,136297,136298
10742,4,1,0,0,144345,144346
10743,3,0,0,0,318488,318489
10744,6,1,0,0,136299,136300
10745,3,0,0,0,318490,318491
10746,6,1,0,0,136301,136302
10747,4,0,0,0,174992,174993
10748,6,0,0,0,114932,114933
10749,3,0,0,0,318492,318493
10750,3,0,0,0,318494,318495
10751,4,0,0,0,174990,174991
10752,4,1,0,0,144343,144344
10753,4,1,0,0,144341,144342
10754,3,0,0,0,318496,318497
10755,6,0,0,0,114934,114935
10756,3,0,0,0,318498,318499
10757,6,0,0,0,114936,114937
10758,6,1,0,0,136303,136304
10759,4,0,0,0,174988,174989
10760,6,1,0,0,136305,136306
10761,6,0,0,0,114938,114939
10762,2,0,0,0,172358,172359
10763,2,0,0,0,172356,172357
10764,2,1,0,0,113350,113351
10765,2,1,0,0,113348,113349
10766,7,0,0,0,0,208213
10767,2,0,0,0,172354,172355
10768,3,0,0,0,318500,318501
10769,7,1,0,0,0,181404
10770,6,1,0,0,136307,136308
10771,5,0,0,0,190827,190828
10772,8,1,0,0,177675,177676
10773,7,0,0,0,208210,208211
10774,1,1,0,0,133545,133546
10775,4,1,0,0,144339,144340
10776,4,0,0,0,174986,174987
10777,1,0,0,0,166528,166529
10778,4,0,0,0,174984,174985
10779,4,0,0,0,174982,174983
10780,4,0,0,0,174980,174981
10781,4,0,0,0,0,174979
10782,9,0,0,0,318502,0
10783,8,0,0,0,158445,158446
10784,8,1,0,0,177673,177674
10785,4,0,0,0,174976,174977
10786,4,1,0,0,144337,144338
10787,7,0,0,0,208208,208209
10788,7,1,0,0,181401,181402
10789,3,0,0,0,318503,318504
10790,3,1,0,0,116749,116750
10791,1,0,0,0,0,166527
10792,2,0,0,0,172352,172353
10793,2,1,0,0,113346,113347
10794,1,0,0,0,166524,166525
10795,1,1,0,0,133547,133548
10796,6,0,0,0,114940,114941
10797,6,1,0,0,136309,136310
10798,5,0,0,0,190825,190826
10799,5,1,0,0,147917,147918
10800,2,1,0,0,113344,113345
10801,5,1,0,0,147919,147920
10803,3,0,0,0,318505,318506
10809,4,1,0,0,144335,144336
10810,1,0,0,0,166522,166523
10811,1,0,0,0,166520,166521
10813,4,0,0,0,174974,174975
10814,1,0,0,0,166518,166519
10815,3,0,0,0,318507,318508
10817,7,0,0,0,208206,208207
10818,2,0,0,0,172350,172351
10819,8,0,0,0,158443,158444
10822,2,0,0,0,172348,172349
10823,6,1,0,0,136311,136312
10825,8,0,0,0,158441,158442
10828,2,1,0,0,0,176693
10829,1,1,0,0,0,133550
10830,9,0,0,0,318509,0
10831,2,0,0,0,0,172347
10832,9,1,0,0,318510,0
10833,4,1,0,0,0,144334
10834,6,1,0,0,0,136314
10835,3,1,0,0,0,116752
10836,3,0,0,0,318511,318512
10837,8,1,0,0,0,177672
10838,8,0,0,0,0,158440
10840,5,0,0,0,0,190824
10841,5,1,0,0,147921,147922
10842,6,0,0,0,0,114943
10843,4,0,0,0,0,174973
10844,2,0,0,0,172344,172345
10845,9,0,0,0,318513,0
10846,9,0,0,0,318514,0
10847,9,1,0,0,318515,0
10848,9,1,0,0,318516,0
10849,1,0,0,0,166516,166517
10850,1,0,0,0,166514,166515
10851,1,1,0,0,133551,133552
10852,1,1,0,0,133553,133554
10853,6,0,0,0,114944,114945
10854,6,0,0,0,114946,114947
10855,6,1,0,0,136315,136316
10856,6,1,0,0,136317,136318
10857,7,0,0,0,208204,208205
10858,3,0,0,0,318517,318518
10859,1,1,0,0,133555,133556
10860,7,0,0,0,0,208203
10861,7,0,0,0,0,208201
10862,7,0,0,0,0,208199
10863,7,0,0,0,0,208197
10864,7,0,0,0,0,208195
10865,7,0,0,0,0,208193
10866,7,0,0,0,0,208191
10867,7,1,0,0,0,181400
10868,7,1,0,0,0,181398
10869,8,0,0,0,158437,158438
10870,7,1,0,0,0,181396
10871,4,1,0,0,144331,144332
10872,7,1,0,0,0,119119
10873,7,1,0,0,0,119117
10874,7,1,0,0,0,119115
10875,1,0,0,0,166512,166513
10876,7,1,0,0,0,119113
10877,6,0,0,0,114948,114949
10878,6,1,0,0,136319,136320
10879,4,0,0,0,174970,174971
10880,1,1,0,0,133557,133558
10881,1,1,0,0,133559,133560
10882,2,1,0,0,113342,113343
10883,2,0,0,0,172342,172343
10884,2,0,0,0,172340,172341
10885,1,0,0,0,166510,166511
10886,1,0,0,0,0,0
10887,4,0,0,0,174968,174969
10888,2,1,0,0,113341,113386
10889,8,0,0,0,158435,158436
10890,8,1,0,0,177669,177670
10893,3,0,0,0,318519,318520
10894,3,1,0,0,116753,116754
10895,3,0,0,0,318521,318522
10896,3,1,0,0,116755,116756
10897,3,0,0,0,318523,318524
10898,3,0,0,0,318525,318526
10899,3,1,0,0,116757,116758
10900,3,1,0,0,116759,116760
10901,6,0,0,0,114950,114951
10902,2,0,0,0,172338,172339
10903,2,0,0,0,172336,172337
10904,2,1,0,0,113339,113340
10905,2,1,0,0,113337,113338
10906,2,0,0,0,172334,172335
10907,2,0,0,0,172332,172333
10908,2,1,0,0,113335,113336
10909,2,1,0,0,113333,113334
10910,6,0,0,0,114952,114953
10911,6,1,0,0,136321,136322
10912,2,0,0,0,172330,172331
10913,6,0,0,0,114954,114955
10914,6,0,0,0,114956,114957
10915,6,1,0,0,136323,136324
10916,6,1,0,0,136325,136326
10917,1,0,0,0,166508,166509
10918,1,1,0,0,133561,133562
10919,1,0,0,0,166506,166507
10920,1,0,0,0,166504,166505
10921,1,1,0,0,133563,133564
10922,1,1,0,0,133565,133566
10923,1,0,0,0,166502,166503
10924,1,1,0,0,133567,133568
10925,3,0,0,0,318527,318528
10926,4,1,0,0,144329,144330
10927,1,0,0,0,166500,166501
10928,4,0,0,0,174966,174967
10929,4,0,0,0,174964,174965
10930,6,0,0,0,114958,114959
10931,4,1,0,0,144327,144328
10932,6,1,0,0,136327,136328
10933,1,0,0,0,166498,166499
10934,4,0,0,0,174962,174963
10935,4,0,0,0,174960,174961
10936,4,1,0,0,144325,144326
10937,4,1,0,0,144323,144324
10938,3,0,0,0,318529,318530
10939,7,0,0,0,208188,208189
10940,3,1,0,0,116761,116762
10941,7,1,0,0,119110,119111
10942,2,0,0,0,172328,172329
10943,2,1,0,0,113331,113332
10944,8,0,0,0,158433,158434
10945,8,1,0,0,177667,177668
10946,5,0,0,0,190821,190822
10947,5,0,0,0,190819,190820
10948,5,1,0,0,147923,147924
10949,5,1,0,0,147925,147926
10950,10,1,0,0,213547,213548
10951,10,1,0,0,213545,213546
10952,10,1,0,0,213543,213544
10953,10,1,0,0,213541,213542
10954,10,0,0,0,213309,213311
10955,10,0,0,0,213306,213307
10956,10,1,0,0,213539,213540
10957,10,1,0,0,213537,213538
10958,10,0,0,0,213296,213298
10959,10,1,0,0,213535,213536
10960,10,0,0,0,213293,213295
10961,10,0,0,0,213289,213291
10962,10,1,0,0,213533,213534
10963,10,0,0,0,213286,213288
10964,1,1,0,0,133569,133570
10965,1,1,0,0,133571,133572
10966,4,0,0,0,174958,174959
10967,1,1,0,0,133573,133574
10968,5,0,0,0,190817,190818
10969,5,1,0,0,147927,147928
10970,1,0,0,0,166496,166497
10972,6,0,0,0,114960,114961
10973,3,0,0,0,318531,318532
10974,6,1,0,0,136329,136330
10975,4,1,0,0,144321,144322
10976,1,1,0,0,133575,133576
10977,2,0,0,0,172326,172327
10978,1,1,0,0,133577,133578
10979,1,0,0,0,166494,166495
10980,7,0,0,0,208186,208187
10981,6,0,0,0,114962,114963
10982,9,0,0,0,318533,0
10983,8,0,0,0,158431,158432
10984,5,1,0,0,147929,147930
10985,3,0,0,0,318534,318535
10986,3,0,0,0,318536,318537
10987,2,0,0,0,172324,172325
10988,3,0,0,0,185342,185343
10989,3,0,0,0,318538,318539
10990,7,0,0,0,208184,208185
10991,4,0,0,0,174956,174957
10992,6,0,0,0,114964,114965
10993,9,0,0,0,318540,0
10994,1,0,0,0,166492,166493
10995,1,1,0,0,133579,133580
10996,4,1,0,0,144319,144320
10997,5,1,0,0,147931,147932
10998,1,1,0,0,133581,133582
10999,5,0,0,0,190815,190816
11000,1,0,0,0,166490,166491
11001,1,0,0,0,166488,166489
11003,5,0,0,0,185340,185341
11004,5,0,0,0,190813,190814
11005,5,1,0,0,147933,147934
11006,1,1,0,0,133583,133584
11007,1,0,0,0,166486,166487
11008,2,0,0,0,172322,172323
11009,1,0,0,0,166484,166485
11010,1,0,0,0,166482,166483
11011,1,1,0,0,133585,133586
11012,1,0,0,0,166480,166481
11013,1,1,0,0,133587,133588
11014,9,0,0,0,318541,0
11015,1,0,0,0,166478,166479
11016,1,0,0,0,166476,166477
11017,1,0,0,0,166474,166475
11018,1,0,0,0,166472,166473
11019,6,0,0,0,114966,114967
11020,4,1,0,0,144317,144318
11021,1,0,0,0,166470,166471
11022,1,0,0,0,166468,166469
11023,5,1,0,0,147935,147936
11024,10,0,0,0,213283,213284
11025,5,0,0,0,190811,190812
11026,10,1,0,0,213531,213532
11027,1,0,0,0,166466,166467
11028,5,0,0,0,190809,190810
11029,5,0,0,0,190807,190808
11030,5,1,0,0,147937,147938
11031,3,0,0,0,318542,318543
11032,1,0,0,0,166464,166465
11033,1,1,0,0,0,133590
11034,1,0,0,0,166462,166463
11035,1,0,0,0,166460,166461
11036,2,0,0,0,172320,172321
11037,4,1,0,0,144315,144316
11038,4,1,0,0,144313,144314
11039,4,1,0,0,144311,144312
11040,4,1,0,0,144309,144310
11041,5,0,0,0,190805,190806
11042,5,1,0,0,147939,147940
11043,1,0,0,0,166458,166459
11044,1,1,0,0,133591,133592
11045,2,1,0,0,113436,113437
11046,3,0,0,0,0,318545
11047,1,1,0,0,133593,133594
11048,3,0,0,0,318546,318547
11049,2,1,0,0,113434,113435
11050,1,0,0,0,166456,166457
11051,5,0,0,0,190803,190804
11052,1,1,0,0,133595,133596
11053,1,0,0,0,166454,166455
11054,3,0,0,0,318548,318549
11055,3,1,0,0,117361,117362
11056,3,0,0,0,318550,318551
11057,5,1,0,0,147941,147942
11058,10,1,0,0,213529,213530
11059,10,1,0,0,213527,213528
11060,10,1,0,0,213525,213526
11061,10,1,0,0,213523,213524
11062,1,0,0,0,166452,166453
11063,1,0,0,0,166450,166451
11064,1,0,0,0,166448,166449
11065,1,0,0,0,166446,166447
11066,3,0,0,0,318552,318553
11071,1,0,0,0,166444,166445
11072,1,1,0,0,133597,133598
11073,3,0,0,0,318554,318555
11074,2,1,0,0,113432,113433
11075,1,0,0,0,166442,166443
11076,1,1,0,0,133599,133600
11077,4,0,0,0,0,174955
11078,1,0,0,0,166440,166441
11079,1,1,0,0,133601,133602
11080,1,0,0,0,166438,166439
11081,1,0,0,0,166436,166437
11082,1,0,0,0,166434,166435
11083,9,1,0,0,318556,0
11084,9,0,0,0,318557,0
11085,1,0,0,0,166432,166433
11086,1,0,0,0,166430,166431
11087,1,1,0,0,133603,133604
11088,1,1,0,0,133605,133606
11089,1,1,0,0,133607,133608
11090,5,0,0,0,190798,190802
11091,1,0,0,0,166428,166429
11092,1,0,0,0,166426,166427
11093,1,1,0,0,133609,133610
11094,2,1,0,0,113430,113431
11095,3,0,0,0,318558,318559
11096,2,0,0,0,172318,172319
11097,1,0,0,0,166424,166425
11098,1,1,0,0,133611,133612
11099,1,0,0,0,166422,166423
11100,1,1,0,0,133613,133614
11101,1,0,0,0,166420,166421
11102,1,1,0,0,133615,133616
11103,5,1,0,0,147943,147944
11104,5,1,0,0,147945,147946
11105,5,1,0,0,147947,147948
11106,5,0,0,0,190796,190797
11107,5,0,0,0,190794,190795
11108,5,0,0,0,190792,190793
11109,5,0,0,0,190790,190791
11110,1,0,0,0,166418,166419
11111,2,0,0,0,172316,172317
11112,2,0,0,0,172314,172315
11113,2,0,0,0,172312,172313
11114,2,0,0,0,172310,172311
11115,2,0,0,0,172308,172309
11116,1,0,0,0,166416,166417
11117,1,1,0,0,133617,133618
11118,1,0,0,0,166414,166415
11119,1,0,0,0,166412,166413
11120,6,1,0,0,136331,136332
11121,1,0,0,0,166410,166411
11122,8,0,0,0,0,158430
11123,2,0,0,0,172306,172307
11124,10,0,0,0,213279,213281
11125,10,0,0,0,213276,213278
11126,10,0,0,0,213273,213275
11127,10,1,0,0,213521,213522
11128,10,1,0,0,213519,213520
11129,1,0,0,0,166408,166409
11130,10,1,0,0,213517,213518
11131,10,1,0,0,213515,213516
11132,2,0,0,0,172304,172305
11133,6,0,0,0,114968,114969
11134,2,1,0,0,113428,113429
11135,8,0,0,0,158427,158428
11136,8,0,0,0,158425,158426
11137,8,1,0,0,177665,177666
11138,8,1,0,0,177663,177664
11139,2,0,0,0,172302,172303
11140,2,0,0,0,172300,172301
11141,2,0,0,0,172298,172299
11142,6,0,0,0,114970,114971
11143,6,0,0,0,114972,114973
11144,5,0,0,0,190788,190789
11145,2,0,0,0,172296,172297
11146,2,0,0,0,172294,172295
11147,6,0,0,0,114974,114975
11148,1,0,0,0,166406,166407
11149,2,0,0,0,172292,172293
11151,2,0,0,0,172290,172291
11152,2,1,0,0,113426,113427
11153,2,1,0,0,113424,113425
11154,2,0,0,0,172288,172289
11155,2,0,0,0,172286,172287
11156,5,0,0,0,190786,190787
11157,2,0,0,0,172284,172285
11158,2,1,0,0,113422,113423
11159,3,0,0,0,318560,318561
11160,3,1,0,0,117363,117364
11161,7,0,0,0,208182,208183
11162,9,1,0,0,318562,0
11163,8,0,0,0,158423,158424
11164,8,1,0,0,177661,177662
11165,6,1,0,0,136333,136334
11166,5,0,0,0,190784,190785
11167,5,1,0,0,147949,147950
11168,4,1,0,0,144307,144308
11169,4,0,0,0,174952,174953
11170,6,0,0,0,114976,114977
11171,7,1,0,0,119108,119109
11172,9,0,0,0,318563,0
11173,1,0,0,0,166404,166405
11174,1,1,0,0,133619,133620
11175,3,0,0,0,318564,318565
11176,2,0,0,0,172282,172283
11177,8,0,0,0,158421,158422
11178,6,1,0,0,136335,136336
11179,1,0,0,0,166402,166403
11180,8,1,0,0,177659,177660
11181,2,1,0,0,113420,113421
11182,3,1,0,0,117365,117366
11183,3,0,0,0,318566,318567
11184,5,0,0,0,190782,190783
11185,1,0,0,0,166400,166401
11186,1,0,0,0,166398,166399
11187,1,1,0,0,133621,133622
11188,1,0,0,0,166396,166397
11189,3,1,0,0,117367,117368
11190,3,0,0,0,318568,318569
11191,3,1,0,0,117369,117370
11192,1,0,0,0,166394,166395
11193,1,0,0,0,166392,166393
11194,1,0,0,0,166390,166391
11195,3,0,0,0,318570,318571
11196,7,1,0,0,119106,119107
11197,1,0,0,0,166388,166389
11200,3,0,0,0,318572,318573
11201,1,0,0,0,166386,166387
11202,3,0,0,0,318574,318575
11203,3,0,0,0,318576,318577
11204,3,0,0,0,318578,318579
11205,3,1,0,0,117371,117372
11206,7,0,0,0,208180,208181
11207,3,0,0,0,318580,318581
11208,2,0,0,0,172280,172281
11209,11,0,0,0,132162,132163
11210,11,0,0,0,132160,132161
11211,1,0,0,0,166384,166385
11212,2,0,0,0,172278,172279
11213,1,0,0,0,166382,166383
11214,2,0,0,0,172276,172277
11215,3,0,0,0,318582,318583
11216,1,0,0,0,191336,191337
11217,3,0,0,0,318584,318585
11218,1,0,0,0,166380,166381
11219,1,0,0,0,166378,166379
11220,1,1,0,0,133623,133624
11221,1,0,0,0,166376,166377
11222,1,1,0,0,133625,133626
11223,1,0,0,0,166374,166375
11224,1,1,0,0,133627,133628
11225,3,0,0,0,318586,318587
11226,3,1,0,0,117373,117374
11227,1,1,0,0,133629,133630
11228,3,0,0,0,318588,318589
11229,3,1,0,0,117375,117376
11230,2,0,0,0,172274,172275
11231,1,1,0,0,133631,133632
11232,1,0,0,0,166372,166373
11233,3,0,0,0,318590,318591
11234,1,0,0,0,166370,166371
11235,11,0,0,0,132158,132159
11236,11,0,0,0,132156,132157
11237,10,0,0,0,213270,213272
11239,11,0,0,0,132154,132155
11240,11,0,0,0,132152,132153
11241,11,0,0,0,132150,132151
11242,11,0,0,0,132148,132149
11243,11,0,0,0,132146,132147
11244,11,0,0,0,132144,132145
11245,10,1,0,0,213513,213514
11246,11,0,0,0,0,132143
11247,11,0,0,0,132140,132141
11248,11,0,0,0,132138,132139
11249,11,1,0,0,149924,149925
11250,11,1,0,0,149926,149927
11253,1,0,0,0,166368,166369
11254,11,1,0,0,149928,149929
11255,11,1,0,0,149930,149931
11256,11,1,0,0,149932,149933
11257,1,0,0,0,166366,166367
11258,1,0,0,0,166364,166365
11259,1,0,0,0,166362,166363
11260,1,1,0,0,133633,133634
11261,1,0,0,0,166360,166361
11262,1,0,0,0,166358,166359
11263,1,1,0,0,133635,133636
11264,1,0,0,0,166356,166357
11265,10,0,0,0,0,213268
11266,1,0,0,0,166354,166355
11267,4,1,0,0,144305,144306
11268,1,0,0,0,166352,166353
11269,1,1,0,0,133637,133638
11270,6,0,0,0,114978,114979
11271,1,0,0,0,166350,166351
11272,1,1,0,0,133639,133640
11273,1,1,0,0,133641,133642
11274,1,0,0,0,166348,166349
11275,1,1,0,0,133643,133644
11276,1,1,0,0,133645,133646
11277,1,0,0,0,166346,166347
11278,1,0,0,0,166344,166345
11279,1,0,0,0,166342,166343
11280,1,0,0,0,166340,166341
11281,1,1,0,0,133647,133648
11282,1,1,0,0,133649,133650
11283,9,0,0,0,318592,0
11284,10,0,0,0,213263,213265
11285,10,1,0,0,213511,213512
11286,10,0,0,0,213260,213262
11287,10,0,0,0,213256,213258
11288,10,0,0,0,213252,213254
11289,10,1,0,0,213509,213510
11290,2,1,0,0,113418,113419
11291,2,0,0,0,172272,172273
11292,2,0,0,0,172270,172271
11293,1,0,0,0,166338,166339
11294,1,0,0,0,166336,166337
11295,2,0,0,0,172268,172269
11296,2,0,0,0,172266,172267
11297,2,0,0,0,172264,172265
11298,1,1,0,0,133651,133652
11299,1,1,0,0,133653,133654
11300,2,0,0,0,172262,172263
11301,2,0,0,0,172260,172261
11302,1,0,0,0,166334,166335
11303,1,0,0,0,166332,166333
11304,1,1,0,0,133655,133656
11305,1,1,0,0,133657,133658
11306,11,0,0,0,132136,132137
11307,11,0,0,0,132134,132135
11308,11,1,0,0,149934,149935
11310,1,0,0,0,166330,166331
11311,1,1,0,0,133659,133660
11312,3,0,0,0,318593,318594
11313,3,1,0,0,117377,117378
11314,1,0,0,0,166328,166329
11315,1,0,0,0,166326,166327
11316,3,0,0,0,318595,318596
11317,1,1,0,0,133661,133662
11318,1,0,0,0,166324,166325
11319,1,1,0,0,133663,133664
11320,1,0,0,0,166322,166323
11321,1,0,0,0,166320,166321
11322,1,1,0,0,133665,133666
11323,1,1,0,0,133667,133668
11324,1,0,0,0,166318,166319
11325,1,0,0,0,166316,166317
11326,1,0,0,0,166314,166315
11327,1,0,0,0,166312,166313
11328,1,1,0,0,133669,133670
11329,1,1,0,0,133671,133672
11330,1,0,0,0,166310,166311
11331,1,0,0,0,166308,166309
11332,3,1,0,0,117379,117380
11333,1,0,0,0,166306,166307
11334,1,1,0,0,133673,133674
11335,3,0,0,0,318597,318598
11336,1,0,0,0,166304,166305
11337,3,0,0,0,318599,318600
11338,1,1,0,0,133675,133676
11339,1,1,0,0,133677,133678
11340,1,0,0,0,166302,166303
11341,1,0,0,0,166300,166301
11342,1,1,0,0,133679,133680
11343,1,1,0,0,133681,133682
11344,1,0,0,0,166298,166299
11345,1,0,0,0,166296,166297
11346,1,0,0,0,166294,166295
11347,1,1,0,0,133683,133684
11348,3,0,0,0,318601,318602
11349,1,1,0,0,133685,133686
11350,5,0,0,0,190780,190781
11351,1,0,0,0,166292,166293
11352,1,0,0,0,166290,166291
11353,1,0,0,0,166288,166289
11354,1,1,0,0,133687,133688
11355,1,1,0,0,133696,133697
11356,5,0,0,0,190778,190779
11357,10,1,0,0,213507,213508
11358,1,1,0,0,133698,133699
11359,1,1,0,0,133700,133701
11360,1,1,0,0,133702,133703
11361,1,1,0,0,133704,133705
11362,1,1,0,0,133706,133707
11363,1,1,0,0,133708,133709
11364,1,1,0,0,133710,133711
11365,1,1,0,0,133712,133713
11366,1,0,0,0,166286,166287
11367,1,0,0,0,166284,166285
11368,1,1,0,0,133714,133715
11369,1,1,0,0,133716,133717
11370,1,0,0,0,166282,166283
11371,1,0,0,0,166280,166281
11372,1,1,0,0,133718,133719
11373,1,1,0,0,133720,133721
11374,1,0,0,0,166278,166279
11375,1,0,0,0,166276,166277
11376,1,1,0,0,133722,133723
11377,1,1,0,0,133724,133725
11378,12,0,0,0,318603,0
11379,12,0,0,0,318604,0
11380,12,0,0,0,318605,0
11381,2,0,0,0,172258,172259
11382,12,0,0,0,318606,0
11383,1,0,0,0,166274,166275
11384,2,0,0,0,172256,172257
11385,12,0,0,0,318607,0
11386,6,1,0,0,136337,136338
11387,1,0,0,0,166272,166273
11388,1,0,0,0,166270,166271
11389,1,1,0,0,133726,133727
11390,11,0,0,0,132132,132133
11391,1,1,0,0,133728,133729
11392,1,0,0,0,166268,166269
11393,11,0,0,0,132130,132131
11394,10,1,0,0,213505,213506
11395,11,0,0,0,132128,132129
11396,11,0,0,0,132126,132127
11397,1,0,0,0,166266,166267
11402,1,0,0,0,166264,166265
11403,1,1,0,0,133730,133731
11404,1,1,0,0,133732,133733
11405,1,0,0,0,166262,166263
11406,1,0,0,0,166260,166261
11407,1,1,0,0,133734,133735
11408,1,1,0,0,133736,133737
11409,1,0,0,0,166258,166259
11410,1,1,0,0,133738,133739
11411,1,0,0,0,166256,166257
11412,1,1,0,0,133740,133741
11413,1,0,0,0,166254,166255
11414,11,1,0,0,149936,149937
11415,1,0,0,0,166252,166253
11416,1,0,0,0,166250,166251
11417,11,1,0,0,149938,149939
11418,1,0,0,0,166248,166249
11419,1,0,0,0,166246,166247
11420,1,0,0,0,166244,166245
11421,1,0,0,0,166242,166243
11422,1,0,0,0,166240,166241
11423,5,1,0,0,147951,147952
11424,1,0,0,0,166238,166239
11425,1,0,0,0,166236,166237
11426,1,0,0,0,166234,166235
11427,1,0,0,0,166232,166233
11428,1,0,0,0,166230,166231
11429,10,0,0,0,213249,213251
11430,10,0,0,0,213245,213247
11431,1,1,0,0,133742,133743
11432,2,0,0,0,172254,172255
11433,1,0,0,0,0,166229
11434,11,1,0,0,149940,149941
11435,11,1,0,0,149942,149943
11436,4,1,0,0,144303,144304
11437,11,1,0,0,149944,149945
11438,2,0,0,0,172252,172253
11439,2,0,0,0,172250,172251
11440,2,1,0,0,113416,113417
11441,2,0,0,0,172248,172249
11442,2,0,0,0,172246,172247
11443,11,1,0,0,149946,149947
11444,10,0,0,0,213242,213244
11446,2,1,0,0,113414,113415
11447,2,1,0,0,113412,113413
11448,2,0,0,0,172244,172245
11449,2,0,0,0,172242,172243
11450,2,0,0,0,172240,172241
11451,2,1,0,0,113410,113411
11452,2,1,0,0,113408,113409
11453,10,0,0,0,213239,213241
11454,2,0,0,0,172238,172239
11455,10,0,0,0,213236,213237
11456,2,0,0,0,172236,172237
11457,10,0,0,0,213233,213234
11458,10,0,0,0,213229,213231
11459,10,0,0,0,213226,213228
11460,10,0,0,0,213223,213225
11461,10,0,0,0,213220,213222
11462,10,0,0,0,213217,213218
11463,10,0,0,0,213214,213216
11464,10,0,0,0,213211,213212
11465,10,0,0,0,213208,213210
11466,10,0,0,0,213205,213206
11467,10,0,0,0,213202,213203
11468,10,0,0,0,213199,213200
11469,10,0,0,0,213195,213197
11470,4,0,0,0,174950,174951
11471,4,1,0,0,144301,144302
11472,4,0,0,0,174948,174949
11473,4,1,0,0,144299,144300
11474,10,0,0,0,213192,213194
11475,2,0,0,0,172234,172235
11476,10,0,0,0,213189,213191
11477,11,0,0,0,132124,132125
11478,2,0,0,0,172232,172233
11479,10,0,0,0,213186,213188
11480,2,0,0,0,172230,172231
11481,10,0,0,0,213183,213185
11482,2,1,0,0,113406,113407
11483,2,0,0,0,172228,172229
11484,2,0,0,0,172226,172227
11485,2,0,0,0,172224,172225
11486,2,0,0,0,172222,172223
11488,10,1,0,0,0,0
11489,2,1,0,0,113404,113405
11490,2,0,0,0,172220,172221
11491,2,1,0,0,113402,113403
11492,2,0,0,0,172218,172219
11493,2,0,0,0,172216,172217
11494,2,1,0,0,113400,113401
11495,10,1,0,0,213503,213504
11496,10,1,0,0,213501,213502
11497,10,1,0,0,213499,213500
11498,10,1,0,0,213497,213498
11499,10,1,0,0,213495,213496
11500,10,1,0,0,213493,213494
11501,10,1,0,0,213491,213492
11502,10,1,0,0,213489,213490
11503,10,1,0,0,213487,213488
11504,10,1,0,0,213485,213486
11505,10,1,0,0,213483,213484
11506,10,0,0,0,213180,213182
11507,10,1,0,0,213481,213482
11508,10,1,0,0,213479,213480
11509,10,0,0,0,213177,213179
11510,10,1,0,0,213477,213478
11511,10,1,0,0,213475,213476
11512,10,1,0,0,213473,213474
11513,10,1,0,0,213471,213472
11514,10,1,0,0,213469,213470
11515,10,1,0,0,213467,213468
11516,10,1,0,0,213465,213466
11517,10,1,0,0,213463,213464
11518,10,1,0,0,213461,213462
11519,10,1,0,0,213459,213460
11520,10,1,0,0,213457,213458
11521,10,1,0,0,213455,213456
11522,10,1,0,0,213453,213454
11523,10,1,0,0,213451,213452
11524,10,1,0,0,213449,213450
11525,10,1,0,0,213447,213448
11526,10,1,0,0,213445,213446
11527,10,1,0,0,213443,213444
11528,10,1,0,0,213441,213442
11529,10,1,0,0,213439,213440
11530,10,1,0,0,213437,213438
11531,10,1,0,0,213435,213436
11532,10,1,0,0,213433,213434
11533,10,0,0,0,0,213176
11534,10,1,0,0,213431,213432
11535,10,1,0,0,213429,213430
11536,11,1,0,0,149948,149949
11537,10,1,0,0,213427,213428
11538,10,0,0,0,213171,213173
11539,10,0,0,0,213168,213170
11540,10,1,0,0,213425,213426
11541,10,1,0,0,213423,213424
11542,10,1,0,0,213421,213422
11543,10,0,0,0,213166,213167
11544,10,1,0,0,213419,213420
11545,10,0,0,0,213164,213165
11546,10,0,0,0,213162,213163
11547,10,0,0,0,213160,213161
11548,10,0,0,0,213158,213159
11549,10,0,0,0,213156,213157
11550,10,0,0,0,213154,213155
11551,10,0,0,0,213152,213153
11552,10,0,0,0,213150,213151
11553,10,0,0,0,213148,213149
11554,10,0,0,0,213146,213147
11555,10,0,0,0,213144,213145
11556,10,0,0,0,213142,213143
11557,10,1,0,0,213417,213418
11558,10,1,0,0,213415,213416
11559,10,1,0,0,213413,213414
11560,10,0,0,0,213140,213141
11561,10,0,0,0,213138,213139
11562,10,0,0,0,213136,213137
11563,10,1,0,0,213411,213412
11564,10,0,0,0,213134,213135
11565,10,0,0,0,213132,213133
11566,11,0,0,0,132122,132123
11567,10,1,0,0,213409,213410
11568,11,0,0,0,132120,132121
11569,11,1,0,0,149950,149951
11570,11,0,0,0,132118,132119
11571,11,0,0,0,132116,132117
11572,10,0,0,0,213130,213131
11573,10,1,0,0,213407,213408
11574,10,0,0,0,213128,213129
11575,10,1,0,0,213405,213406
11576,5,1,0,0,147953,147954
11577,2,0,0,0,172214,172215
11578,2,0,0,0,172212,172213
11579,6,1,0,0,136339,136340
11580,8,1,0,0,177657,177658
11581,11,0,0,0,132114,132115
11582,2,0,0,0,172210,172211
11583,5,1,0,0,147955,147956
11584,10,1,0,0,213403,213404
11585,10,0,0,0,213126,213127
11586,10,1,0,0,213401,213402
11587,10,0,0,0,213124,213125
11588,10,1,0,0,213399,213400
11589,10,1,0,0,213397,213398
11590,10,1,0,0,213395,213396
11591,10,1,0,0,213393,213394
11592,10,1,0,0,213391,213392
11593,10,1,0,0,213389,213390
11594,10,1,0,0,213387,213388
11595,10,0,0,0,213122,213123
11596,10,0,0,0,213120,213121
11597,10,0,0,0,213118,213119
11598,10,0,0,0,213116,213117
11599,10,0,0,0,213114,213115
11600,10,1,0,0,213385,213386
11601,10,0,0,0,213112,213113
11602,10,0,0,0,213110,213111
11603,10,1,0,0,213383,213384
11604,10,1,0,0,213381,213382
11605,10,1,0,0,213379,213380
11606,10,0,0,0,213108,213109
11607,10,0,0,0,213106,213107
11608,10,0,0,0,213104,213105
11609,10,0,0,0,213102,213103
11610,10,0,0,0,213100,213101
11611,10,0,0,0,213098,213099
11612,10,0,0,0,213096,213097
11613,10,0,0,0,213094,213095
11614,10,1,0,0,213377,213378
11615,10,1,0,0,213375,213376
11616,10,1,0,0,213373,213374
11617,10,1,0,0,213371,213372
11618,10,1,0,0,213369,213370
11619,10,1,0,0,213367,213368
11620,10,1,0,0,213365,213366
11621,10,1,0,0,213363,213364
11622,7,0,0,0,208178,208179
11623,10,0,0,0,213092,213093
11624,10,0,0,0,213090,213091
11625,3,0,0,0,143313,143314
11626,11,0,0,0,132112,132113
11627,11,0,0,0,132110,132111
11628,11,1,0,0,149952,149953
11629,11,1,0,0,149954,149955
11630,10,1,0,0,213361,213362
11631,10,1,0,0,213359,213360
11632,11,1,0,0,149956,149957
11633,11,1,0,0,149958,149959
11634,10,1,0,0,213356,213358
11635,10,1,0,0,213351,213354
11636,10,1,0,0,213346,213349
11637,10,1,0,0,213340,213343
11638,5,0,0,0,190776,190777
11639,10,1,0,0,213336,213339
11640,10,1,0,0,213331,213334
11641,10,1,0,0,213325,213328
11642,10,1,0,0,213320,213323
11643,11,1,0,0,149960,149961
11644,2,0,0,0,172208,172209
11645,10,0,0,0,213088,213089
11646,10,0,0,0,213086,213087
11647,10,0,0,0,213084,213085
11648,10,0,0,0,213082,213083
11649,10,1,0,0,213315,213317
11650,10,0,0,0,213079,213081
11651,10,0,0,0,213076,213078
11652,10,0,0,0,213073,213075
11653,10,0,0,0,213070,213072
11654,10,0,0,0,213067,213068
11655,10,0,0,0,213064,213066
11656,10,0,0,0,213061,213062
11657,10,1,0,0,0,213313
11658,10,1,0,0,213305,213308
11659,10,0,0,0,213057,213059
11660,10,0,0,0,213055,213056
11661,10,0,0,0,213051,213053
11662,10,0,0,0,213049,213050
11663,10,0,0,0,213045,213047
11664,10,0,0,0,213042,213044
11665,10,0,0,0,213039,213041
11666,10,0,0,0,213036,213038
11667,10,0,0,0,213033,213034
11668,10,0,0,0,213030,213032
11669,10,0,0,0,213027,213028
11670,10,0,0,0,213023,213025
11671,10,1,0,0,213303,213304
11672,3,0,0,0,318608,318609
11673,3,0,0,0,318610,318611
11674,2,1,0,0,113441,113442
11675,2,0,0,0,172206,172207
11676,14,0,0,0,318612,0
11677,3,0,0,0,318613,318614
11678,10,1,0,0,213301,213302
11679,10,0,0,0,212959,212960
11680,10,1,0,0,185339,213300
11681,10,0,0,0,212956,212957
11682,10,0,0,0,212953,212954
11683,10,1,0,0,213297,213299
11684,11,1,0,0,149962,149963
11685,10,0,0,0,212949,212951
11686,11,0,0,0,132108,132109
11687,11,1,0,0,149964,149965
11688,11,1,0,0,149966,149967
11689,11,0,0,0,132106,132107
11690,4,0,0,0,174946,174947
11691,11,0,0,0,132104,132105
11692,10,1,0,0,213292,213294
11693,11,0,0,0,132102,132103
11694,4,1,0,0,144297,144298
11695,10,1,0,0,213287,213290
11696,2,1,0,0,113439,113440
11697,11,0,0,0,132100,132101
11698,2,0,0,0,172204,172205
11700,2,1,0,0,113399,113438
11701,5,0,0,0,190774,190775
11702,5,1,0,0,147957,147958
11703,1,0,0,0,0,166226
11705,11,1,0,0,149968,149969
11706,11,0,0,0,132098,132099
11707,11,0,0,0,132096,132097
11708,11,1,0,0,149970,149971
11709,11,0,0,0,132094,132095
11710,10,0,0,0,212946,212948
11711,1,0,0,0,166223,166224
11712,11,0,0,0,132092,132093
11713,11,0,0,0,132090,132091
11714,11,1,0,0,149972,149973
11715,11,1,0,0,149974,149975
11716,10,1,0,0,213282,213285
11717,1,0,0,0,166221,166222
11718,11,0,0,0,132088,132089
11719,11,0,0,0,132086,132087
11720,1,0,0,0,166219,166220
11721,4,1,0,0,144295,144296
11722,3,0,0,0,318615,318616
11723,7,0,0,0,208176,208177
11724,1,0,0,0,166217,166218
11725,3,1,0,0,117381,117382
11726,9,0,0,0,318617,0
11727,1,0,0,0,166215,166216
11728,10,1,0,0,213277,213280
11729,9,1,0,0,318618,0
11730,9,0,0,0,318619,0
11731,9,0,0,0,318620,0
11732,9,0,0,0,318621,0
11733,10,0,0,0,212943,212945
11734,10,0,0,0,212940,212942
11735,10,1,0,0,213271,213274
11736,10,1,0,0,213266,213269
11737,3,0,0,0,318622,318623
11738,7,0,0,0,208174,208175
11739,1,1,0,0,133744,133745
11740,1,0,0,0,166213,166214
11741,2,1,0,0,113397,113398
11742,2,0,0,0,172202,172203
11743,2,0,0,0,172200,172201
11744,6,0,0,0,114980,114981
11745,4,1,0,0,144293,144294
11746,11,0,0,0,132084,132085
11747,2,0,0,0,172198,172199
11748,11,0,0,0,132082,132083
11749,2,0,0,0,172196,172197
11750,4,0,0,0,174944,174945
11751,4,1,0,0,144291,144292
11752,9,0,0,0,318624,0
11753,2,1,0,0,113395,113396
11755,10,0,0,0,212937,212938
11756,2,0,0,0,172194,172195
11757,11,1,0,0,149976,149977
11758,1,0,0,0,166211,166212
11759,1,1,0,0,133746,133747
11760,11,1,0,0,149978,149979
11761,1,0,0,0,166209,166210
11762,1,0,0,0,166207,166208
11763,11,1,0,0,149980,149981
11764,12,0,0,0,318625,0
11765,7,0,0,0,208172,208173
11766,11,0,0,0,132080,132081
11767,11,0,0,0,132078,132079
11768,11,0,0,0,132076,132077
11770,11,0,0,0,132074,132075
11771,11,1,0,0,149982,149983
11772,11,1,0,0,149984,149985
11773,11,1,0,0,149986,149987
11774,11,1,0,0,149988,149989
11775,11,0,0,0,132072,132073
11776,11,1,0,0,149990,149991
11777,11,0,0,0,132070,132071
11779,12,0,0,0,318626,0
11780,2,0,0,0,172192,172193
11781,3,0,0,0,318627,318628
11782,1,1,0,0,133748,133749
11783,1,0,0,0,166205,166206
11784,2,0,0,0,172190,172191
11785,2,0,0,0,172188,172189
11786,11,0,0,0,132068,132069
11787,2,0,0,0,172186,172187
11788,12,0,0,0,318629,0
11789,12,0,0,0,318630,0
11790,12,0,0,0,318631,0
11791,12,0,0,0,318632,0
11792,11,0,0,0,132066,132067
11794,1,0,0,0,166203,166204
11795,1,1,0,0,133750,133751
11796,1,1,0,0,133752,133753
11797,11,1,0,0,149992,149993
11798,11,0,0,0,132064,132065
11799,11,0,0,0,132062,132063
11800,11,0,0,0,132060,132061
11801,1,0,0,0,0,166202
11802,2,0,0,0,172184,172185
11803,11,0,0,0,132058,132059
11804,2,0,0,0,172182,172183
11805,11,0,0,0,132056,132057
11806,11,0,0,0,132054,132055
11807,1,1,0,0,133754,133755
11808,11,1,0,0,149994,149995
11809,1,1,0,0,133756,133757
11810,10,0,0,0,212934,212935
11811,1,1,0,0,133758,133759
11812,10,1,0,0,213261,213264
11813,1,1,0,0,133760,133761
11814,1,1,0,0,133762,133763
11815,1,1,0,0,133764,133765
11816,1,1,0,0,133766,133767
11817,1,0,0,0,166199,166200
11818,11,0,0,0,132052,132053
11819,11,0,0,0,0,132051
11820,1,1,0,0,133768,133769
11821,7,1,0,0,119104,119105
11822,1,1,0,0,133770,133771
11823,10,0,0,0,212931,212932
11824,4,1,0,0,144289,144290
11836,2,0,0,0,172180,172181
11837,7,1,0,0,119102,119103
11838,11,0,0,0,132048,132049
11839,8,0,0,0,158419,158420
11840,2,0,0,0,172178,172179
11841,12,0,0,0,318633,0
11842,2,0,0,0,172176,172177
11843,12,0,0,0,318634,0
11844,2,0,0,0,172174,172175
11845,12,0,0,0,318635,0
11846,2,0,0,0,172172,172173
11847,2,0,0,0,172170,172171
11848,12,0,0,0,318636,0
11849,2,0,0,0,172168,172169
11850,11,0,0,0,132046,132047
11851,1,1,0,0,133772,133773
11852,5,1,0,0,147959,147960
11854,10,0,0,0,212927,212929
11855,11,0,0,0,132044,132045
11856,11,0,0,0,132042,132043
11857,11,0,0,0,132040,132041
11858,11,1,0,0,149996,149997
11859,11,0,0,0,132038,132039
11860,10,0,0,0,212925,212926
11861,11,0,0,0,132036,132037
11862,4,0,0,0,174942,174943
11863,11,0,0,0,132034,132035
11864,11,1,0,0,149998,149999
11865,11,0,0,0,132032,132033
11866,11,0,0,0,132030,132031
11867,11,0,0,0,132028,132029
11868,11,1,0,0,150000,150001
11869,11,1,0,0,150002,150003
11870,11,0,0,0,132026,132027
11871,11,0,0,0,132024,132025
11872,12,0,0,0,318637,0
11873,12,0,0,0,318638,0
11874,12,0,0,0,318639,0
11875,2,0,0,0,172166,172167
11876,1,0,0,0,166197,166198
11877,2,0,0,0,172164,172165
11878,12,0,0,0,318640,0
11879,11,0,0,0,132022,132023
11880,10,0,0,0,212921,212923
11881,10,0,0,0,212918,212920
11882,10,0,0,0,212915,212917
11883,10,1,0,0,213257,213259
11884,11,0,0,0,132020,132021
11885,11,0,0,0,132018,132019
11886,11,1,0,0,150004,150005
11887,11,1,0,0,150006,150007
11888,11,0,0,0,132016,132017
11889,11,0,0,0,132014,132015
11890,11,0,0,0,132012,132013
11891,11,0,0,0,132010,132011
11892,11,1,0,0,150008,150009
11893,11,0,0,0,132008,132009
11894,11,0,0,0,132006,132007
11895,11,1,0,0,150010,150011
11896,10,0,0,0,212912,212914
11897,11,0,0,0,132004,132005
11898,11,1,0,0,150012,150013
11899,11,0,0,0,132002,132003
11900,11,1,0,0,150014,150015
11901,11,0,0,0,132000,132001
11902,11,1,0,0,150016,150017
11903,11,0,0,0,131998,131999
11904,11,0,0,0,131996,131997
11905,11,1,0,0,150018,150019
11906,11,0,0,0,131994,131995
11907,11,1,0,0,150020,150021
11908,11,1,0,0,150022,150023
11909,11,1,0,0,150024,150025
11910,11,0,0,0,131992,131993
11911,11,0,0,0,131990,131991
11912,11,1,0,0,150026,150027
11913,11,0,0,0,131988,131989
11914,11,0,0,0,131986,131987
11915,11,0,0,0,131984,131985
11916,11,0,0,0,131982,131983
11917,11,0,0,0,131980,131981
11918,11,0,0,0,131978,131979
11919,11,0,0,0,131976,131977
11920,11,0,0,0,131974,131975
11921,11,0,0,0,131972,131973
11922,1,0,0,0,166195,166196
11923,10,0,0,0,212909,212911
11924,10,0,0,0,212906,212908
11925,10,0,0,0,212903,212904
11926,10,1,0,0,213253,213255
11927,10,0,0,0,212900,212902
11928,1,0,0,0,166193,166194
11929,10,0,0,0,212897,212898
11930,10,1,0,0,213248,213250
11931,10,1,0,0,213243,213246
11932,10,0,0,0,212894,212895
11933,10,1,0,0,213238,213240
11934,11,1,0,0,150028,150029
11935,4,1,0,0,0,144288
11936,4,1,0,0,144285,144286
11937,6,0,0,0,114982,114983
11938,11,0,0,0,131970,131971
11939,11,0,0,0,131968,131969
11940,10,0,0,0,212891,212892
11941,10,0,0,0,212887,212889
11942,11,0,0,0,131966,131967
11943,11,0,0,0,131964,131965
11944,11,1,0,0,150030,150031
11945,4,0,0,0,174940,174941
11946,10,1,0,0,213232,213235
11947,10,0,0,0,212885,212886
11948,10,0,0,0,212881,212883
11949,10,0,0,0,212878,212880
11950,2,0,0,0,172162,172163
11951,11,0,0,0,131962,131963
11952,11,1,0,0,150032,150033
11953,4,1,0,0,0,144284
11954,4,0,0,0,0,174939
11956,10,1,0,0,213227,213230
11957,6,0,0,0,0,114985
11958,4,0,0,0,0,174937
11959,10,0,0,0,212875,212877
11960,6,0,0,0,0,114987
11961,4,1,0,0,144281,144282
11963,1,1,0,0,133774,133775
11965,1,0,0,0,166191,166192
11967,6,0,0,0,114988,114989
11968,4,0,0,0,174934,174935
11969,1,0,0,0,166189,166190
11970,3,0,0,0,318641,318642
11971,10,1,0,0,0,0
11972,11,1,0,0,150034,150035
11973,11,1,0,0,150036,150037
11974,10,1,0,0,213221,213224
11975,1,0,0,0,166187,166188
11976,1,0,0,0,166185,166186
11977,1,0,0,0,166183,166184
11978,10,0,0,0,212872,212874
11979,2,0,0,0,172160,172161
11980,6,0,0,0,114990,114991
11981,11,1,0,0,150038,150039
11982,11,0,0,0,131960,131961
11983,2,0,0,0,172158,172159
11984,11,0,0,0,131958,131959
11985,11,0,0,0,131956,131957
11986,10,0,0,0,212869,212871
11987,10,0,0,0,212866,212868
11988,10,1,0,0,213215,213219
11989,10,1,0,0,213209,213213
11990,10,0,0,0,212863,212864
11991,10,0,0,0,212859,212861
11992,10,1,0,0,213204,213207
11993,10,1,0,0,213198,213201
11994,10,0,0,0,212856,212858
11995,10,1,0,0,213193,213196
11996,10,0,0,0,212853,212855
11997,10,0,0,0,212850,212852
11998,10,1,0,0,213187,213190
11999,10,1,0,0,213181,213184
12000,10,0,0,0,212847,212848
12001,10,0,0,0,212844,212846
12002,10,1,0,0,213175,213178
12003,10,0,0,0,212841,212842
12004,10,1,0,0,213169,213172
12005,11,0,0,0,131954,131955
12006,11,0,0,0,131952,131953
12007,11,1,0,0,150040,150041
12008,11,1,0,0,150042,150043
12009,11,1,0,0,0,0
12010,10,0,0,0,212838,212839
12011,10,1,0,0,213077,213080
12012,11,0,0,0,131950,131951
12013,11,0,0,0,131948,131949
12014,11,1,0,0,150044,150045
12015,5,0,0,0,190772,190773
12016,5,0,0,0,190770,190771
12017,11,0,0,0,131946,131947
12018,11,0,0,0,131944,131945
12019,11,0,0,0,131942,131943
12020,11,1,0,0,150046,150047
12021,11,0,0,0,131940,131941
12022,8,0,0,0,158417,158418
12023,8,0,0,0,158415,158416
12024,8,0,0,0,158413,158414
12025,8,0,0,0,158411,158412
12026,8,0,0,0,158409,158410
12027,8,1,0,0,177655,177656
12028,8,1,0,0,177653,177654
12029,8,1,0,0,177651,177652
12030,1,0,0,0,166181,166182
12031,11,1,0,0,150048,150049
12032,11,0,0,0,131938,131939
12033,11,1,0,0,150050,150051
12035,11,0,0,0,131936,131937
12036,11,1,0,0,150052,150053
12037,11,1,0,0,150054,150055
12038,11,1,0,0,150056,150057
12039,11,1,0,0,150058,150059
12040,11,1,0,0,150060,150061
12041,11,0,0,0,131934,131935
12042,11,0,0,0,131932,131933
12043,11,0,0,0,131930,131931
12044,11,0,0,0,131928,131929
12045,11,1,0,0,150062,150063
12046,11,0,0,0,131926,131927
12047,11,1,0,0,150064,150065
12048,11,0,0,0,131924,131925
12049,11,1,0,0,150066,150067
12050,11,0,0,0,131922,131923
12051,11,0,0,0,131920,131921
12052,11,0,0,0,131918,131919
12053,11,0,0,0,131916,131917
12054,11,1,0,0,150068,150069
12055,11,0,0,0,131914,131915
12056,11,1,0,0,150070,150071
12057,11,1,0,0,150072,150073
12058,11,1,0,0,150074,150075
12059,2,0,0,0,172156,172157
12060,2,0,0,0,172154,172155
12061,11,1,0,0,150076,150077
12062,11,0,0,0,131912,131913
12063,11,1,0,0,150078,150079
12064,11,1,0,0,150080,150081
12065,11,0,0,0,131910,131911
12066,2,0,0,0,172152,172153
12067,2,1,0,0,113548,113549
12068,2,0,0,0,172150,172151
12069,2,0,0,0,172148,172149
12070,11,0,0,0,131908,131909
12071,11,1,0,0,150082,150083
12072,2,0,0,0,172146,172147
12073,11,1,0,0,150084,150085
12074,11,0,0,0,131906,131907
12075,11,1,0,0,150086,150087
12076,11,0,0,0,131904,131905
12077,11,1,0,0,150088,150089
12078,6,1,0,0,136341,136342
12079,11,1,0,0,150090,150091
12080,11,1,0,0,150092,150093
12081,11,0,0,0,131902,131903
12082,11,0,0,0,131900,131901
12083,11,1,0,0,150094,150095
12084,11,0,0,0,131898,131899
12085,11,1,0,0,150096,150097
12086,11,1,0,0,150098,150099
12087,11,1,0,0,150100,150101
12088,11,1,0,0,150102,150103
12089,11,1,0,0,150104,150105
12090,10,0,0,0,212835,212836
12091,10,0,0,0,212831,212833
12092,10,1,0,0,213071,213074
12093,10,1,0,0,213065,213069
12094,5,0,0,0,190768,190769
12095,10,0,0,0,212829,212830
12096,11,0,0,0,131896,131897
12097,11,0,0,0,131894,131895
12098,11,1,0,0,150106,150107
12099,11,1,0,0,150108,150109
12100,11,1,0,0,150110,150111
12101,11,0,0,0,131892,131893
12102,2,0,0,0,172144,172145
12103,2,0,0,0,172142,172143
12104,4,0,0,0,174930,174931
12105,2,0,0,0,172140,172141
12106,6,1,0,0,136343,136344
12107,7,0,0,0,183068,183069
12108,7,1,0,0,119100,119101
12109,2,1,0,0,113546,113547
12110,10,0,0,0,212825,212827
12111,10,0,0,0,212822,212824
12112,10,0,0,0,212818,212820
12113,10,1,0,0,213060,213063
12114,10,1,0,0,213054,213058
12115,10,1,0,0,213048,213052
12116,10,0,0,0,212815,212816
12117,10,0,0,0,212811,212813
12118,8,1,0,0,177649,177650
12119,3,0,0,0,318643,318644
12120,2,1,0,0,113544,113545
12121,8,0,0,0,158407,158408
12122,6,1,0,0,136345,136346
12123,5,1,0,0,147962,147963
12124,10,0,0,0,212809,212810
12125,3,0,0,0,318645,318646
12126,4,1,0,0,144279,144280
12127,1,0,0,0,166179,166180
12128,1,0,0,0,166177,166178
12129,14,0,0,0,318647,0
12130,14,0,0,0,318648,0
12131,14,0,0,0,318649,0
12132,14,0,0,0,318650,0
12133,14,0,0,0,318651,0
12134,14,0,0,0,318652,0
12135,6,0,0,0,114992,114993
12136,13,1,0,0,262182,0
12137,13,0,0,0,258661,0
12138,14,0,0,0,318653,0
12139,14,0,0,0,318654,0
12140,14,0,0,0,318655,0
12141,14,0,0,0,318656,0
12142,14,0,0,0,318657,0
12143,14,0,0,0,318658,0
12144,14,0,0,0,318659,0
12145,14,0,0,0,318660,0
12146,14,0,0,0,318661,0
12147,2,0,0,0,172138,172139
12148,14,0,0,0,318662,0
12149,14,0,0,0,318662,0
12150,1,0,0,0,166175,166176
12151,14,0,0,0,318663,0
12152,14,0,0,0,318664,0
12153,14,0,0,0,318665,0
12154,14,0,0,0,318666,0
12155,14,0,0,0,318667,0
12156,14,0,0,0,318668,0
12157,13,0,0,0,258662,0
12158,14,0,0,0,318669,0
12159,14,0,0,0,318670,0
12160,2,0,0,0,172136,172137
12161,10,1,0,0,213043,213046
12162,10,0,0,0,212805,212807
12163,14,0,0,0,318671,0
12164,2,0,0,0,172134,172135
12165,14,0,0,0,318672,0
12166,2,0,0,0,172132,172133
12167,2,0,0,0,172130,172131
12168,2,1,0,0,113542,113543
12169,2,1,0,0,113540,113541
12170,8,0,0,0,158405,158406
12171,8,0,0,0,158403,158404
12172,8,0,0,0,158401,158402
12173,8,0,0,0,158399,158400
12174,8,0,0,0,158397,158398
12175,2,0,0,0,172128,172129
12176,2,1,0,0,113538,113539
12177,11,0,0,0,131890,131891
12178,11,0,0,0,131888,131889
12179,1,0,0,0,166173,166174
12180,10,1,0,0,213037,213040
12181,1,0,0,0,166171,166172
12182,2,0,0,0,172126,172127
12183,14,0,0,0,318673,0
12184,10,1,0,0,213031,213035
12185,5,1,0,0,147964,147965
12186,10,0,0,0,212802,212804
12187,10,0,0,0,212799,212801
12188,2,0,0,0,172124,172125
12189,7,1,0,0,119098,119099
12190,3,0,0,0,318674,318675
12191,5,0,0,0,190766,190767
12192,14,0,0,0,318676,0
12193,13,0,0,0,258663,0
12194,10,0,0,0,212796,212798
12195,10,1,0,0,213026,213029
12196,2,0,0,0,172122,172123
12197,2,0,0,0,172120,172121
12198,2,1,0,0,113536,113537
12199,2,1,0,0,113534,113535
12200,2,0,0,0,172118,172119
12201,11,0,0,0,131886,131887
12202,10,1,0,0,213022,213024
12203,2,1,0,0,113532,113533
12204,2,1,0,0,113530,113531
12205,14,0,0,0,318677,0
12206,10,0,0,0,212793,212795
12207,11,0,0,0,131884,131885
12208,11,1,0,0,150112,150113
12209,11,1,0,0,150114,150115
12210,11,1,0,0,150116,150117
12211,14,0,0,0,318678,0
12212,14,0,0,0,318679,0
12213,12,0,0,0,318680,0
12215,12,0,0,0,318681,0
12216,12,0,0,0,318682,0
12217,2,0,0,0,172116,172117
12218,14,0,0,0,318683,0
12219,12,0,0,0,318684,0
12220,2,0,0,0,172114,172115
12221,12,0,0,0,318685,0
12222,2,0,0,0,172112,172113
12223,12,0,0,0,318686,0
12224,2,1,0,0,113528,113529
12225,2,0,0,0,172110,172111
12226,1,0,0,0,166169,166170
12227,1,0,0,0,166167,166168
12228,10,1,0,0,213020,213021
12229,12,0,0,0,318687,0
12230,12,0,0,0,318688,0
12231,2,1,0,0,113526,113527
12232,2,1,0,0,113524,113525
12233,2,0,0,0,172108,172109
12234,14,0,0,0,0,0
12235,14,0,0,0,318654,0
12236,11,0,0,0,131882,131883
12237,3,1,0,0,117383,117384
12238,14,0,0,0,318689,0
12239,14,0,0,0,318690,0
12240,14,0,0,0,318691,0
12241,14,0,0,0,318692,0
12242,2,0,0,0,172106,172107
12243,14,0,0,0,318693,0
12244,2,0,0,0,172104,172105
12245,2,0,0,0,172102,172103
12246,11,1,0,0,150118,150119
12247,4,0,0,0,174928,174929
12248,10,0,0,0,212790,212792
12249,10,0,0,0,212787,212788
12250,10,1,0,0,213018,213019
12251,10,1,0,0,213016,213017
12252,3,0,0,0,318694,318695
12254,10,0,0,0,212783,212785
12255,10,1,0,0,213014,213015
12256,10,1,0,0,213012,213013
12257,4,0,0,0,174926,174927
12258,10,1,0,0,213010,213011
12259,11,0,0,0,131880,131881
12260,2,0,0,0,172100,172101
12261,2,0,0,0,172098,172099
12262,2,1,0,0,113522,113523
12263,2,1,0,0,113520,113521
12264,14,0,0,0,318696,0
12265,14,0,0,0,318697,0
12266,2,0,0,0,172096,172097
12267,3,0,0,0,318698,318699
12268,2,0,0,0,172094,172095
12269,1,0,0,0,166165,166166
12270,14,0,0,0,318700,0
12271,6,0,0,0,114994,114995
12272,8,0,0,0,158395,158396
12273,10,1,0,0,213008,213009
12274,10,1,0,0,213006,213007
12275,10,0,0,0,212780,212782
12276,4,1,0,0,144277,144278
12277,10,0,0,0,212777,212779
12278,14,0,0,0,318701,0
12279,10,1,0,0,213004,213005
12280,14,0,0,0,318702,0
12281,10,1,0,0,213002,213003
12282,10,0,0,0,212774,212776
12283,10,1,0,0,213000,213001
12284,11,0,0,0,131878,131879
12285,11,1,0,0,150120,150121
12286,14,0,0,0,318701,0
12287,11,0,0,0,131876,131877
12288,14,0,0,0,318703,0
12289,14,0,0,0,318704,0
12290,9,0,0,0,318705,0
12291,14,0,0,0,318706,0
12292,14,0,0,0,318707,0
12293,10,0,0,0,212771,212772
12294,10,0,0,0,212768,212770
12295,10,1,0,0,212998,212999
12296,10,1,0,0,212996,212997
12297,10,1,0,0,212994,212995
12298,10,0,0,0,212765,212766
12299,11,1,0,0,150122,150123
12300,11,0,0,0,131874,131875
12301,10,0,0,0,212761,212763
12302,4,0,0,0,174924,174925
12303,4,1,0,0,144275,144276
12304,6,0,0,0,114996,114997
12305,6,1,0,0,136347,136348
12306,7,0,0,0,183066,183067
12307,12,0,0,0,318708,0
12308,12,0,0,0,318709,0
12309,12,0,0,0,318710,0
12310,12,0,0,0,318711,0
12311,12,0,0,0,318712,0
12312,1,0,0,0,166163,166164
12313,2,0,0,0,172092,172093
12314,10,0,0,0,212758,212760
12315,10,1,0,0,212992,212993
12316,10,0,0,0,212755,212757
12317,11,0,0,0,131872,131873
12322,11,0,0,0,131870,131871
12325,11,0,0,0,131868,131869
12326,11,0,0,0,131866,131867
12327,11,1,0,0,150124,150125
12328,11,1,0,0,150126,150127
12329,11,0,0,0,131864,131865
12330,11,0,0,0,131862,131863
12331,10,0,0,0,212752,212754
12332,11,1,0,0,150128,150129
12333,11,1,0,0,150130,150131
12334,11,0,0,0,131860,131861
12338,10,0,0,0,212749,212750
12339,11,0,0,0,131858,131859
12340,10,1,0,0,212990,212991
12341,10,1,0,0,212988,212989
12342,10,1,0,0,212986,212987
12346,11,0,0,0,131856,131857
12347,13,0,0,0,258664,0
12350,13,0,0,0,258665,0
12352,11,1,0,0,150132,150133
12353,13,1,0,0,262183,0
12354,11,1,0,0,150134,150135
12355,11,0,0,0,131854,131855
12356,13,1,0,0,262184,0
12357,11,0,0,0,131852,131853
12358,11,0,0,0,131850,131851
12360,11,0,0,0,131848,131849
12363,11,0,0,0,131846,131847
12364,11,1,0,0,150136,150137
12365,2,0,0,0,172090,172091
12367,11,0,0,0,131844,131845
12368,14,0,0,0,318713,0
12369,11,0,0,0,131842,131843
12371,10,0,0,0,212746,212748
12372,10,1,0,0,212984,212985
12373,14,0,0,0,318714,0
12375,10,1,0,0,212982,212983
12376,10,1,0,0,212980,212981
12377,10,0,0,0,212743,212745
12378,14,0,0,0,318715,0
12379,14,0,0,0,318716,0
12381,2,1,0,0,113518,113519
12382,2,1,0,0,113516,113517
12384,10,0,0,0,212740,212742
12385,10,1,0,0,212976,212977
12386,10,0,0,0,212737,212738
12387,10,0,0,0,212734,212735
12388,10,1,0,0,212974,212975
12389,10,1,0,0,212972,212973
12390,10,1,0,0,212970,212971
12391,2,0,0,0,172088,172089
12392,2,1,0,0,113514,113515
12394,1,1,0,0,133776,133777
12395,1,1,0,0,133778,133779
12396,1,0,0,0,166161,166162
12397,1,0,0,0,166159,166160
12398,2,0,0,0,172086,172087
12399,2,1,0,0,113512,113513
12400,2,0,0,0,172084,172085
12401,2,1,0,0,113510,113511
12402,11,1,0,0,150138,150139
12403,11,0,0,0,131840,131841
12404,11,1,0,0,150140,150141
12405,11,1,0,0,150142,150143
12406,11,0,0,0,131838,131839
12407,11,0,0,0,131836,131837
12408,11,1,0,0,150144,150145
12409,11,1,0,0,150146,150147
12410,11,0,0,0,131834,131835
12411,11,1,0,0,150148,150149
12412,11,1,0,0,150150,181766
12413,11,0,0,0,131832,131833
12414,11,1,0,0,150151,150152
12415,11,1,0,0,150153,150154
12416,11,1,0,0,150155,150156
12417,11,1,0,0,150157,150158
12418,1,1,0,0,133780,133781
12419,1,1,0,0,133782,133783
12420,10,0,0,0,212731,212732
12421,1,0,0,0,166157,166158
12422,1,0,0,0,166155,166156
12423,11,1,0,0,150159,150160
12424,15,0,0,0,318717,0
12425,10,1,0,0,212968,212969
12426,5,0,0,0,190764,190765
12428,8,1,0,0,177647,177648
12429,10,0,0,0,212727,212729
12431,15,0,0,0,318718,0
12432,15,0,0,0,318719,0
12433,15,0,0,0,318720,0
12434,1,1,0,0,133784,133785
12435,1,1,0,0,133786,133787
12436,1,0,0,0,166153,166154
12437,1,0,0,0,166151,166152
12438,10,1,0,0,212966,212967
12439,10,0,0,0,212724,212726
12440,1,1,0,0,133788,133789
12441,1,1,0,0,133790,133791
12442,1,0,0,0,166149,166150
12443,1,0,0,0,166147,166148
12444,1,1,0,0,133792,133793
12445,1,1,0,0,133794,133795
12446,1,0,0,0,166145,166146
12447,1,0,0,0,166143,166144
12448,1,1,0,0,133796,133797
12449,1,1,0,0,133798,133799
12450,10,0,0,0,212721,212723
12451,10,0,0,0,212718,212720
12452,1,0,0,0,166141,166142
12453,1,0,0,0,166139,166140
12454,10,1,0,0,212964,212965
12455,11,1,0,0,150161,150162
12456,10,1,0,0,212962,212963
12457,2,0,0,0,172082,172083
12458,1,0,0,0,166137,166138
12459,14,0,0,0,318721,0
12460,9,1,0,0,318722,0
12461,2,1,0,0,113508,113509
12462,1,0,0,0,166135,166136
12463,1,1,0,0,133800,133801
12464,14,0,0,0,318723,0
12465,2,0,0,0,172080,172081
12466,2,1,0,0,113506,113507
12467,2,0,0,0,172078,172079
12468,1,1,0,0,133802,133803
12469,1,0,0,0,166133,166134
12470,1,0,0,0,166131,166132
12471,1,0,0,0,166129,166130
12472,2,1,0,0,113504,113505
12473,2,0,0,0,172076,172077
12474,2,0,0,0,172074,172075
12475,2,0,0,0,172072,172073
12476,2,1,0,0,113502,113503
12477,2,1,0,0,113500,113501
12478,1,0,0,0,166127,166128
12479,14,0,0,0,318724,0
12480,11,1,0,0,150163,150164
12481,11,0,0,0,131830,131831
12482,11,1,0,0,150165,150166
12483,10,0,0,0,212715,212717
12484,11,0,0,0,131828,131829
12485,11,0,0,0,131826,131827
12486,11,1,0,0,150167,150168
12487,11,1,0,0,150169,150170
12488,10,1,0,0,212958,212961
12489,2,0,0,0,172070,172071
12490,2,1,0,0,113498,113499
12491,2,0,0,0,172068,172069
12492,2,0,0,0,172066,172067
12493,2,0,0,0,172064,172065
12494,3,0,0,0,318725,318726
12495,10,1,0,0,212952,212955
12496,8,1,0,0,177645,177646
12497,1,0,0,0,166125,166126
12498,7,0,0,0,183064,183065
12499,7,0,0,0,183062,183063
12500,7,0,0,0,183060,183061
12501,12,0,0,0,318727,0
12502,10,0,0,0,212712,212714
12503,10,1,0,0,212947,212950
12504,7,1,0,0,119096,119097
12505,7,0,0,0,183058,183059
12506,1,1,0,0,133804,133805
12507,1,0,0,0,166123,166124
12508,7,0,0,0,183056,183057
12509,7,1,0,0,119094,119095
12510,5,0,0,0,190762,190763
12511,5,1,0,0,147966,147967
12512,3,0,0,0,318728,318729
12513,2,0,0,0,172062,172063
12514,8,0,0,0,158393,158394
12515,1,0,0,0,166121,166122
12516,1,1,0,0,133806,133807
12517,2,0,0,0,172060,172061
12518,2,1,0,0,113496,113497
12519,3,0,0,0,318730,318731
12520,3,1,0,0,117385,117386
12521,8,0,0,0,158391,158392
12522,8,1,0,0,177643,177644
12523,3,1,0,0,117387,117388
12524,5,1,0,0,147968,147969
12525,2,0,0,0,172058,172059
12526,5,0,0,0,190760,190761
12527,10,0,0,0,212709,212710
12528,2,0,0,0,172056,172057
12529,11,1,0,0,150171,150172
12530,11,0,0,0,131824,131825
12531,11,0,0,0,131822,131823
12532,10,0,0,0,212706,212707
12533,10,1,0,0,212941,212944
12534,10,0,0,0,212703,212704
12535,10,1,0,0,212936,212939
12536,11,0,0,0,131820,131821
12537,11,1,0,0,150173,150174
12538,10,1,0,0,212930,212933
12539,10,0,0,0,212699,212701
12540,10,0,0,0,212696,212698
12541,10,1,0,0,212924,212928
12543,1,0,0,0,166119,166120
12544,1,1,0,0,133808,133809
12545,15,0,0,0,318732,0
12546,2,0,0,0,172054,172055
12547,10,1,0,0,212919,212922
12548,11,1,0,0,150175,150176
12549,1,0,0,0,166117,166118
12550,10,0,0,0,212693,212695
12551,1,1,0,0,133810,133811
12552,9,0,0,0,318733,0
12553,1,0,0,0,166115,166116
12554,7,0,0,0,183054,183055
12555,6,0,0,0,114998,114999
12556,3,0,0,0,318734,318735
12557,10,1,0,0,212913,212916
12558,1,0,0,0,166113,166114
12559,2,0,0,0,172052,172053
12560,3,0,0,0,318736,318737
12561,6,0,0,0,115000,115001
12562,4,1,0,0,144273,144274
12563,4,1,0,0,144271,144272
12564,6,0,0,0,115002,115003
12565,10,1,0,0,212907,212910
12567,12,0,0,0,318738,0
12568,10,0,0,0,212690,212692
12569,2,1,0,0,113494,113495
12570,2,0,0,0,172050,172051
12571,11,0,0,0,131818,131819
12572,11,0,0,0,131816,131817
12573,10,0,0,0,212687,212688
12577,10,0,0,0,212684,212686
12578,10,0,0,0,212681,212682
12579,10,1,0,0,212901,212905
12580,10,1,0,0,212896,212899
12581,7,0,0,0,183052,183053
12582,10,0,0,0,212678,212680
12583,10,0,0,0,212675,212676
12584,10,1,0,0,212890,212893
12585,10,1,0,0,212884,212888
12586,3,0,0,0,318739,318740
12587,10,0,0,0,212671,212673
12588,10,1,0,0,212879,212882
12589,12,0,0,0,318741,0
12590,14,0,0,0,318742,0
12591,12,0,0,0,318743,0
12592,10,0,0,0,212669,212670
12593,12,0,0,0,318744,0
12594,10,1,0,0,212873,212876
12595,10,0,0,0,212666,212667
12596,11,1,0,0,150177,150178
12597,14,0,0,0,318745,0
12598,14,0,0,0,318746,0
12599,10,1,0,0,212867,212870
12600,1,0,0,0,166111,166112
12601,1,1,0,0,133812,133813
12602,1,0,0,0,166109,166110
12603,12,0,0,0,318747,0
12604,11,0,0,0,131814,131815
12605,1,0,0,0,166107,166108
12606,10,0,0,0,212664,212665
12607,11,0,0,0,131812,131813
12608,12,0,0,0,318738,0
12609,1,1,0,0,133814,133815
12610,1,1,0,0,133816,133817
12611,1,0,0,0,166105,166106
12612,1,0,0,0,166103,166104
12613,10,0,0,0,212662,212663
12614,11,0,0,0,131810,131811
12615,11,0,0,0,131808,131809
12616,11,1,0,0,150179,150180
12617,11,1,0,0,150181,150182
12618,10,0,0,0,212660,212661
12619,10,1,0,0,212862,212865
12620,10,1,0,0,212857,212860
12621,10,1,0,0,212851,212854
12622,1,1,0,0,133818,133819
12623,1,1,0,0,133820,133821
12624,1,0,0,0,166101,166102
12625,1,0,0,0,166099,166100
12626,1,1,0,0,133822,133823
12627,1,1,0,0,133824,133825
12628,1,0,0,0,166097,166098
12629,1,0,0,0,166095,166096
12630,14,0,0,0,318748,0
12631,14,0,0,0,318749,0
12632,1,1,0,0,133826,133827
12633,14,0,0,0,318750,0
12634,10,0,0,0,212658,212659
12635,10,0,0,0,212656,212657
12636,14,0,0,0,318751,0
12637,10,0,0,0,212654,212655
12638,2,0,0,0,172048,172049
12639,1,1,0,0,133828,133829
12640,13,0,0,0,258666,0
12641,13,0,0,0,258667,0
12642,13,1,0,0,262185,0
12643,9,0,0,0,318752,0
12644,13,0,0,0,258668,0
12645,13,0,0,0,258669,0
12646,13,0,0,0,258670,0
12647,13,1,0,0,262186,0
12648,9,1,0,0,318753,0
12649,11,1,0,0,150183,150184
12650,11,1,0,0,150185,150186
12651,11,0,0,0,131806,131807
12652,14,0,0,0,318754,0
12653,11,0,0,0,131804,131805
12654,11,0,0,0,131802,131803
12655,14,0,0,0,318755,0
12656,14,0,0,0,318756,0
12657,13,0,0,0,258671,0
12658,13,0,0,0,258672,0
12659,13,1,0,0,262187,0
12660,13,1,0,0,262188,0
12661,13,1,0,0,262189,0
12662,13,0,0,0,258673,0
12663,10,0,0,0,212652,212653
12664,13,0,0,0,258674,0
12665,11,1,0,0,150187,150188
12666,4,0,0,0,174922,174923
12667,14,0,0,0,318757,0
12668,8,0,0,0,158389,158390
12669,8,1,0,0,177641,177642
12670,2,1,0,0,113492,113493
12671,11,1,0,0,150189,150190
12672,1,0,0,0,166093,166094
12673,11,0,0,0,131800,131801
12674,11,0,0,0,131798,131799
12675,11,1,0,0,150191,150192
12676,11,0,0,0,131796,131797
12677,11,0,0,0,131794,131795
12678,11,0,0,0,131792,131793
12679,11,1,0,0,150193,150194
12680,11,1,0,0,150195,150196
12681,10,0,0,0,212650,212651
12682,10,1,0,0,212845,212849
12683,1,1,0,0,133830,133831
12684,1,1,0,0,133832,133833
12685,1,0,0,0,166091,166092
12686,1,0,0,0,166089,166090
12687,11,0,0,0,131790,131791
12688,11,0,0,0,131788,131789
12689,10,0,0,0,212648,212649
12690,2,0,0,0,172046,172047
12691,10,1,0,0,212840,212843
12692,2,0,0,0,172044,172045
12693,10,0,0,0,212646,212647
12694,11,1,0,0,150197,150198
12695,13,0,0,0,258675,0
12696,13,0,0,0,258676,0
12697,13,0,0,0,258677,0
12698,12,0,0,0,318758,0
12699,2,0,0,0,172042,172043
12700,6,0,0,0,115004,115005
12701,14,0,0,0,318759,0
12702,2,0,0,0,172040,172041
12703,2,0,0,0,172038,172039
12704,10,0,0,0,212644,212645
12705,10,1,0,0,212834,212837
12707,1,0,0,0,166087,166088
12708,1,1,0,0,133834,133835
12710,10,0,0,0,212642,212643
12711,10,1,0,0,212828,212832
12712,6,0,0,0,115006,115007
12713,11,0,0,0,131786,131787
12714,2,0,0,0,172036,172037
12715,2,1,0,0,113490,113491
12716,1,0,0,0,166085,166086
12717,1,1,0,0,133836,133837
12718,3,0,0,0,318760,318761
12719,3,1,0,0,117389,117390
12720,11,1,0,0,150199,150200
12721,1,0,0,0,166083,166084
12722,1,1,0,0,133838,133839
12723,1,0,0,0,166081,166082
12724,1,1,0,0,133840,133841
12725,5,0,0,0,190758,190759
12726,5,1,0,0,147970,147971
12727,2,0,0,0,172034,172035
12728,11,1,0,0,150201,150202
12729,1,0,0,0,166079,166080
12730,1,1,0,0,133842,133843
12731,11,0,0,0,131784,131785
12732,2,0,0,0,172032,172033
12733,14,0,0,0,318762,0
12734,2,0,0,0,172030,172031
12735,14,0,0,0,318763,0
12736,2,0,0,0,172028,172029
12737,14,0,0,0,318764,0
12738,2,1,0,0,113488,113489
12739,11,1,0,0,150203,150204
12740,2,1,0,0,113486,113487
12741,11,1,0,0,150205,150206
12742,11,0,0,0,131782,131783
12743,11,0,0,0,131780,131781
12744,11,0,0,0,131778,131779
12745,1,1,0,0,133844,133845
12746,11,0,0,0,131776,131777
12747,11,0,0,0,131774,131775
12748,9,0,0,0,318765,0
12749,1,1,0,0,133846,133847
12750,11,0,0,0,131772,131773
12751,7,1,0,0,119092,119093
12752,11,1,0,0,150207,150208
12753,1,0,0,0,166077,166078
12754,2,0,0,0,172026,172027
12755,2,0,0,0,172024,172025
12756,2,1,0,0,113484,113485
12757,11,0,0,0,131770,131771
12758,1,1,0,0,133848,133849
12759,1,0,0,0,166075,166076
12760,11,1,0,0,150209,150210
12761,11,0,0,0,131768,131769
12762,2,0,0,0,172022,172023
12763,2,0,0,0,172020,172021
12764,11,1,0,0,150211,150212
12765,2,0,0,0,172018,172019
12766,2,0,0,0,172016,172017
12767,2,0,0,0,172014,172015
12768,2,0,0,0,172012,172013
12769,2,1,0,0,113482,113483
12770,14,0,0,0,318766,0
12771,14,0,0,0,318767,0
12772,14,0,0,0,318767,0
12773,10,1,0,0,212823,212826
12774,10,0,0,0,212640,212641
12775,3,0,0,0,318768,318769
12776,3,1,0,0,117391,117392
12777,3,0,0,0,318770,318771
12778,14,0,0,0,318772,0
12779,6,0,0,0,115008,115009
12780,2,0,0,0,172010,172011
12781,11,1,0,0,150213,150214
12782,11,1,0,0,150215,150216
12783,3,0,0,0,318773,318774
12784,11,0,0,0,131766,131767
12785,11,0,0,0,131764,131765
12786,2,0,0,0,172008,172009
12787,14,0,0,0,318775,0
12788,2,0,0,0,172006,172007
12789,2,0,0,0,172004,172005
12790,2,0,0,0,172002,172003
12791,2,0,0,0,172000,172001
12792,2,1,0,0,113481,113550
12793,2,0,0,0,171998,171999
12794,2,0,0,0,171996,171997
12795,14,0,0,0,656143,0
12796,14,0,0,0,656142,0
12797,14,0,0,0,656141,0
12798,2,0,0,0,171994,171995
12799,2,0,0,0,171992,171993
12800,2,1,0,0,113479,113480
12801,2,1,0,0,113477,113478
12802,2,1,0,0,113475,113476
12803,1,0,0,0,166073,166074
12804,1,0,0,0,166071,166072
12805,11,0,0,0,131762,131763
12806,11,0,0,0,131760,131761
12807,11,1,0,0,150217,150218
12808,11,1,0,0,150219,150220
12809,14,0,0,0,318779,0
12810,2,1,0,0,113473,113474
12811,2,1,0,0,113471,113472
12812,11,0,0,0,131758,131759
12813,2,1,0,0,113469,113470
12814,11,0,0,0,131756,131757
12815,11,1,0,0,150221,150222
12816,2,0,0,0,171990,171991
12817,11,0,0,0,131754,131755
12818,14,0,0,0,318780,0
12819,14,0,0,0,318780,0
12820,14,0,0,0,318780,0
12821,11,0,0,0,131752,131753
12822,11,0,0,0,131750,131751
12823,11,0,0,0,131748,131749
12824,11,0,0,0,131746,131747
12825,2,0,0,0,171988,171989
12826,2,0,0,0,171986,171987
12827,2,1,0,0,113467,113468
12828,2,1,0,0,113465,113466
12829,2,1,0,0,113463,113464
12830,14,0,0,0,318781,0
12831,2,1,0,0,113461,113462
12832,14,0,0,0,318782,0
12833,2,0,0,0,171984,171985
12834,2,1,0,0,113459,113460
12835,2,1,0,0,113457,113458
12836,2,1,0,0,113455,113456
12837,14,0,0,0,318783,0
12838,2,0,0,0,171982,171983
12839,2,0,0,0,171980,171981
12840,2,0,0,0,171978,171979
12841,11,0,0,0,131744,131745
12842,2,0,0,0,171976,171977
12843,11,0,0,0,131742,131743
12844,2,0,0,0,171974,171975
12845,2,0,0,0,171972,171973
12846,2,1,0,0,113453,113454
12847,14,0,0,0,318784,0
12848,14,0,0,0,318785,0
12849,2,0,0,0,171970,171971
12850,2,0,0,0,171968,171969
12851,1,0,0,0,166069,166070
12852,1,0,0,0,166067,166068
12853,1,1,0,0,133850,133851
12854,1,1,0,0,133852,133853
12855,1,0,0,0,166065,166066
12856,14,0,0,0,318786,0
12857,10,1,0,0,212819,212821
12858,1,0,0,0,166063,166064
12859,1,1,0,0,133854,133855
12860,1,1,0,0,133856,133857
12861,2,1,0,0,113451,113452
12862,2,0,0,0,171966,171967
12863,1,0,0,0,166061,166062
12864,11,0,0,0,131740,131741
12865,1,0,0,0,166059,166060
12866,14,0,0,0,318787,0
12867,1,0,0,0,166057,166058
12868,10,0,0,0,212638,212639
12869,14,0,0,0,318788,0
12870,11,0,0,0,131738,131739
12871,10,0,0,0,0,212637
12872,1,1,0,0,133858,133859
12873,8,0,0,0,158387,158388
12874,2,1,0,0,113449,113450
12875,3,0,0,0,318789,318790
12876,1,0,0,0,166055,166056
12877,1,0,0,0,166053,166054
12878,2,0,0,0,171964,171965
12879,2,0,0,0,171962,171963
12880,2,0,0,0,171960,171961
12881,2,0,0,0,171958,171959
12882,10,0,0,0,212633,212634
12883,10,0,0,0,212630,212632
12884,10,0,0,0,212627,212628
12885,10,1,0,0,212814,212817
12886,10,1,0,0,212808,212812
12887,12,0,0,0,318791,0
12888,2,1,0,0,113447,113448
12889,1,0,0,0,166051,166052
12890,12,0,0,0,318792,0
12891,1,0,0,0,166049,166050
12892,12,0,0,0,318793,0
12893,12,0,0,0,318794,0
12894,12,0,0,0,318795,0
12895,7,0,0,0,183050,183051
12896,11,0,0,0,131736,131737
12897,8,0,0,0,158385,158386
12898,1,0,0,0,166047,166048
12899,1,0,0,0,166045,166046
12900,1,0,0,0,166043,166044
12901,1,1,0,0,133860,133861
12902,1,1,0,0,133862,133864
12903,1,1,0,0,133866,133867
12904,4,0,0,0,174920,174921
12905,10,1,0,0,0,212806
12906,4,1,0,0,144269,144270
12907,8,0,0,0,158383,158384
12908,1,0,0,0,166041,166042
12909,1,1,0,0,133868,133869
12910,3,0,0,0,318796,318797
12911,12,0,0,0,318798,0
12912,4,1,0,0,144267,144268
12913,5,1,0,0,147972,147973
12914,1,0,0,0,166039,166040
12915,2,0,0,0,171956,171957
12916,11,0,0,0,131734,131735
12917,11,0,0,0,131732,131733
12918,3,0,0,0,318799,318800
12919,3,0,0,0,318801,318802
12920,3,0,0,0,318803,318804
12921,2,0,0,0,171954,171955
12922,3,0,0,0,318805,318806
12923,10,0,0,0,212381,212383
12924,2,1,0,0,113445,113446
12925,3,0,0,0,318807,318808
12926,3,1,0,0,117393,117394
12927,6,0,0,0,115010,115011
12928,3,0,0,0,318809,318810
12929,3,0,0,0,318811,318812
12930,3,1,0,0,117395,117396
12931,11,0,0,0,131730,131731
12932,11,0,0,0,131728,131729
12933,11,0,0,0,131726,131727
12934,11,0,0,0,131724,131725
12935,3,1,0,0,117397,117398
12936,9,0,0,0,318813,0
12937,3,0,0,0,318814,318815
12938,11,0,0,0,131722,131723
12939,3,1,0,0,117399,117400
12941,10,0,0,0,212623,212624
12942,3,0,0,0,318816,318817
12943,10,0,0,0,212620,212622
12944,10,1,0,0,212797,212800
12945,10,1,0,0,212791,212794
12946,10,0,0,0,212617,212619
12947,10,0,0,0,212614,212616
12948,10,0,0,0,212611,212613
12949,10,0,0,0,212608,212610
12950,10,1,0,0,212786,212789
12951,1,0,0,0,166037,166038
12952,10,0,0,0,212605,212607
12953,10,0,0,0,212603,212604
12954,10,0,0,0,212599,212601
12955,10,1,0,0,0,212784
12956,10,1,0,0,212775,212778
12957,10,0,0,0,212597,212598
12958,10,1,0,0,212769,212773
12959,10,0,0,0,212593,212595
12960,10,0,0,0,212591,212592
12961,10,0,0,0,212588,212589
12962,10,1,0,0,212764,212767
12963,10,1,0,0,212759,212762
12964,10,0,0,0,212377,212378
12965,9,0,0,0,318818,0
12966,10,1,0,0,0,212756
12967,3,0,0,0,318819,318820
12968,3,0,0,0,318821,318822
12969,3,0,0,0,318823,318824
12970,3,0,0,0,318825,318826
12971,3,1,0,0,117401,117402
12972,10,0,0,0,0,212586
12973,11,1,0,0,0,150224
12974,7,0,0,0,183048,183049
12975,11,0,0,0,0,131721
12976,3,1,0,0,0,117404
12977,3,0,0,0,0,318828
12978,7,1,0,0,0,119091
12979,7,0,0,0,0,183047
12980,9,1,0,0,318829,0
12981,9,0,0,0,318830,0
12982,1,1,0,0,0,133871
12983,1,0,0,0,0,166036
12984,4,1,0,0,0,144266
12985,4,0,0,0,0,174919
12986,2,1,0,0,0,113444
12987,2,0,0,0,0,171953
12988,6,1,0,0,0,136350
12989,6,0,0,0,0,115013
12990,8,1,0,0,0,177640
12991,8,0,0,0,0,158382
12992,5,1,0,0,0,147975
12993,5,0,0,0,190756,190757
12994,10,0,0,0,212581,212583
12995,10,1,0,0,212747,212751
12996,11,1,0,0,150225,150226
12997,11,0,0,0,131718,131719
12998,3,1,0,0,117405,117406
12999,3,0,0,0,318831,318832
13000,7,1,0,0,119088,119089
13001,7,0,0,0,183044,183045
13002,9,1,0,0,318833,0
13003,9,0,0,0,318834,0
13005,1,1,0,0,133872,133873
13006,1,0,0,0,166033,166034
13007,4,1,0,0,144263,144264
13008,4,0,0,0,174916,174917
13009,2,1,0,0,113621,113622
13010,2,0,0,0,171950,171951
13011,6,1,0,0,136351,136352
13012,6,0,0,0,115014,115015
13013,8,1,0,0,177637,177638
13014,8,0,0,0,158379,158380
13015,5,1,0,0,147976,147977
13016,5,0,0,0,190754,190755
13017,10,0,0,0,212578,212580
13018,10,1,0,0,212741,212744
13019,11,0,0,0,131716,131717
13020,11,1,0,0,150227,150228
13021,3,0,0,0,318835,318836
13022,3,0,0,0,318837,318838
13023,3,0,0,0,318839,318840
13024,3,0,0,0,318841,318842
13026,2,0,0,0,171948,171949
13027,15,0,0,0,318843,0
13028,15,0,0,0,318844,0
13029,15,0,0,0,318845,0
13030,4,1,0,0,144261,144262
13031,10,0,0,0,212575,212577
13032,3,1,0,0,117407,117408
13033,7,0,0,0,183042,183043
13034,7,1,0,0,119086,119087
13035,1,0,0,0,166031,166032
13036,1,1,0,0,128822,128823
13037,4,0,0,0,174914,174915
13038,10,1,0,0,212736,212739
13039,10,0,0,0,212573,212574
13040,4,1,0,0,128824,128825
13041,2,1,0,0,113619,113620
13042,1,0,0,0,166029,166030
13043,11,0,0,0,131714,131715
13044,11,0,0,0,131712,131713
13045,1,0,0,0,166027,166028
13046,1,0,0,0,166025,166026
13047,12,0,0,0,318846,0
13048,2,0,0,0,171946,171947
13049,12,0,0,0,318847,0
13050,6,1,0,0,128815,128816
13051,6,0,0,0,115016,115017
13052,8,0,0,0,158377,158378
13053,8,1,0,0,177635,177636
13054,12,0,0,0,318848,0
13056,5,1,0,0,128818,128819
13057,5,0,0,0,128820,128821
13058,2,0,0,0,171944,171945
13059,12,0,0,0,318849,0
13060,2,0,0,0,171942,171943
13061,12,0,0,0,318850,0
13062,2,0,0,0,171940,171941
13063,12,0,0,0,318851,0
13064,2,0,0,0,171938,171939
13065,12,0,0,0,318852,0
13066,12,0,0,0,318853,0
13067,2,0,0,0,171936,171937
13068,12,0,0,0,318854,0
13069,2,0,0,0,171934,171935
13070,2,0,0,0,171932,171933
13071,11,0,0,0,131710,131711
13072,11,1,0,0,150229,150230
13073,11,1,0,0,150231,150232
13074,2,0,0,0,171930,171931
13075,11,0,0,0,131708,131709
13076,2,1,0,0,113617,113618
13077,2,0,0,0,171928,171929
13078,6,0,0,0,115018,115019
13079,8,0,0,0,158375,158376
13080,2,0,0,0,171926,171927
13081,2,0,0,0,171924,171925
13082,2,0,0,0,171922,171923
13083,2,1,0,0,113615,113616
13084,1,0,0,0,166023,166024
13085,1,0,0,0,166021,166022
13086,1,0,0,0,166019,166020
13087,2,1,0,0,113613,113614
13088,1,0,0,0,166017,166018
13089,2,0,0,0,171920,171921
13090,6,1,0,0,136353,136354
13091,2,0,0,0,171918,171919
13092,10,0,0,0,212570,212571
13093,11,0,0,0,131706,131707
13094,11,1,0,0,150233,150234
13095,10,0,0,0,212567,212568
13096,10,1,0,0,212730,212733
13097,10,0,0,0,212564,212565
13098,10,1,0,0,212725,212728
13099,11,0,0,0,131704,131705
13100,10,0,0,0,212561,212562
13101,10,0,0,0,212558,212559
13103,1,0,0,0,166015,166016
13104,1,0,0,0,166013,166014
13105,10,1,0,0,212719,212722
13106,2,1,0,0,113611,113612
13107,10,1,0,0,212713,212716
13108,11,1,0,0,150235,150236
13109,11,0,0,0,131702,131703
13112,10,1,0,0,212708,212711
13114,10,0,0,0,212555,212556
13116,11,1,0,0,150237,150238
13117,11,0,0,0,131700,131701
13118,10,0,0,0,212552,212554
13119,1,0,0,0,166011,166012
13121,11,1,0,0,150239,150240
13124,10,0,0,0,212549,212550
13125,10,0,0,0,212545,212547
13126,10,0,0,0,212542,212544
13127,10,0,0,0,212539,212541
13128,10,0,0,0,212536,212538
13129,9,1,0,0,318855,0
13130,10,1,0,0,212702,212705
13131,9,0,0,0,318856,0
13132,9,0,0,0,318857,0
13133,9,1,0,0,318858,0
13134,9,0,0,0,237341,0
13135,1,0,0,0,166009,166010
13136,14,0,0,0,318859,0
13137,10,0,0,0,212533,212535
13138,7,0,0,0,183040,183041
13139,1,1,0,0,0,133875
13140,10,0,0,0,212531,212532
13141,10,1,0,0,212697,212700
13142,10,0,0,0,212527,212529
13143,10,1,0,0,212691,212694
13144,10,0,0,0,212525,212526
13145,10,1,0,0,212685,212689
13146,10,1,0,0,212679,212683
13147,6,1,0,0,136355,136356
13148,2,0,0,0,171916,171917
13149,2,1,0,0,113609,113610
13150,2,0,0,0,171914,171915
13151,2,0,0,0,171912,171913
13152,9,0,0,0,318860,0
13153,9,0,0,0,318861,0
13154,1,0,0,0,166007,166008
13155,1,1,0,0,133876,133877
13156,7,0,0,0,183038,183039
13157,10,0,0,0,212522,212523
13158,9,1,0,0,318862,0
13159,10,1,0,0,212674,212677
13160,2,0,0,0,171910,171911
13161,2,0,0,0,171908,171909
13162,6,0,0,0,115020,115021
13163,2,0,0,0,171906,171907
13164,2,0,0,0,171904,171905
13165,9,0,0,0,318863,0
13166,10,0,0,0,212519,212520
13167,9,0,0,0,318864,0
13168,10,1,0,0,212668,212672
13169,10,1,0,0,212631,212635
13170,9,0,0,0,318865,0
13171,9,0,0,0,318866,0
13172,10,0,0,0,212516,212518
13173,10,1,0,0,212626,212629
13174,10,0,0,0,212513,212514
13175,10,0,0,0,212510,212512
13176,10,1,0,0,212621,212625
13177,10,1,0,0,212615,212618
13178,10,1,0,0,212609,212612
13179,2,0,0,0,171902,171903
13180,10,0,0,0,212507,212509
13181,10,0,0,0,212504,212506
13182,11,0,0,0,131698,131699
13183,11,0,0,0,131696,131697
13184,11,1,0,0,150241,150242
13185,11,1,0,0,150243,150244
13186,9,0,0,0,318867,0
13187,9,0,0,0,318868,0
13188,7,0,0,0,183036,183037
13189,4,0,0,0,174912,174913
13190,4,1,0,0,144259,144260
13191,4,0,0,0,174910,174911
13192,4,0,0,0,174908,174909
13193,4,1,0,0,144257,144258
13194,4,1,0,0,144255,144256
13195,4,1,0,0,144253,144254
13196,4,0,0,0,0,174907
13197,4,0,0,0,174904,174905
13198,4,0,0,0,174902,174903
13199,9,0,0,0,318869,0
13200,4,1,0,0,144251,144252
13201,4,1,0,0,144249,144250
13202,1,0,0,0,166005,166006
13203,11,1,0,0,150245,150246
13204,3,0,0,0,318870,318871
13205,7,1,0,0,119084,119085
13206,10,1,0,0,212602,212606
13207,2,0,0,0,171900,171901
13208,2,1,0,0,113607,113608
13209,2,1,0,0,113605,113606
13210,2,0,0,0,171898,171899
13211,2,1,0,0,113603,113604
13212,1,1,0,0,133878,133879
13213,1,1,0,0,133880,133881
13214,2,0,0,0,171896,171897
13215,2,1,0,0,113601,113602
13216,1,0,0,0,166003,166004
13217,9,0,0,0,318872,0
13218,2,0,0,0,171894,171895
13219,1,0,0,0,166001,166002
13220,2,0,0,0,171892,171893
13221,2,1,0,0,113599,113600
13222,2,1,0,0,113597,113598
13223,2,0,0,0,171890,171891
13224,8,1,0,0,177633,177634
13225,5,1,0,0,147978,147979
13226,6,0,0,0,115022,115023
13227,9,0,0,0,237342,0
13228,9,0,0,0,318873,0
13229,11,0,0,0,131694,131695
13230,11,0,0,0,131692,131693
13231,11,1,0,0,150247,150248
13232,11,1,0,0,150249,150250
13233,11,0,0,0,131690,131691
13234,11,0,0,0,131688,131689
13235,11,1,0,0,150251,150252
13236,11,1,0,0,150253,150254
13237,14,0,0,0,318874,0
13238,10,0,0,0,212501,212503
13239,5,1,0,0,147980,147981
13240,10,1,0,0,212596,212600
13241,10,1,0,0,212590,212594
13242,10,1,0,0,212585,212587
13243,10,1,0,0,212579,212582
13244,10,0,0,0,212498,212500
13245,10,0,0,0,212495,212497
13246,10,0,0,0,212493,212494
13247,10,0,0,0,212489,212491
13248,10,1,0,0,212572,212576
13249,10,1,0,0,212566,212569
13250,10,1,0,0,212560,212563
13251,10,1,0,0,212553,212557
13252,1,0,0,0,165999,166000
13253,1,0,0,0,165997,165998
13254,1,0,0,0,165995,165996
13255,11,0,0,0,131686,131687
13256,11,1,0,0,150255,150256
13257,11,0,0,0,131684,131685
13259,11,0,0,0,131682,131683
13260,11,0,0,0,131680,131681
13261,7,0,0,0,183034,183035
13262,11,1,0,0,150257,150258
13263,11,1,0,0,150259,150260
13264,11,1,0,0,150261,150262
13265,10,0,0,0,212487,212488
13266,10,0,0,0,212484,212485
13267,10,0,0,0,212481,212482
13268,10,1,0,0,212548,212551
13269,11,0,0,0,131678,131679
13270,1,0,0,0,165993,165994
13271,11,1,0,0,150263,150264
13272,10,0,0,0,212478,212480
13273,12,0,0,0,318846,0
13274,10,0,0,0,212475,212477
13275,10,1,0,0,212543,212546
13276,10,1,0,0,212537,212540
13277,9,0,0,0,318875,0
13278,11,0,0,0,131676,131677
13279,10,0,0,0,212472,212474
13280,10,0,0,0,212469,212471
13281,10,1,0,0,212530,212534
13282,10,0,0,0,212467,212468
13283,10,1,0,0,212524,212528
13284,10,0,0,0,212464,212465
13285,10,0,0,0,212461,212462
13286,10,1,0,0,212517,212521
13287,14,0,0,0,318876,0
13288,10,1,0,0,212511,212515
13289,10,0,0,0,212458,212460
13290,10,0,0,0,212455,212456
13291,10,1,0,0,212505,212508
13292,10,1,0,0,212499,212502
13293,1,0,0,0,165991,165992
13294,10,0,0,0,212452,212454
13295,11,0,0,0,131674,131675
13296,3,0,0,0,318877,318878
13297,7,0,0,0,183032,183033
13298,9,1,0,0,318879,0
13299,1,0,0,0,165989,165990
13300,10,0,0,0,212449,212451
13301,10,1,0,0,212492,212496
13302,11,0,0,0,131672,131673
13303,11,1,0,0,150265,150266
13304,10,0,0,0,212446,212448
13305,10,1,0,0,212486,212490
13306,10,0,0,0,212443,212445
13307,10,0,0,0,212440,212442
13308,10,1,0,0,212479,212483
13309,10,1,0,0,212473,212476
13310,10,1,0,0,212466,212470
13311,9,1,0,0,318880,0
13313,8,0,0,0,158373,158374
13314,10,0,0,0,212437,212439
13315,7,0,0,0,183030,183031
13316,10,0,0,0,212435,212436
13317,10,0,0,0,212432,212433
13318,10,1,0,0,212459,212463
13319,10,1,0,0,212453,212457
13320,10,0,0,0,212429,212430
13321,10,1,0,0,212447,212450
13322,10,0,0,0,212426,212428
13323,10,0,0,0,212423,212424
13324,10,1,0,0,212441,212444
13325,9,0,0,0,318881,0
13326,10,0,0,0,212420,212422
13327,10,1,0,0,212434,212438
13328,10,0,0,0,212417,212418
13329,10,1,0,0,212427,212431
13330,10,0,0,0,212414,212416
13331,10,1,0,0,212421,212425
13332,11,0,0,0,131670,131671
13333,10,1,0,0,212415,212419
13334,11,0,0,0,131668,131669
13335,1,0,0,0,165987,165988
13336,5,1,0,0,147982,147984
13337,3,0,0,0,318882,318883
13338,2,1,0,0,113595,113596
13339,2,0,0,0,171888,171889
13340,4,1,0,0,144247,144248
13341,9,0,0,0,318884,0
13342,9,1,0,0,318885,0
13343,9,0,0,0,318886,0
13344,1,1,0,0,133882,133883
13345,1,0,0,0,165985,165986
13346,9,0,0,0,318887,0
13347,10,0,0,0,212411,212413
13348,10,1,0,0,212409,212412
13349,10,0,0,0,212408,212410
13350,10,1,0,0,212403,212406
13351,10,0,0,0,212405,212407
13352,10,1,0,0,212397,212400
13353,11,0,0,0,131666,131667
13354,11,0,0,0,131664,131665
13355,11,0,0,0,131662,131663
13356,11,0,0,0,131660,131661
13357,11,0,0,0,131658,131659
13358,11,0,0,0,131656,131657
13359,10,0,0,0,212402,212404
13360,10,1,0,0,212391,212394
13361,10,0,0,0,212399,212401
13362,10,1,0,0,212386,212388
13363,10,0,0,0,212396,212398
13364,10,0,0,0,212393,212395
13365,7,0,0,0,183028,183029
13366,10,0,0,0,212390,212392
13367,10,1,0,0,212384,212385
13368,11,0,0,0,131654,131655
13369,10,0,0,0,212387,212389
13370,10,1,0,0,212380,212382
13371,9,0,0,0,318888,0
13372,10,0,0,0,212359,212360
13373,10,1,0,0,212376,212379
13374,9,0,0,0,318889,0
13375,11,0,0,0,131652,131653
13376,9,0,0,0,318890,0
13377,10,0,0,0,212355,212357
13378,10,1,0,0,212374,212375
13379,10,0,0,0,212353,212354
13380,10,1,0,0,212372,212373
13381,9,0,0,0,318891,0
13382,10,0,0,0,212350,212351
13383,10,1,0,0,212370,212371
13384,10,0,0,0,212347,212348
13385,10,1,0,0,212368,212369
13386,10,0,0,0,212344,212346
13387,10,1,0,0,212366,212367
13388,10,0,0,0,212341,212342
13389,10,1,0,0,212364,212365
13390,10,0,0,0,212338,212340
13391,10,1,0,0,212362,212363
13392,9,0,0,0,318892,0
13393,9,0,0,0,318893,0
13394,10,0,0,0,212335,212336
13395,10,1,0,0,212358,212361
13396,10,0,0,0,212332,212334
13397,10,1,0,0,212352,212356
13398,10,0,0,0,212329,212330
13399,10,1,0,0,212345,212349
13400,10,0,0,0,212326,212327
13401,10,1,0,0,212339,212343
13402,10,0,0,0,212323,212324
13403,10,1,0,0,212333,212337
13404,1,1,0,0,133884,133885
13405,11,1,0,0,150267,150268
13406,7,1,0,0,119082,119083
13407,10,1,0,0,212328,212331
13408,1,0,0,0,161975,161976
13409,10,0,0,0,212320,212322
13410,10,1,0,0,212321,212325
13411,10,0,0,0,212317,212318
13412,10,1,0,0,212315,212319
13413,10,0,0,0,212314,212316
13414,10,1,0,0,212309,212313
13415,10,0,0,0,212311,212312
13416,10,1,0,0,212303,212306
13417,10,0,0,0,212308,212310
13418,10,1,0,0,212297,212300
13419,14,0,0,0,318894,0
13420,10,0,0,0,212305,212307
13421,10,1,0,0,212291,212294
13422,10,0,0,0,212302,212304
13423,10,1,0,0,212285,212288
13424,2,0,0,0,171886,171887
13425,2,0,0,0,171884,171885
13426,10,0,0,0,212299,212301
13427,10,0,0,0,212296,212298
13428,10,1,0,0,212279,212282
13429,10,0,0,0,212293,212295
13430,10,1,0,0,212273,212276
13431,10,0,0,0,212290,212292
13432,10,1,0,0,212266,212270
13433,10,0,0,0,212287,212289
13434,10,1,0,0,212259,212263
13435,10,0,0,0,212284,212286
13436,10,1,0,0,212253,212256
13437,10,0,0,0,212281,212283
13438,10,0,0,0,212278,212280
13439,10,1,0,0,212247,212250
13440,10,0,0,0,212275,212277
13441,10,1,0,0,212242,212245
13442,10,0,0,0,212272,212274
13443,10,0,0,0,212269,212271
13444,10,0,0,0,212267,212268
13445,10,1,0,0,212237,212240
13446,10,1,0,0,212231,212234
13447,10,1,0,0,212225,212228
13448,10,0,0,0,212264,212265
13449,11,1,0,0,150269,150270
13450,2,1,0,0,113593,113594
13451,10,0,0,0,212261,212262
13452,9,1,0,0,318895,0
13453,9,0,0,0,318896,0
13454,10,0,0,0,212258,212260
13455,10,1,0,0,212219,212222
13456,10,0,0,0,212255,212257
13457,10,1,0,0,212213,212216
13458,10,1,0,0,212207,212210
13459,10,0,0,0,212252,212254
13460,10,1,0,0,212201,212204
13461,10,0,0,0,212249,212251
13462,10,1,0,0,212195,212198
13463,10,0,0,0,212246,212248
13464,10,1,0,0,212189,212192
13465,10,0,0,0,212243,212244
13466,10,1,0,0,212183,212186
13467,12,0,0,0,318897,0
13468,12,0,0,0,318898,0
13469,10,0,0,0,212239,212241
13470,10,1,0,0,212177,212180
13471,11,1,0,0,150271,150272
13472,11,0,0,0,131650,131651
13473,10,0,0,0,212236,212238
13474,11,0,0,0,131648,131649
13475,11,0,0,0,131646,131647
13476,10,0,0,0,212233,212235
13477,10,0,0,0,212230,212232
13478,10,0,0,0,212227,212229
13479,1,0,0,0,165983,165984
13480,2,1,0,0,113591,113592
13481,2,0,0,0,171882,171883
13482,10,0,0,0,212224,212226
13483,10,0,0,0,212221,212223
13484,10,1,0,0,212171,212174
13485,10,1,0,0,212165,212168
13486,10,1,0,0,212158,212162
13487,10,1,0,0,212152,212155
13488,10,1,0,0,212145,212149
13489,10,1,0,0,212139,212143
13490,10,0,0,0,212218,212220
13491,10,1,0,0,212132,212136
13492,10,0,0,0,212215,212217
13493,10,1,0,0,212126,212130
13494,10,0,0,0,212212,212214
13495,10,1,0,0,212119,212123
13496,10,0,0,0,212209,212211
13497,10,1,0,0,212112,212116
13498,10,0,0,0,212206,212208
13499,10,1,0,0,212105,212109
13500,10,0,0,0,212203,212205
13501,10,0,0,0,212200,212202
13502,10,0,0,0,212197,212199
13503,10,1,0,0,211912,211913
13504,10,0,0,0,212194,212196
13505,10,1,0,0,211910,211911
13506,10,0,0,0,212191,212193
13507,10,1,0,0,211905,211908
13508,10,1,0,0,211901,211903
13509,10,1,0,0,211896,211898
13510,10,0,0,0,212188,212190
13511,10,0,0,0,212185,212187
13512,10,0,0,0,212182,212184
13513,10,0,0,0,212179,212181
13514,10,0,0,0,212176,212178
13515,10,0,0,0,212173,212175
13516,10,0,0,0,212170,212172
13517,10,0,0,0,212167,212169
13518,10,1,0,0,211891,211894
13519,10,1,0,0,211886,211889
13520,10,1,0,0,211881,211884
13521,10,1,0,0,211877,211880
13522,10,1,0,0,211872,211875
13523,10,1,0,0,211867,211870
13524,10,1,0,0,211863,211865
13525,10,1,0,0,211857,211860
13526,13,0,0,0,258678,0
13527,13,0,0,0,258679,0
13528,13,0,0,0,258680,0
13529,13,0,0,0,258681,0
13530,13,0,0,0,258682,0
13531,13,0,0,0,258683,0
13532,13,0,0,0,258684,0
13533,13,0,0,0,258685,0
13534,13,0,0,0,258686,0
13535,13,0,0,0,258687,0
13536,13,0,0,0,258688,0
13537,13,0,0,0,258689,0
13538,13,0,0,0,258690,0
13539,13,0,0,0,258691,0
13540,13,0,0,0,258692,0
13541,13,1,0,0,262190,0
13542,13,1,0,0,262191,0
13543,13,1,0,0,262192,0
13544,13,1,0,0,262193,0
13545,13,1,0,0,262194,0
13546,13,1,0,0,262195,0
13547,13,1,0,0,262196,0
13548,13,1,0,0,262197,0
13549,13,0,0,0,258693,0
13550,13,0,0,0,258694,0
13551,13,0,0,0,258696,0
13552,13,0,0,0,258697,0
13553,13,0,0,0,258698,0
13554,13,1,0,0,262198,0
13555,13,1,0,0,262199,0
13556,12,0,0,0,318899,0
13557,10,0,0,0,212164,212166
13558,10,1,0,0,211853,211855
13559,10,0,0,0,212161,212163
13560,10,1,0,0,211848,211851
13561,10,0,0,0,212159,212160
13563,10,0,0,0,212156,212157
13564,10,1,0,0,211844,211846
13565,10,1,0,0,211839,211842
13566,10,0,0,0,212153,212154
13567,10,1,0,0,211834,211837
13568,10,0,0,0,212150,212151
13569,10,1,0,0,211830,211832
13570,10,0,0,0,212147,212148
13571,10,1,0,0,211825,211828
13572,10,0,0,0,212144,212146
13573,10,1,0,0,211821,211824
13574,10,0,0,0,212141,212142
13575,10,1,0,0,211816,211819
13576,10,1,0,0,211812,211814
13577,10,0,0,0,0,212140
13578,10,1,0,0,0,211809
13579,10,0,0,0,212135,212137
13580,10,1,0,0,211802,211805
13581,10,1,0,0,211797,211800
13582,10,0,0,0,212133,212134
13583,10,1,0,0,211793,211795
13584,10,0,0,0,212129,212131
13585,10,1,0,0,211788,211791
13586,10,0,0,0,212127,212128
13587,10,1,0,0,211783,211786
13588,10,0,0,0,212124,212125
13589,10,1,0,0,211778,211781
13590,1,0,0,0,165981,165982
13591,8,0,0,0,158371,158372
13592,8,0,0,0,158369,158370
13593,8,1,0,0,177631,177632
13594,1,0,0,0,165979,165980
13595,1,0,0,0,165977,165978
13596,1,0,0,0,165975,165976
13597,1,1,0,0,133886,133887
13598,6,0,0,0,115024,115025
13599,6,0,0,0,115026,115027
13600,6,1,0,0,136357,136358
13601,1,0,0,0,165973,165974
13602,1,0,0,0,165971,165972
13603,10,0,0,0,212121,212122
13604,10,1,0,0,211773,211776
13605,1,0,0,0,165969,165970
13606,1,1,0,0,133888,133889
13607,1,1,0,0,133890,133891
13608,1,1,0,0,133892,133893
13609,10,0,0,0,212118,212120
13610,10,0,0,0,212115,212117
13611,10,1,0,0,211768,211771
13612,10,0,0,0,212113,212114
13613,10,0,0,0,212110,212111
13614,10,0,0,0,212107,212108
13615,10,0,0,0,212104,212106
13616,10,0,0,0,212102,212103
13617,10,0,0,0,212100,212101
13618,9,0,0,0,318900,0
13619,9,1,0,0,318901,0
13620,9,0,0,0,318902,0
13621,9,0,0,0,318903,0
13622,9,1,0,0,318904,0
13623,10,0,0,0,212098,212099
13624,10,0,0,0,212096,212097
13625,10,1,0,0,211764,211766
13626,10,1,0,0,211758,211762
13627,10,0,0,0,212094,212095
13628,10,0,0,0,212092,212093
13629,10,1,0,0,211753,211756
13630,10,1,0,0,211748,211751
13631,10,0,0,0,212090,212091
13632,10,0,0,0,212088,212089
13633,10,1,0,0,211743,211746
13634,10,1,0,0,211738,211741
13635,12,0,0,0,318905,0
13636,10,0,0,0,212086,212087
13637,10,0,0,0,212084,212085
13638,10,1,0,0,211733,211736
13639,10,1,0,0,211729,211731
13640,10,0,0,0,212082,212083
13641,10,0,0,0,212080,212081
13642,10,0,0,0,212078,212079
13643,10,0,0,0,212076,212077
13644,10,1,0,0,211724,211727
13645,10,1,0,0,211719,211722
13646,10,1,0,0,211715,211718
13647,10,1,0,0,211710,211713
13648,10,0,0,0,212074,212075
13649,10,0,0,0,212072,212073
13650,10,1,0,0,211706,211708
13651,10,1,0,0,211701,211704
13652,11,0,0,0,131644,131645
13653,11,1,0,0,150273,150274
13654,10,0,0,0,212070,212071
13655,10,0,0,0,212068,212069
13656,10,1,0,0,211696,211699
13657,10,1,0,0,211691,211694
13658,10,1,0,0,211687,211689
13659,10,0,0,0,212066,212067
13660,14,0,0,0,318906,0
13661,2,1,0,0,113589,113590
13662,9,0,0,0,318907,0
13663,11,1,0,0,150275,150276
13664,11,0,0,0,131642,131643
13665,11,0,0,0,131640,131641
13666,10,0,0,0,212064,212065
13667,10,0,0,0,212062,212063
13668,10,1,0,0,211682,211685
13669,10,1,0,0,211677,211680
13670,10,0,0,0,212060,212061
13671,10,0,0,0,212058,212059
13672,10,1,0,0,211673,211675
13673,10,1,0,0,211668,211670
13674,2,1,0,0,113587,113588
13675,6,1,0,0,136359,136360
13676,2,0,0,0,171880,171881
13677,6,0,0,0,115028,115029
13678,3,0,0,0,318908,318909
13679,2,0,0,0,171878,171879
13680,2,0,0,0,171876,171877
13681,2,1,0,0,113585,113586
13682,3,1,0,0,117409,117410
13683,4,0,0,0,174900,174901
13684,5,0,0,0,190752,190753
13685,1,0,0,0,165967,165968
13686,7,0,0,0,183026,183027
13687,9,0,0,0,318910,0
13688,1,0,0,0,165965,165966
13689,1,0,0,0,165963,165964
13690,1,1,0,0,133894,133895
13691,1,0,0,0,165961,165962
13692,1,0,0,0,165959,165960
13693,1,0,0,0,165957,165958
13694,1,0,0,0,165955,165956
13695,1,0,0,0,165953,165954
13696,1,0,0,0,165951,165952
13697,1,0,0,0,165949,165950
13698,1,0,0,0,165947,165948
13699,11,0,0,0,131638,131639
13700,11,0,0,0,131636,131637
13701,11,0,0,0,131634,131635
13702,11,1,0,0,150277,150278
13703,11,1,0,0,150279,150280
13704,1,0,0,0,165945,165946
13705,10,1,0,0,211663,211666
13706,1,0,0,0,0,165944
13707,1,0,0,0,165941,165942
13708,1,0,0,0,165939,165940
13709,1,0,0,0,165937,165938
13710,10,0,0,0,212056,212057
13711,1,0,0,0,165935,165936
13712,1,0,0,0,165933,165934
13713,1,0,0,0,165931,165932
13714,1,0,0,0,165929,165930
13715,1,0,0,0,165927,165928
13716,1,0,0,0,165925,165926
13717,1,0,0,0,165923,165924
13718,10,0,0,0,212054,212055
13719,3,0,0,0,185337,185338
13720,1,0,0,0,165921,165922
13721,10,1,0,0,211659,211661
13722,10,1,0,0,211654,211656
13723,9,0,0,0,318911,0
13724,11,1,0,0,150281,150282
13725,10,1,0,0,211649,211652
13726,11,1,0,0,150283,150284
13728,1,0,0,0,165919,165920
13729,1,1,0,0,133896,133897
13730,7,0,0,0,183024,183025
13731,1,1,0,0,133898,133899
13732,10,1,0,0,211644,211646
13733,10,0,0,0,212052,212053
13734,1,1,0,0,133900,133901
13735,10,1,0,0,211639,211642
13736,1,1,0,0,133902,133903
13737,8,1,0,0,177629,177630
13738,8,0,0,0,158367,158368
13739,10,0,0,0,212050,212051
13740,11,0,0,0,131632,131633
13741,10,0,0,0,212048,212049
13742,10,0,0,0,212046,212047
13743,11,0,0,0,131630,131631
13744,11,0,0,0,131628,131629
13745,11,1,0,0,150285,150286
13746,11,1,0,0,150287,150288
13747,14,0,0,0,318912,0
13748,14,0,0,0,318912,0
13749,1,0,0,1,165917,165918
13750,1,1,0,1,133904,133905
13751,11,0,0,0,131626,131627
13752,10,0,0,0,0,212045
13753,10,1,0,0,211635,211637
13754,10,0,0,0,212042,212043
13755,10,0,0,0,212040,212041
13756,10,1,0,0,211630,211633
13757,10,0,0,0,212038,212039
13758,10,0,0,0,212036,212037
13759,10,0,0,0,212034,212035
13760,10,0,0,0,212032,212033
13761,10,1,0,0,211625,211628
13762,10,1,0,0,211620,211623
13763,10,1,0,0,211615,211618
13764,10,1,0,0,211612,211613
13765,10,1,0,0,211610,211611
13766,1,0,0,0,165915,165916
13767,1,0,0,0,165913,165914
13768,1,0,0,0,165911,165912
13769,1,0,0,0,165909,165910
13770,10,0,0,0,212030,212031
13771,10,1,0,0,211608,211609
13772,11,0,0,0,131624,131625
13773,10,0,0,0,212028,212029
13775,10,0,0,0,212026,212027
13776,10,0,0,0,212024,212025
13777,10,1,0,0,211606,211607
13778,15,0,0,0,237343,0
13779,10,0,0,0,212022,212023
13780,10,1,0,0,211604,211605
13781,10,0,0,0,212020,212021
13782,10,0,0,0,212018,212019
13783,10,1,0,0,211602,211603
13784,10,0,0,0,212016,212017
13785,10,1,0,0,211600,211601
13786,10,0,0,0,212014,212015
13787,10,0,0,0,212012,212013
13788,10,1,0,0,211598,211599
13789,10,0,0,0,212010,212011
13790,10,0,0,0,212008,212009
13791,10,0,0,0,212006,212007
13792,10,1,0,0,211596,211597
13793,10,1,0,0,211594,211595
13794,10,1,0,0,211592,211593
13795,10,0,0,0,212004,212005
13796,10,1,0,0,211590,211591
13797,10,0,0,0,212002,212003
13798,10,1,0,0,211588,211589
13799,10,1,0,0,211583,211586
13800,5,1,0,0,147986,147987
13801,5,0,0,0,190750,190751
13802,2,0,0,0,171874,171875
13803,3,0,0,0,318913,318914
13804,3,1,0,0,117411,117412
13805,3,0,0,0,318915,318916
13806,1,0,0,0,165907,165908
13807,1,1,0,0,133906,133907
13808,3,0,0,0,318917,318918
13809,3,1,0,0,117413,117414
13810,10,0,0,0,212000,212001
13811,11,1,0,0,150289,150290
13812,11,0,0,0,131622,131623
13813,11,1,0,0,150291,150292
13814,11,1,0,0,150293,150294
13815,11,0,0,0,131620,131621
13816,10,1,0,0,211578,211581
13817,10,0,0,0,211998,211999
13819,10,1,0,0,211573,211576
13820,4,1,0,0,144245,144246
13822,10,0,0,0,211996,211997
13823,9,0,0,0,318919,0
13824,1,0,0,0,165905,165906
13825,10,0,0,0,211994,211995
13826,10,1,0,0,211568,211571
13827,10,1,0,0,211563,211566
13828,11,0,0,0,131618,131619
13829,1,0,0,0,165903,165904
13830,2,1,0,0,113583,113584
13831,9,0,0,0,318920,0
13832,2,0,0,0,171872,171873
13833,14,0,0,0,318921,0
13834,2,1,0,0,113581,113582
13835,9,0,0,0,318922,0
13836,14,0,0,0,318923,0
13837,2,1,0,0,113579,113580
13838,11,0,0,0,131616,131617
13839,11,0,0,0,131614,131615
13840,11,1,0,0,150295,150296
13841,11,1,0,0,150297,150298
13842,4,1,0,0,144243,144244
13843,7,0,0,0,183022,183023
13844,7,0,0,0,183020,183021
13845,7,0,0,0,183018,183019
13846,7,1,0,0,119080,119081
13847,7,1,0,0,119078,119079
13848,7,0,0,0,183016,183017
13849,7,0,0,0,183014,183015
13850,7,1,0,0,119076,119077
13851,7,1,0,0,119074,119075
13852,7,1,0,0,119072,119073
13853,7,0,0,0,183012,183013
13854,7,0,0,0,183010,183011
13855,7,1,0,0,119070,119071
13856,7,0,0,0,183008,183009
13857,7,1,0,0,119068,119069
13858,7,0,0,0,183006,183007
13859,1,0,0,0,165901,165902
13860,1,1,0,0,133908,133909
13861,2,0,0,0,171870,171871
13862,2,0,0,0,171868,171869
13863,2,0,0,0,171866,171867
13864,2,1,0,0,113577,113578
13865,2,0,0,0,171864,171865
13866,2,1,0,0,113575,113576
13867,2,0,0,0,171862,171863
13868,2,0,0,0,171860,171861
13869,2,1,0,0,113573,113574
13870,2,1,0,0,113571,113572
13871,2,0,0,0,171858,171859
13872,2,0,0,0,171856,171857
13873,2,0,0,0,171854,171855
13874,10,0,0,0,211992,211993
13875,10,1,0,0,211559,211561
13876,2,0,0,0,171852,171853
13877,10,0,0,0,211990,211991
13878,10,0,0,0,211988,211989
13879,10,1,0,0,211554,211556
13880,11,0,0,0,131612,131613
13881,11,0,0,0,131610,131611
13882,11,1,0,0,150299,150300
13883,11,1,0,0,150301,150302
13884,11,1,0,0,150303,150304
13885,12,0,0,0,318924,0
13886,2,0,0,0,171850,171851
13887,2,0,0,0,171848,171849
13888,2,0,0,0,171846,171847
13889,2,1,0,0,113569,113570
13890,2,1,0,0,113567,113568
13891,2,0,0,0,171844,171845
13892,2,1,0,0,113565,113566
13893,10,1,0,0,211549,211552
13894,11,1,0,0,150305,150306
13895,4,0,0,0,174898,174899
13896,4,0,0,0,174896,174897
13897,4,0,0,0,174894,174895
13898,4,0,0,0,174892,174893
13899,4,1,0,0,144241,144242
13900,4,1,0,0,144239,144240
13901,2,0,0,0,171842,171843
13902,2,0,0,0,171840,171841
13903,8,0,0,0,158365,158366
13904,2,1,0,0,113563,113564
13905,10,0,0,0,211986,211987
13906,10,0,0,0,211984,211985
13907,10,0,0,0,211982,211983
13908,10,0,0,0,211980,211981
13909,10,0,0,0,211978,211979
13910,10,0,0,0,211976,211977
13911,2,0,0,0,171838,171839
13912,3,0,0,0,318925,318926
13913,3,1,0,0,117415,117416
13914,2,0,0,0,171836,171837
13915,11,0,0,0,131608,131609
13916,11,0,0,0,131606,131607
13917,11,1,0,0,150307,150308
13918,7,0,0,0,183004,183005
13919,11,0,0,0,131604,131605
13920,11,0,0,0,131602,131603
13921,11,1,0,0,150309,150310
13922,11,1,0,0,150311,150312
13923,11,1,0,0,150313,150314
13924,6,0,0,0,115030,115031
13925,10,0,0,0,208849,208850
13926,4,0,0,0,174890,174891
13927,2,0,0,0,171834,171835
13928,2,0,0,0,171832,171833
13929,2,0,0,0,171830,171831
13930,13,0,0,0,258699,0
13931,2,0,0,0,171828,171829
13932,2,1,0,0,113561,113562
13933,5,0,0,0,190748,190749
13934,5,1,0,0,147988,147989
13935,2,0,0,0,171826,171827
13936,2,0,0,0,171824,171825
13937,2,0,0,0,171822,171823
13938,2,1,0,0,113559,113560
13939,2,1,0,0,113557,113558
13940,10,0,0,0,211974,211975
13941,2,1,0,0,113555,113556
13942,2,0,0,0,171820,171821
13943,10,1,0,0,211545,211547
13944,3,0,0,0,318927,318928
13945,2,0,0,0,171818,171819
13946,13,0,0,0,258700,0
13947,10,0,0,0,211972,211973
13948,10,1,0,0,211540,211542
13949,10,0,0,0,211970,211971
13950,8,0,0,0,158363,158364
13951,11,0,0,0,131600,131601
13952,11,1,0,0,150315,150316
13953,11,0,0,0,131598,131599
13954,11,0,0,0,131596,131597
13955,1,0,0,0,165899,165900
13959,2,0,0,0,171816,171817
13960,11,1,0,0,150317,150318
13961,14,0,0,0,318929,0
13962,3,0,0,0,318930,318931
13963,2,0,0,0,171814,171815
13964,11,1,0,0,150319,150320
13965,11,0,0,0,131594,131595
13967,11,0,0,0,131592,131593
13968,1,1,0,0,133910,133911
13969,10,0,0,0,211968,211969
13970,2,1,0,0,113553,113554
13971,14,0,0,0,318932,0
13972,10,1,0,0,211535,211538
13973,10,0,0,0,211966,211967
13974,10,1,0,0,211530,211533
13975,1,0,0,0,165897,165898
13976,7,0,0,0,183002,183003
13977,11,1,0,0,150321,150322
13980,10,0,0,0,211964,211965
13981,10,0,0,0,211962,211963
13982,14,0,0,0,318933,0
13983,14,0,0,0,318934,0
13984,11,0,0,0,131590,131591
13985,7,0,0,0,183000,183001
13986,1,0,0,0,165895,165896
13987,14,0,0,0,318935,0
13988,10,1,0,1,211526,211528
13989,11,1,0,1,150323,150324
13990,7,1,0,1,119066,119067
13991,2,1,0,1,113551,113552
13992,3,0,0,1,318936,318937
13993,4,0,0,1,174888,174889
13994,6,0,0,1,115032,115033
13995,8,0,0,1,158361,158362
13996,7,0,0,0,182998,182999
13997,9,0,0,0,318938,0
13998,11,0,0,0,131588,131589
13999,14,0,0,0,318939,0
14000,11,1,0,0,150360,150361
14001,7,0,0,0,182996,182997
14002,7,1,0,0,119064,119065
14003,10,0,0,0,211960,211961
14004,10,1,0,0,211521,211524
14005,10,0,0,0,211958,211959
14006,10,1,0,0,211516,211519
14007,14,0,0,0,318940,0
14008,10,0,0,0,211956,211957
14009,10,0,0,0,211954,211955
14010,10,0,0,0,211952,211953
14011,10,1,0,0,211241,211514
14012,10,1,0,0,211239,211240
14013,13,0,0,0,258695,0
14014,10,0,0,0,211950,211951
14015,10,0,0,0,211948,211949
14016,10,1,0,0,211237,211238
14017,10,1,0,0,211235,211236
14018,10,0,0,0,211946,211947
14019,10,0,0,0,211944,211945
14020,10,1,0,0,211233,211234
14021,10,1,0,0,211231,211232
14022,10,0,0,0,211942,211943
14023,10,1,0,0,211229,211230
14024,10,1,0,0,211227,211228
14025,10,1,0,0,211225,211226
14026,10,0,0,1,211940,211941
14027,10,0,0,1,211938,211939
14028,10,1,0,1,211223,211224
14029,10,1,0,1,211221,211222
14030,1,0,0,0,165893,165894
14031,1,1,0,0,133912,133913
14032,2,1,0,0,113707,113708
14033,11,0,0,0,131586,131587
14034,12,0,0,0,318941,0
14035,4,1,0,0,144237,144238
14036,14,0,0,0,318942,0
14037,2,0,0,0,171812,171813
14038,2,0,0,0,171810,171811
14039,2,0,0,0,171808,171809
14041,2,1,0,0,113705,113706
14043,2,0,0,0,171806,171807
14044,2,0,0,0,171804,171805
14045,11,0,0,0,131584,131585
14046,14,0,0,0,318943,0
14047,10,0,0,0,211936,211937
14048,14,0,0,0,318944,0
14049,2,0,0,0,171802,171803
14050,7,0,0,0,182994,182995
14051,14,0,0,0,318945,0
14052,14,0,0,0,318946,0
14053,14,0,0,0,318947,0
14054,14,0,0,0,318948,0
14057,9,0,0,0,318949,0
14058,9,0,0,0,318950,0
14059,9,1,0,0,318951,0
14060,10,0,0,0,211934,211935
14062,11,0,0,0,131582,131583
14063,10,0,0,0,211932,211933
14064,9,0,0,0,318952,0
14065,7,0,0,0,182992,182993
14066,2,0,0,0,171800,171801
14067,2,0,0,0,171798,171799
14068,2,1,0,0,113703,113704
14069,2,1,0,0,113701,113702
14070,3,0,0,0,318953,318954
14071,3,0,0,0,318955,318956
14072,3,1,0,0,117417,117418
14073,3,1,0,0,117419,117420
14074,2,0,0,0,171796,171797
14075,2,1,0,0,113699,113700
14076,2,0,0,0,171794,171795
14077,2,1,0,0,113697,113698
14078,10,0,0,0,211930,211931
14079,2,0,0,0,171792,171793
14080,10,0,0,0,211928,211929
14081,8,0,0,0,158359,158360
14082,5,1,0,0,147990,147991
14083,3,0,0,0,318957,318958
14084,11,0,0,0,131580,131581
14085,3,0,0,0,318959,318960
14086,7,0,0,0,182990,182991
14087,8,0,0,0,158357,158358
14088,2,0,0,0,171790,171791
14089,14,0,0,0,318961,0
14090,1,0,0,0,165891,165892
14091,14,0,0,0,318929,0
14092,11,1,0,0,150362,150363
14093,2,0,0,0,171788,171789
14094,11,0,0,0,131578,131579
14095,1,0,0,0,165889,165890
14096,1,1,0,0,133914,133915
14097,2,1,0,0,113695,113696
14098,12,0,0,0,318962,0
14099,12,0,0,0,318963,0
14100,2,1,0,0,113693,113694
14101,2,1,0,0,113691,113692
14102,12,0,0,0,318964,0
14103,12,0,0,0,318965,0
14104,2,1,0,0,113689,113690
14105,2,1,0,0,113687,113688
14106,2,0,0,0,171786,171787
14107,12,0,0,0,318966,0
14108,12,0,0,0,318967,0
14109,2,1,0,0,113685,113686
14110,2,1,0,0,113683,113684
14111,2,0,0,0,171784,171785
14112,2,1,0,0,113681,113682
14113,2,1,0,0,113679,113680
14114,12,0,0,0,318968,0
14115,12,0,0,0,318969,0
14116,2,1,0,0,113677,113678
14117,2,1,0,0,113675,113676
14118,11,0,0,0,131576,131577
14119,7,1,0,0,119062,119063
14120,14,0,0,0,318944,0
14121,14,0,0,0,318970,0
14122,11,0,0,0,131574,131575
14123,11,0,0,0,131572,131573
14124,11,1,0,0,150364,150365
14125,11,1,0,0,150366,150367
14126,2,0,0,0,171782,171783
14127,2,0,0,0,171780,171781
14128,2,1,0,0,113673,113674
14129,2,1,0,0,113671,113672
14130,11,0,0,0,131570,131571
14131,2,0,0,1,171778,171779
14132,2,1,0,1,113669,113670
14133,6,0,0,1,115034,115035
14134,6,1,0,1,136361,136362
14135,7,1,0,1,119060,119061
14136,7,0,0,1,182988,182989
14137,10,1,0,1,211219,211220
14138,10,0,0,1,211926,211927
14139,11,0,0,1,131568,131569
14140,11,1,0,1,150368,150369
14141,8,0,0,1,0,158356
14142,8,1,0,1,177627,177628
14143,5,0,0,1,190746,190747
14144,5,1,0,1,147992,147993
14145,3,0,0,1,318971,318972
14146,3,1,0,1,117421,117422
14147,4,0,0,1,174886,174887
14148,4,1,0,1,144235,144236
14149,12,0,0,1,318973,0
14150,14,0,0,1,318921,0
14151,9,0,0,1,318974,0
14152,9,1,0,1,318975,0
14153,14,0,0,0,318976,0
14154,6,0,0,0,115036,115037
14155,7,0,0,0,182986,182987
14156,7,0,0,0,182984,182985
14157,7,1,0,0,119058,119059
14158,7,1,0,0,119056,119057
14159,6,0,0,0,115038,115039
14160,6,1,0,0,136363,136364
14162,4,1,0,0,144233,144234
14163,4,0,0,0,174884,174885
14164,9,1,0,0,318977,0
14165,2,0,0,0,171776,171777
14166,2,0,0,0,171774,171775
14167,2,0,0,0,171772,171773
14168,2,0,0,0,171770,171771
14169,2,0,0,0,171768,171769
14170,10,1,0,0,211217,211218
14171,10,0,0,0,211924,211925
14172,10,0,0,0,211922,211923
14173,14,0,0,0,318778,0
14174,14,0,0,0,318944,0
14175,7,0,0,0,182982,182983
14176,7,0,0,0,182980,182981
14177,7,0,0,0,182978,182979
14178,14,0,0,0,318978,0
14179,14,0,0,0,318979,0
14180,14,0,0,0,318980,0
14181,14,0,0,0,318981,0
14182,14,0,0,0,318982,0
14183,10,0,0,0,211920,211921
14184,10,1,0,0,211215,211216
14185,11,0,0,0,131566,131567
14186,11,1,0,0,150370,150371
14187,10,1,0,0,211213,211214
14188,11,0,0,0,131564,131565
14189,2,0,0,0,171766,171767
14190,2,1,0,0,113667,113668
14191,13,0,0,0,258701,0
14192,13,0,0,0,258702,0
14193,1,1,0,0,133916,133917
14194,2,0,0,0,171764,171765
14195,13,1,0,0,262200,0
14196,14,0,0,0,318983,0
14197,1,0,0,0,165887,165888
14198,2,1,0,0,113665,113666
14199,14,0,0,0,318984,0
14200,10,0,0,0,211918,211919
14201,10,0,0,0,211916,211917
14202,10,0,0,0,211914,211915
14203,10,1,0,0,211211,211212
14204,10,0,0,0,211907,211909
14205,10,1,0,0,211209,211210
14206,11,0,0,0,131562,131563
14207,2,0,0,0,171762,171763
14208,2,1,0,0,113663,113664
14209,14,0,0,0,318985,0
14210,2,0,0,0,171760,171761
14211,2,1,0,0,113661,113662
14212,1,1,0,0,133918,133919
14213,12,0,0,0,318986,0
14214,6,0,0,0,115040,115041
14215,11,0,0,0,131560,131561
14216,11,0,0,0,131558,131559
14217,11,1,0,0,150372,150373
14218,11,1,0,0,150374,150375
14219,10,0,0,0,211904,211906
14220,10,0,0,0,211900,211902
14221,10,1,0,0,211207,211208
14222,10,1,0,0,211205,211206
14223,10,1,0,0,211203,211204
14224,10,0,0,0,211897,211899
14225,10,0,0,0,211893,211895
14226,10,1,0,0,211201,211202
14227,10,1,0,0,211199,211200
14228,10,0,0,0,211890,211892
14229,10,0,0,0,211887,211888
14230,10,1,0,0,211197,211198
14231,10,1,0,0,211195,211196
14232,10,0,0,0,211883,211885
14233,10,0,0,0,211879,211882
14234,10,1,0,0,211193,211194
14235,10,1,0,0,211191,211192
14236,2,0,0,0,171758,171759
14237,10,0,0,0,211876,211878
14238,10,1,0,0,211189,211190
14239,10,1,0,0,211187,211188
14240,12,0,0,0,318987,0
14241,2,1,0,0,113659,113660
14242,2,1,0,0,113657,113658
14243,12,0,0,0,318988,0
14244,11,0,0,0,131556,131557
14245,10,0,0,0,211873,211874
14246,11,0,0,0,131554,131555
14247,11,0,0,0,131552,131553
14248,10,0,0,0,211869,211871
14249,11,1,0,0,150376,150377
14250,11,1,0,0,150378,150379
14251,10,0,0,0,211866,211868
14252,10,0,0,0,211862,211864
14253,12,0,0,0,318989,0
14254,10,0,0,0,211859,211861
14255,11,0,0,0,131550,131551
14256,10,1,0,0,211185,211186
14257,10,0,0,0,211856,211858
14258,10,0,0,0,211852,211854
14259,11,0,0,0,131548,131549
14260,10,0,0,0,211849,211850
14262,10,0,0,0,211845,211847
14263,1,0,0,0,165885,165886
14264,1,0,0,0,165883,165884
14265,1,0,0,0,165881,165882
14266,2,0,0,0,171756,171757
14267,2,0,0,0,171754,171755
14268,2,0,0,0,171752,171753
14269,1,0,0,0,165879,165880
14270,12,0,0,0,318990,0
14271,12,0,0,0,318991,0
14272,12,0,0,0,318992,0
14273,12,0,0,0,318993,0
14274,12,0,0,0,318994,0
14275,10,0,0,0,211841,211843
14276,12,0,0,0,318995,0
14277,10,0,0,0,211838,211840
14278,12,0,0,0,318996,0
14279,12,0,0,0,318997,0
14280,2,1,0,0,113655,113656
14281,2,1,0,0,113653,113654
14282,10,0,0,0,211835,211836
14283,2,1,0,0,113651,113652
14284,9,0,0,0,318998,0
14285,9,1,0,0,318999,0
14286,1,0,0,0,0,165878
14287,10,0,0,0,211831,211833
14288,12,0,0,0,319000,0
14289,3,0,0,0,319001,319002
14290,1,1,0,0,133920,133921
14292,5,1,0,0,147994,147995
14293,4,0,0,0,174882,174883
14294,4,1,0,0,144231,144232
14295,4,0,0,0,174880,174881
14296,6,0,0,0,115042,115043
14297,6,1,0,0,136365,136366
14298,5,0,0,0,190744,190745
14299,11,0,0,0,131546,131547
14300,10,1,0,0,211183,211184
14301,7,1,0,0,119054,119055
14302,4,1,0,0,144229,144230
14303,1,0,0,0,165875,165876
14304,1,0,0,0,165873,165874
14305,1,1,0,0,133922,133923
14306,1,0,0,0,165871,165872
14307,2,0,0,0,171750,171751
14310,1,1,0,0,133924,133925
14311,1,1,0,0,133926,133927
14312,1,1,0,0,133928,133929
14313,12,0,0,0,319003,0
14314,12,0,0,0,319004,0
14315,12,0,0,0,319005,0
14316,12,0,0,0,319006,0
14317,9,1,0,0,319007,0
14318,2,1,0,0,113649,113650
14319,5,1,0,0,147996,147997
14320,5,0,0,0,190742,190743
14321,2,0,0,0,171748,171749
14322,2,0,0,0,171746,171747
14323,2,0,0,0,171744,171745
14324,1,0,0,0,165869,165870
14325,11,0,0,0,131544,131545
14326,2,1,0,0,113647,113648
14327,2,0,0,0,171742,171743
14328,14,0,0,0,318912,0
14329,14,0,0,0,319008,0
14330,11,0,0,0,131542,131543
14331,11,0,0,0,131540,131541
14332,4,0,0,0,174878,174879
14333,10,1,0,0,211181,211182
14334,10,1,0,0,211179,211180
14335,11,1,0,0,150380,150381
14336,10,1,0,0,211177,211178
14337,11,1,0,0,150382,150383
14338,10,1,0,0,211173,211175
14339,10,1,0,0,211171,211172
14340,10,0,0,0,211827,211829
14341,10,1,0,0,211169,211170
14342,10,1,0,0,211166,211168
14343,10,0,0,0,185336,211826
14344,10,0,0,0,211822,211823
14345,10,0,0,0,211818,211820
14346,10,1,0,0,211163,211165
14347,10,0,0,0,211815,211817
14348,10,0,0,0,211811,211813
14349,10,0,0,0,211808,211810
14350,10,0,0,0,211804,211806
14351,13,0,0,0,258703,0
14352,4,0,0,0,174876,174877
14353,4,1,0,0,144227,144228
14354,6,0,0,0,115044,115045
14355,6,1,0,0,136367,136368
14356,2,0,0,0,171740,171741
14357,4,1,0,0,144225,144226
14358,11,0,0,0,131538,131539
14359,12,0,0,0,319009,0
14360,7,0,0,0,182976,182977
14361,7,0,0,0,182974,182975
14362,7,0,0,0,182972,182973
14363,7,0,0,0,182970,182971
14364,3,0,0,0,319010,319011
14365,2,0,0,0,171738,171739
14366,2,0,0,0,171736,171737
14367,11,0,0,0,131536,131537
14368,11,0,0,0,131534,131535
14369,3,0,0,0,319012,319013
14370,1,0,0,0,165867,165868
14371,2,0,0,0,171734,171735
14372,2,0,0,0,171732,171733
14373,2,1,0,0,113645,113646
14374,11,1,0,0,150384,150385
14375,2,0,0,0,171730,171731
14376,9,0,0,0,319014,0
14377,1,0,0,0,165865,165866
14378,3,0,0,0,319015,319016
14379,2,0,0,0,171728,171729
14380,11,0,0,0,131532,131533
14381,9,0,0,0,319017,0
14382,9,1,0,0,319018,0
14384,10,0,0,0,211801,211803
14385,10,1,0,0,211161,211162
14386,10,0,0,0,211798,211799
14387,11,0,0,0,131530,131531
14388,11,1,0,0,150386,150387
14391,4,0,0,0,174874,174875
14393,4,1,0,0,144223,144224
14394,6,0,0,0,115046,115047
14395,6,1,0,0,136369,136370
14396,14,0,0,0,319019,0
14397,14,0,0,0,319020,0
14398,11,0,0,0,131528,131529
14399,11,1,0,0,150388,150389
14400,8,1,0,0,177625,177626
14401,14,0,0,0,319021,0
14402,4,0,0,0,174872,174873
14403,10,1,0,0,0,0
14404,4,0,0,0,174870,174871
14405,4,0,0,0,174868,174869
14406,6,0,0,0,115048,115049
14407,4,0,0,0,174866,174867
14408,1,0,0,0,191334,191335
14409,11,1,0,0,150390,150391
14410,11,0,0,0,131526,131527
14411,14,0,0,0,319022,0
14412,14,0,0,0,319023,0
14413,14,0,0,0,319024,0
14414,14,0,0,0,319025,0
14415,4,1,0,0,144221,144222
14416,6,0,0,0,115050,115051
14417,4,0,0,0,174864,174865
14418,11,1,0,0,150392,150393
14419,11,0,0,0,131524,131525
14420,15,0,0,0,319026,0
14421,13,0,0,0,258704,0
14422,13,0,0,0,258705,0
14423,13,0,0,0,258706,0
14424,13,0,0,0,258707,0
14425,13,0,0,0,258708,0
14426,13,1,0,0,262201,0
14427,13,1,0,0,262202,0
14428,3,0,0,0,319027,319028
14429,13,1,0,0,262203,0
14430,7,1,0,0,119052,119053
14431,1,0,0,0,165863,165864
14432,1,1,0,0,133930,133931
14433,14,0,0,0,319029,0
14434,10,1,0,0,211159,211160
14435,6,1,0,0,136371,136372
14436,10,0,0,0,211794,211796
14437,10,0,0,0,211790,211792
14438,10,1,0,0,0,211158
14439,10,0,0,0,0,211789
14440,11,0,0,0,0,131523
14441,11,1,0,0,0,150395
14442,10,1,0,0,211155,211156
14443,9,1,0,0,319030,0
14444,7,0,0,0,0,182969
14445,7,1,0,0,0,119051
14446,9,0,0,0,319031,0
14447,9,1,0,0,319032,0
14448,9,1,0,0,319033,0
14449,9,0,0,0,319034,0
14450,1,0,0,0,165861,165862
14451,1,0,0,0,165859,165860
14452,6,0,0,0,115052,115053
14453,6,0,0,0,115054,115055
14454,10,0,0,0,211784,211785
14455,10,0,0,0,211780,211782
14456,14,0,0,0,319035,0
14457,14,0,0,0,319035,0
14458,10,0,0,0,211777,211779
14459,10,0,0,0,211774,211775
14460,10,1,0,0,211153,211154
14461,10,1,0,0,211151,211152
14462,11,0,0,0,131520,131521
14463,10,1,0,0,211149,211150
14464,11,1,0,0,150402,150403
14465,11,0,0,0,131518,131519
14466,11,1,0,0,150404,150405
14467,11,1,0,0,150406,150407
14468,11,0,0,0,131516,131517
14469,11,0,0,0,131514,131515
14470,11,1,0,0,150408,150409
14471,11,1,0,0,150410,150411
14472,1,0,0,0,165857,165858
14473,3,0,0,0,319036,319037
14474,10,0,0,0,211770,211772
14475,10,0,0,0,211767,211769
14476,10,1,0,0,211147,211148
14477,10,1,0,0,211145,211146
14478,9,0,0,0,319038,0
14479,9,1,0,0,319039,0
14480,11,0,0,0,131512,131513
14481,8,1,0,0,177623,177624
14483,1,1,0,0,0,133933
14484,10,0,0,0,211763,211765
14486,11,0,0,0,131510,131511
14487,12,0,0,1,318973,0
14488,12,0,0,1,318973,0
14489,11,1,0,0,150412,150413
14490,4,1,0,0,144219,144220
14491,4,1,0,0,144217,144218
14492,7,0,0,0,182966,182967
14493,3,0,0,0,319040,319041
14494,12,0,0,0,319042,0
14495,12,0,0,0,319043,0
14496,9,0,0,0,319044,0
14497,9,0,0,0,319045,0
14498,12,0,0,0,319046,0
14499,12,0,0,0,319047,0
14500,12,0,0,0,319048,0
14501,12,0,0,0,319049,0
14502,12,0,0,0,319050,0
14503,12,0,0,0,319051,0
14504,12,0,0,0,319052,0
14505,12,0,0,0,319053,0
14506,1,0,0,0,153277,153278
14507,9,0,0,0,319054,0
14508,9,0,0,0,319055,0
14509,9,0,0,0,319056,0
14510,12,0,0,0,319057,0
14511,8,0,0,0,158353,158354
14512,9,1,0,0,319058,0
14513,12,0,0,0,319059,0
14514,5,0,0,0,190740,190741
14515,3,1,0,0,117423,117424
14516,11,0,0,0,131508,131509
14517,7,1,0,0,119048,119049
14518,4,0,0,0,174862,174863
14519,6,0,0,0,115056,115057
14520,2,1,0,0,113643,113644
14521,10,0,0,0,211759,211761
14522,8,1,0,0,177621,177622
14523,1,1,0,0,133934,133935
14524,12,0,0,0,319060,0
14525,8,0,0,0,158351,158352
14526,10,0,0,0,211755,211757
14527,10,1,0,0,211143,211144
14528,10,0,0,0,211752,211754
14529,10,1,0,0,0,211142
14530,10,1,0,0,0,211140
14531,10,1,0,0,211137,211138
14532,10,0,0,0,211749,211750
14533,14,0,0,0,319061,0
14534,14,0,0,0,319062,0
14535,14,0,0,0,319063,0
14536,12,0,0,0,319064,0
14537,12,0,0,0,319065,0
14538,12,0,0,0,319066,0
14539,12,0,0,0,319067,0
14540,2,0,0,0,171726,171727
14541,2,0,0,0,171724,171725
14542,12,0,0,0,319068,0
14543,12,0,0,0,319069,0
14544,2,0,0,0,171722,171723
14545,12,0,0,0,319070,0
14546,2,0,0,0,171720,171721
14547,2,0,0,0,171718,171719
14548,12,0,0,0,319071,0
14549,12,0,0,0,319072,0
14550,12,0,0,0,319072,0
14551,2,0,0,0,171716,171717
14552,14,0,0,0,319024,0
14553,14,0,0,0,319022,0
14554,1,0,0,0,165855,165856
14555,2,1,0,0,113641,113642
14556,2,0,0,0,171714,171715
14557,10,1,0,0,211135,211136
14558,2,0,0,0,171712,171713
14559,14,0,0,0,319024,0
14560,1,0,0,0,165853,165854
14561,3,0,0,0,319073,319074
14562,7,1,0,0,119046,119047
14563,10,0,0,0,211745,211747
14564,10,0,0,0,211742,211744
14565,10,0,0,0,211739,211740
14566,10,1,0,0,211133,211134
14567,10,1,0,0,211131,211132
14568,2,0,0,0,171710,171711
14569,14,0,0,0,319075,0
14570,12,0,0,0,319076,0
14571,12,0,0,0,319077,0
14572,2,1,0,0,113639,113640
14573,12,0,0,0,319078,0
14574,14,0,0,0,319079,0
14576,14,0,0,0,319080,0
14577,10,0,0,0,211735,211737
14578,8,1,0,0,177619,177620
14580,9,0,0,0,319081,0
14581,6,0,0,0,115058,115059
14582,1,1,0,0,133936,133937
14583,1,0,0,0,165851,165852
14584,11,0,0,0,131506,131507
14585,7,0,0,0,182964,182965
14586,3,1,0,0,117425,117426
14587,8,0,0,0,158349,158350
14588,1,1,0,0,133938,133939
14589,10,0,0,0,211732,211734
14590,10,1,0,0,211129,211130
14591,3,0,0,0,319082,319083
14592,14,0,0,0,319084,0
14593,10,0,0,0,211728,211730
14594,10,0,0,0,211725,211726
14595,10,0,0,0,211721,211723
14596,4,1,0,0,144215,144216
14597,10,1,0,0,211127,211128
14598,10,0,0,0,211717,211720
14599,10,1,0,0,211125,211126
14600,10,1,0,0,211123,211124
14601,11,1,0,0,150414,150415
14602,10,0,0,0,211714,211716
14603,11,1,0,0,150416,150417
14604,11,0,0,0,131504,131505
14605,11,0,0,0,131502,131503
14606,11,1,0,0,150418,150419
14607,11,1,0,0,150420,150421
14608,11,0,0,0,131500,131501
14609,1,0,0,0,165849,165850
14610,7,0,0,0,182962,182963
14611,10,0,0,0,211711,211712
14612,10,0,0,0,211707,211709
14613,10,1,0,0,211121,211122
14614,10,1,0,0,211119,211120
14615,10,1,0,0,0,211118
14616,10,1,0,0,211115,211116
14617,1,1,0,0,133940,133941
14618,1,1,0,0,133942,133943
14619,1,1,0,0,133944,133945
14620,1,1,0,0,133946,133947
14621,12,0,0,0,319085,0
14622,12,0,0,0,319086,0
14623,12,0,0,0,319087,0
14624,12,0,0,0,319088,0
14625,12,0,0,0,319089,0
14626,2,1,0,0,113637,113638
14627,2,0,0,0,171706,171707
14628,2,0,0,0,171704,171705
14629,2,0,0,0,171702,171703
14630,12,0,0,0,319090,0
14631,12,0,0,0,319091,0
14632,12,0,0,0,319092,0
14633,12,0,0,0,319093,0
14634,2,0,0,0,171700,171701
14635,12,0,0,0,319094,0
14636,12,0,0,0,219761,0
14637,12,0,0,0,219760,0
14638,12,0,0,0,319095,0
14639,10,0,0,0,211703,211705
14640,10,0,0,0,211700,211702
14641,10,1,0,0,211113,211114
14642,10,1,0,0,211111,211112
14643,10,0,0,0,211697,211698
14644,10,0,0,0,211693,211695
14645,10,0,0,0,211690,211692
14646,10,0,0,0,211686,211688
14647,10,0,0,0,211683,211684
14648,10,0,0,0,211679,211681
14649,10,1,0,0,211109,211110
14650,10,1,0,0,211107,211108
14651,10,0,0,0,211676,211678
14652,10,0,0,0,211672,211674
14653,10,1,0,0,211105,211106
14654,10,1,0,0,211103,211104
14655,10,0,0,0,211669,211671
14656,11,0,0,0,131498,131499
14657,3,0,0,0,319096,319097
14658,2,0,0,0,171698,171699
14659,10,0,0,0,211665,211667
14660,5,0,0,0,190738,190739
14662,6,0,0,0,115060,115061
14663,8,0,0,0,158347,158348
14664,14,0,0,0,319098,0
14665,14,0,0,0,319098,0
14666,14,0,0,0,319099,0
14667,14,0,0,0,319100,0
14668,14,0,0,0,319101,0
14669,14,0,0,0,319101,0
14670,14,0,0,0,319102,0
14671,7,1,0,0,119044,119045
14672,10,0,0,0,211662,211664
14673,14,0,0,0,319103,0
14674,14,0,0,0,319104,0
14675,1,1,0,0,133948,133949
14676,1,0,0,0,165847,165848
14677,3,0,0,0,319105,319106
14678,3,0,0,0,319107,319108
14679,1,0,0,0,165845,165846
14680,1,0,0,0,165843,165844
14681,1,0,0,0,165841,165842
14682,1,1,0,0,133950,133951
14683,8,0,0,0,158345,158346
14684,6,0,0,0,115062,115063
14685,1,0,0,0,165839,165840
14686,1,0,0,0,165837,165838
14687,8,1,0,0,177617,177618
14688,2,0,0,0,171696,171697
14689,1,1,0,0,133953,133954
14690,1,0,0,0,165835,165836
14691,10,0,0,0,211658,211660
14692,1,0,0,0,165833,165834
14693,1,0,0,0,165831,165832
14694,1,0,0,0,165829,165830
14695,1,0,0,0,165827,165828
14696,1,0,0,0,165825,165826
14697,6,0,0,0,115064,115065
14698,9,0,0,0,237344,0
14704,1,0,0,0,165823,165824
14705,9,0,0,0,319109,0
14706,1,1,0,0,133955,133956
14707,1,1,0,0,133957,133958
14708,1,0,0,0,165821,165822
14709,1,0,0,0,165819,165820
14710,6,0,0,0,115066,115067
14711,6,0,0,0,115068,115069
14712,6,1,0,0,136373,136374
14713,6,0,0,0,115070,115071
14714,6,1,0,0,136375,136376
14715,6,0,0,0,115072,115073
14716,6,1,0,0,136377,136378
14717,6,0,0,0,115074,115075
14718,6,0,0,0,115076,115077
14719,1,1,0,0,133959,133960
14720,4,0,0,0,174860,174861
14721,2,0,0,0,171694,171695
14722,5,1,0,0,147998,147999
14723,11,1,0,0,150422,150423
14724,11,0,0,0,131496,131497
14725,10,1,0,0,211101,211102
14726,10,0,0,0,211655,211657
14727,10,0,0,0,211651,211653
14728,10,1,0,0,211099,211100
14729,8,0,0,0,158343,158344
14730,8,1,0,0,177615,177616
14731,7,0,0,0,182960,182961
14732,7,1,0,0,119042,119043
14733,3,0,0,0,319110,319111
14734,3,1,0,0,117427,117428
14735,6,0,0,0,115081,115082
14736,6,1,0,0,136379,136380
14737,16,0,0,0,254165,0
14738,1,0,0,0,165817,165818
14739,1,0,0,0,165815,165816
14740,7,0,0,1,182958,182959
14741,7,0,0,1,182956,182957
14742,7,0,0,1,182954,182955
14743,7,0,0,1,182952,182953
14744,7,0,0,1,182950,182951
14745,9,1,0,0,319112,0
14746,1,0,0,0,165813,165814
14747,2,1,0,1,113635,113636
14748,2,1,0,1,113633,113634
14749,2,1,0,1,113631,113632
14750,2,1,0,1,113629,113630
14751,7,1,0,0,119040,119041
14752,9,0,0,0,319113,0
14753,1,0,0,0,165811,165812
14754,10,0,0,0,211648,211650
14756,1,1,0,0,133961,133962
14757,1,0,0,0,165809,165810
14758,1,0,0,0,165807,165808
14759,1,0,0,0,165805,165806
14760,1,0,0,0,165803,165804
14761,1,1,0,0,133963,133964
14762,7,0,0,0,182948,182949
14763,11,1,0,0,150424,150425
14764,3,0,0,0,319114,319115
14765,4,1,0,0,144213,144214
14766,1,0,0,0,165801,165802
14767,3,0,0,0,319116,319117
14768,5,0,0,0,190736,190737
14769,2,0,0,0,171692,171693
14770,2,1,0,0,113627,113628
14771,5,1,0,0,148000,148001
14772,5,0,0,0,190734,190735
14773,5,0,0,0,190732,190733
14774,5,1,0,0,148002,148003
14775,5,0,0,0,190730,190731
14776,5,0,0,0,190728,190729
14777,5,0,0,0,190726,190727
14778,5,1,0,0,148004,148005
14779,5,0,0,0,190724,190725
14780,5,0,0,0,190722,190723
14781,8,0,0,0,158341,158342
14782,1,0,0,0,165799,165800
14783,1,1,0,0,133965,133966
14784,10,1,0,0,211097,211098
14785,2,0,0,0,171690,171691
14786,1,1,0,0,133967,133968
14787,10,0,0,0,211645,211647
14788,10,0,0,0,211641,211643
14789,10,0,0,0,211638,211640
14790,10,1,0,0,211095,211096
14791,10,1,0,0,211093,211094
14792,1,0,0,0,165797,165798
14793,1,0,0,0,165795,165796
14794,3,0,0,0,319118,319119
14795,7,0,0,0,182946,182947
14796,1,0,0,0,165793,165794
14797,1,0,0,0,165791,165792
14798,3,0,0,0,319120,319121
14799,3,1,0,0,117429,117430
14800,1,0,0,0,165789,165790
14801,1,0,0,0,165787,165788
14802,9,1,0,0,319122,0
14803,8,0,0,0,158339,158340
14804,1,0,0,0,165785,165786
14805,1,0,0,0,165783,165784
14806,7,1,0,0,119038,119039
14807,11,1,0,0,150426,150427
14808,7,1,0,0,119036,119037
14809,3,0,0,0,319123,319124
14810,1,1,0,0,133969,133970
14811,11,0,0,0,131494,131495
14812,1,0,0,0,165781,165782
14813,3,0,0,0,319125,319126
14814,11,0,0,0,131492,131493
14815,7,0,0,0,182944,182945
14816,17,0,0,0,319127,0
14817,5,1,0,0,148006,148007
14818,16,0,0,0,254164,0
14819,16,0,0,0,237345,0
14820,3,0,0,0,319128,319129
14821,1,0,0,0,165779,165780
14822,1,1,0,0,133971,133972
14823,3,0,0,0,0,319131
14824,3,1,0,0,0,117432
14825,1,0,0,0,165777,165778
14826,1,1,0,0,133973,133974
14827,3,0,0,0,319132,319133
14828,3,1,0,0,117433,117434
14829,1,0,0,0,165775,165776
14830,1,0,0,0,165773,165774
14831,1,1,0,0,133975,133976
14832,3,0,0,0,319134,319135
14833,3,1,0,0,117435,117436
14834,1,0,0,0,165771,165772
14835,1,1,0,0,133977,133978
14836,3,0,0,0,319136,319137
14837,3,1,0,0,117437,117438
14838,1,0,0,0,165769,165770
14839,1,1,0,0,133979,133980
14840,3,0,0,0,0,319139
14841,3,1,0,0,117439,117440
14842,1,1,0,0,133981,133982
14843,1,1,0,0,0,133984
14844,3,0,0,0,319140,319141
14845,3,0,0,0,319142,319143
14846,3,1,0,0,117441,117442
14847,3,0,0,0,319144,319145
14848,3,1,0,0,117443,117444
14849,1,0,0,0,165767,165768
14850,3,0,0,0,319146,319147
14851,3,0,0,0,319148,319149
14852,1,0,0,0,165765,165766
14853,1,1,0,0,133985,133986
14854,3,1,0,0,117445,117446
14855,3,1,0,0,117447,117448
14856,1,1,0,0,133987,133988
14857,10,0,0,0,211634,211636
14858,10,0,0,0,211631,211632
14859,11,0,0,0,131490,131491
14860,11,0,0,0,131488,131489
14861,7,0,0,0,182942,182943
14862,7,0,0,0,182940,182941
14863,9,0,0,0,319150,0
14864,9,0,0,0,319151,0
14865,4,0,0,0,174858,174859
14866,4,0,0,0,174856,174857
14867,2,0,0,0,171688,171689
14868,2,0,0,0,171686,171687
14869,6,0,0,0,115083,115084
14870,6,0,0,0,115085,115086
14871,8,0,0,0,158337,158338
14872,8,0,0,0,158335,158336
14873,5,0,0,0,190720,190721
14874,5,0,0,0,190718,190719
14875,10,1,0,0,211091,211092
14876,10,1,0,0,211089,211090
14877,11,1,0,0,150428,150429
14878,11,1,0,0,150430,150431
14879,7,1,0,0,119034,119035
14880,7,1,0,0,119032,119033
14881,9,1,0,0,319152,0
14882,9,1,0,0,319153,0
14883,3,0,0,0,319154,319155
14884,4,1,0,0,144211,144212
14885,4,1,0,0,144209,144210
14886,2,1,0,0,113625,113626
14887,2,1,0,0,113623,113624
14888,6,1,0,0,136381,136382
14889,6,1,0,0,136383,136384
14890,8,1,0,0,177613,177614
14891,8,1,0,0,177611,177612
14892,5,1,0,0,148008,148009
14893,5,1,0,0,148010,148011
14895,3,1,0,0,117449,117450
14896,3,1,0,0,117451,117452
14897,1,0,0,0,165763,165764
14898,3,1,0,0,117453,117454
14899,3,1,0,0,117455,117456
14900,3,0,0,0,319156,319157
14901,3,0,0,0,319158,319159
14902,7,1,0,0,119030,119031
14903,3,0,0,0,319160,319161
14904,1,0,0,0,165761,165762
14905,7,0,0,0,0,182939
14906,8,0,0,0,158333,158334
14907,9,0,0,0,319162,0
14908,1,0,0,0,0,165760
14909,3,0,0,0,319163,319164
14910,3,0,0,0,319165,319166
14911,1,0,0,0,165757,165758
14912,3,1,0,0,117457,117458
14913,1,1,0,0,133989,133990
14914,16,0,0,0,254163,0
14915,16,0,0,0,254162,0
14916,16,0,0,0,254161,0
14919,16,0,0,0,254160,0
14920,16,0,0,0,254159,0
14921,16,0,0,0,254158,0
14923,16,0,0,0,254157,0
14924,16,0,0,0,254156,0
14925,1,0,0,0,165755,165756
14926,3,0,0,0,319167,319168
14927,3,1,0,0,117459,117460
14928,1,1,0,0,133991,133992
14929,16,0,0,0,254155,0
14930,1,0,0,0,165753,165754
14931,1,0,0,0,165751,165752
14932,16,0,0,0,254116,0
14933,16,0,0,0,254115,0
14934,5,1,0,0,148012,148013
14935,16,0,0,0,254114,0
14936,5,0,0,0,190716,190717
14937,5,0,0,0,190714,190715
14938,5,0,0,0,190712,190713
14939,5,0,0,0,190710,190711
14940,1,1,0,0,0,133994
14941,16,0,0,0,254113,0
14942,16,0,0,0,254112,0
14943,16,0,0,0,254111,0
14944,15,0,0,0,319169,0
14945,1,0,0,0,165749,165750
14946,3,0,0,0,319170,319171
14947,1,1,0,0,133995,133996
14948,3,0,0,0,319172,319173
14949,3,1,0,0,117461,117462
14950,3,0,0,0,319174,319175
14951,3,1,0,0,117463,117464
14952,11,0,0,0,131486,131487
14953,3,0,0,0,319176,319177
14954,3,1,0,0,117465,117466
14957,14,0,0,0,319178,0
14959,5,0,0,0,190708,190709
14960,5,0,0,0,190706,190707
14961,5,0,0,0,190704,190705
14962,5,1,0,0,148014,148015
14963,5,0,0,0,190702,190703
14964,16,0,0,0,254110,0
14965,16,0,0,0,254109,0
14966,16,0,0,0,254108,0
14967,16,0,0,0,254107,0
14968,16,0,0,0,254106,0
14969,16,0,0,0,254105,0
14970,16,0,0,0,254104,0
14971,16,0,0,0,254103,0
14972,16,0,0,0,254102,0
14973,16,0,0,0,254101,0
14974,16,0,0,0,254100,0
14975,16,0,0,0,254099,0
14976,16,0,0,0,254098,0
14977,16,0,0,0,254097,0
14978,16,0,0,0,254096,0
14979,16,0,0,0,254095,0
14980,16,0,0,0,254094,0
14981,16,0,0,0,254093,0
14982,16,0,0,0,254092,0
14983,16,0,0,0,254091,0
14984,16,0,0,0,254090,0
14985,16,0,0,0,254089,0
14986,16,0,0,0,254088,0
14987,3,0,0,0,319179,319180
14988,16,0,0,0,254087,0
14989,16,0,0,0,254086,0
14990,5,0,0,0,190700,190701
14991,16,0,0,0,254085,0
14992,7,1,0,0,119028,119029
14993,16,0,0,0,254084,0
14994,16,0,0,0,254083,0
14995,16,0,0,0,254082,0
14996,16,0,0,0,254081,0
14997,16,0,0,0,254080,0
14998,16,0,0,0,254079,0
14999,1,0,0,0,165747,165748
15000,16,0,0,0,254078,0
15001,16,0,0,0,254077,0
15002,16,0,0,0,254076,0
15003,16,0,0,0,254075,0
15004,16,0,0,0,254074,0
15005,2,0,0,0,171684,171685
15006,19,0,0,0,319181,0
15007,6,1,0,0,136385,136386
15008,19,0,0,0,319182,0
15009,6,1,0,0,136387,136388
15010,19,0,0,0,319183,0
15011,6,1,0,0,136389,136390
15012,19,0,0,0,319184,0
15013,1,1,0,0,133997,133998
15014,1,0,0,0,165745,165746
15015,3,0,0,0,319185,319186
15016,11,0,0,0,131483,131484
15017,1,1,0,0,133999,134000
15018,1,1,0,0,134001,134002
15019,6,1,0,0,136391,136392
15020,3,0,0,0,319187,319188
15022,1,0,0,0,165743,165744
15023,1,0,0,0,165741,165742
15024,1,0,0,0,165739,165740
15025,1,1,0,0,134003,134004
15026,1,1,0,0,134005,134006
15027,1,0,0,0,165737,165738
15028,7,0,0,0,182936,182937
15029,19,0,0,0,319189,0
15030,3,0,0,0,319190,319191
15031,1,1,0,0,134007,134008
15032,3,0,0,0,319192,319193
15033,3,0,0,0,319194,319195
15034,1,0,0,0,165735,165736
15035,1,1,0,0,134009,134010
15036,3,0,0,0,319196,319197
15037,3,1,0,0,117467,117468
15038,3,1,0,0,117469,117470
15039,3,0,0,0,319198,319199
15040,3,0,0,0,319200,319201
15041,1,0,0,0,165733,165734
15042,1,0,0,0,165731,165732
15043,1,1,0,0,134011,134012
15044,3,1,0,0,117471,117472
15045,3,0,0,0,319202,319203
15046,16,0,0,0,254073,0
15047,16,0,0,0,254072,0
15048,16,0,0,0,254071,0
15049,6,1,0,0,136393,136394
15050,3,0,0,0,319204,319205
15051,16,0,0,0,254070,0
15052,16,0,0,0,254069,0
15053,16,0,0,0,254068,0
15054,16,0,0,0,254067,0
15055,1,1,0,0,134013,134014
15056,1,1,0,0,134015,134016
15057,16,0,0,0,254066,0
15058,16,0,0,0,254065,0
15059,16,0,0,0,254064,0
15060,16,0,0,0,254063,0
15061,16,0,0,0,254062,0
15062,16,0,0,0,254061,0
15063,16,0,0,0,254060,0
15064,16,0,0,0,254059,0
15065,16,0,0,0,254058,0
15066,16,0,0,0,254057,0
15067,16,0,0,0,254056,0
15068,16,0,0,0,254055,0
15069,16,0,0,0,254054,0
15070,16,0,0,0,254053,0
15071,16,0,0,0,254052,0
15072,16,0,0,0,254051,0
15073,16,0,0,0,254050,0
15074,16,0,0,0,254049,0
15075,16,0,0,0,254048,0
15076,16,0,0,0,254047,0
15077,16,0,0,0,254046,0
15078,16,0,0,0,254045,0
15079,16,0,0,0,254044,0
15080,16,0,0,0,254043,0
15081,16,0,0,0,254042,0
15082,16,0,0,0,254041,0
15083,16,0,0,0,254040,0
15084,16,0,0,0,254039,0
15085,5,0,0,0,190698,190699
15086,3,0,0,0,319206,319207
15087,1,0,0,0,165729,165730
15088,3,0,0,0,319208,319209
15089,1,1,0,0,134017,134018
15090,7,1,0,0,119026,119027
15091,1,0,0,0,165727,165728
15092,1,1,0,0,134019,134020
15093,3,0,0,0,0,319211
15094,11,1,0,0,150432,150433
15095,7,0,0,0,182934,182935
15096,3,1,0,0,117473,117474
15097,1,0,0,0,165725,165726
15099,1,1,0,0,134021,134022
15100,5,1,0,0,148016,148017
15101,5,1,0,0,148018,148019
15102,5,0,0,0,190696,190697
15103,5,1,0,0,148020,148021
15104,5,0,0,0,190694,190695
15105,5,1,0,0,148022,148023
15106,5,0,0,0,190692,190693
15107,3,0,0,0,319212,319213
15108,5,0,0,0,190690,190691
15109,16,0,0,0,254038,0
15110,3,0,0,0,319214,319215
15111,6,1,0,0,136395,136396
15114,5,0,0,0,190688,190689
15115,19,0,0,0,319216,0
15116,19,0,0,0,319217,0
15117,18,0,0,0,319218,0
15118,8,1,0,0,177609,177610
15119,19,0,0,0,319219,0
15120,6,1,0,0,136397,136398
15121,18,0,0,0,319220,0
15122,8,1,0,0,177607,177608
15123,5,0,0,0,190686,190687
15124,16,0,0,0,254037,0
15125,16,0,0,0,254036,0
15126,16,0,0,0,254035,0
15127,1,0,0,0,165723,165724
15128,1,0,0,0,165721,165722
15129,19,0,0,0,319221,0
15130,19,0,0,0,319222,0
15131,6,1,0,0,136399,136400
15132,6,1,0,0,136401,136402
15133,16,0,0,0,254034,0
15134,16,0,0,0,254033,0
15135,16,0,0,0,254032,0
15137,16,0,0,0,254031,0
15138,16,0,0,0,254030,0
15139,3,0,0,0,319223,319224
15140,5,0,0,0,190684,190685
15141,5,0,0,0,190682,190683
15142,3,0,0,0,319225,319226
15143,3,0,0,0,319227,319228
15144,20,0,0,0,319229,0
15145,15,0,0,0,319230,0
15146,16,0,0,0,254029,0
15147,16,0,0,0,254028,0
15148,16,0,0,0,254027,0
15149,18,0,0,0,319231,0
15150,16,0,0,0,254026,0
15151,16,0,0,0,254025,0
15152,16,0,0,0,254024,0
15153,19,0,0,0,319232,0
15154,5,0,0,0,190680,190681
15155,1,0,0,0,165719,165720
15156,1,0,0,0,165717,165718
15157,1,0,0,0,165715,165716
15158,19,0,0,0,319233,0
15159,19,0,0,0,319234,0
15162,19,0,0,0,319235,0
15163,16,0,0,0,254023,0
15164,5,0,0,0,190678,190679
15165,16,0,0,0,254022,0
15166,16,0,0,0,254021,0
15167,18,0,0,0,319236,0
15168,7,0,0,0,182932,182933
15169,1,0,0,0,165713,165714
15170,19,0,0,0,319237,0
15171,1,0,0,0,165711,165712
15172,6,1,0,0,136403,136404
15174,16,0,0,0,254020,0
15175,16,0,0,0,254019,0
15176,16,0,0,0,254018,0
15177,16,0,0,0,254017,0
15178,16,0,0,0,254016,0
15179,5,1,0,0,148024,148025
15180,1,0,0,0,165709,165710
15181,1,1,0,0,134023,134024
15182,7,0,0,0,182930,182931
15183,11,0,0,0,131481,131482
15184,4,0,0,0,174854,174855
15185,11,1,0,0,150434,150435
15186,3,0,0,0,319238,319239
15187,4,1,0,0,144207,144208
15188,6,1,0,0,136405,136406
15189,6,1,0,0,136407,136408
15190,16,0,0,0,254015,0
15191,16,0,0,0,254014,0
15192,16,0,0,0,254013,0
15193,16,0,0,0,254012,0
15194,16,0,0,0,254011,0
15195,16,0,0,0,254010,0
15196,4,1,0,0,144205,144206
15197,19,0,0,0,319240,0
15198,3,1,0,0,117475,117476
15199,7,1,0,0,119024,119025
15200,5,0,0,0,190676,190677
15201,5,0,0,0,190674,190675
15202,5,1,0,0,148026,148027
15203,16,0,0,0,254009,0
15204,1,1,0,0,134025,134026
15205,5,0,0,0,190672,190673
15206,16,0,0,0,254008,0
15207,18,0,0,0,319241,0
15208,18,0,0,0,319242,0
15209,18,0,0,0,319243,0
15210,18,0,0,0,319244,0
15211,18,0,0,0,319245,0
15212,18,0,0,0,319246,0
15213,3,0,0,0,319247,319248
15214,11,0,0,0,131479,131480
15215,18,0,0,0,319249,0
15216,18,0,0,0,319250,0
15217,1,0,0,0,0,165708
15218,18,0,0,0,319251,0
15219,18,0,0,0,319252,0
15220,8,0,0,0,319253,328853
15221,18,0,0,0,319254,0
15222,18,0,0,0,319255,0
15223,18,0,0,0,319256,0
15224,18,0,0,0,319257,0
15225,18,0,0,0,319258,0
15226,5,0,0,0,190670,190671
15227,5,0,0,0,190668,190669
15228,5,1,0,0,148028,148029
15229,5,1,0,0,148030,148031
15230,5,0,0,0,190666,190667
15231,5,0,0,0,190664,190665
15232,16,0,0,0,254007,0
15233,16,0,0,0,254006,0
15234,16,0,0,0,254005,0
15236,16,0,0,0,254004,0
15237,16,0,0,0,254003,0
15238,16,0,0,0,254002,0
15239,16,0,0,0,254001,0
15240,16,0,0,0,254000,0
15241,16,0,0,0,253999,0
15242,16,0,0,0,253998,0
15243,16,0,0,0,253997,0
15244,16,0,0,0,253996,0
15245,16,0,0,0,253995,0
15246,16,0,0,0,253994,0
15247,16,0,0,0,253993,0
15248,16,0,0,0,253992,0
15249,16,0,0,0,253991,0
15250,16,0,0,0,253990,0
15251,16,0,0,0,253989,0
15252,16,0,0,0,253988,0
15253,16,0,0,0,253987,0
15254,18,0,0,0,319259,0
15255,18,0,0,0,319260,0
15256,18,0,0,0,319261,0
15257,18,0,0,0,319262,0
15258,18,0,0,0,319263,0
15259,18,0,0,0,319264,0
15260,18,0,0,0,319265,0
15261,18,0,0,0,319266,0
15262,18,0,0,0,319267,0
15263,18,0,0,0,319268,0
15264,18,0,0,0,319269,0
15265,18,0,0,0,319270,0
15266,18,0,0,0,319271,0
15267,18,0,0,0,319272,0
15268,21,0,0,0,319273,0
15269,18,0,0,0,319274,0
15270,5,0,0,0,190662,190663
15271,18,0,0,0,319275,0
15272,10,1,0,0,211087,211088
15273,1,0,0,0,165705,165706
15274,16,0,0,0,253986,0
15275,4,0,0,0,174852,174853
15276,1,0,0,0,165703,165704
15277,16,0,0,0,253985,0
15278,16,0,0,0,253984,0
15279,18,0,0,0,319276,0
15280,1,0,0,0,0,165702
15281,1,0,0,0,165699,165700
15282,1,1,0,0,134027,134028
15283,3,0,0,0,319277,319278
15284,5,0,0,0,190660,190661
15285,5,1,0,0,148032,148033
15286,7,0,0,0,182928,182929
15287,3,1,0,0,117477,117478
15288,7,1,0,0,119022,119023
15289,9,1,0,0,319279,0
15290,9,0,0,0,319280,0
15291,4,0,0,0,174850,174851
15292,4,1,0,0,144203,144204
15293,10,1,0,0,211085,211086
15294,10,0,0,0,211627,211629
15295,2,0,0,0,171682,171683
15296,8,0,0,0,158331,158332
15297,6,0,0,0,115087,115088
15298,2,1,0,0,113739,113740
15299,8,1,0,0,177605,177606
15300,6,1,0,0,136409,136410
15302,11,0,0,0,131477,131478
15303,11,1,0,0,150436,150437
15304,1,0,0,0,165696,165698
15305,3,0,0,0,319281,319282
15306,1,1,0,0,134029,134030
15307,1,0,0,0,165694,165695
15308,3,0,0,0,319283,319284
15309,19,0,0,0,319285,0
15310,9,1,0,0,319286,0
15311,3,0,0,0,319287,319288
15312,3,0,0,0,319289,319290
15313,3,0,0,0,319291,319292
15314,3,0,0,0,319293,319294
15315,9,0,0,0,319295,0
15316,9,0,0,0,319296,0
15317,6,0,0,0,115089,115090
15318,5,0,0,0,190658,190659
15319,10,1,0,0,211083,211084
15320,1,1,0,0,134031,134032
15321,7,0,0,0,182926,182927
15322,10,0,0,0,211624,211626
15323,1,0,0,0,165692,165693
15324,5,1,0,0,148034,148035
15325,9,1,0,0,319297,0
15326,9,0,0,0,319298,0
15327,9,1,0,0,319299,0
15328,9,1,0,0,319300,0
15329,4,0,0,0,174848,174849
15330,3,0,0,0,319301,319302
15331,1,0,0,0,165690,165691
15332,1,0,0,0,165688,165689
15333,3,0,0,0,319303,319304
15334,5,0,0,0,190656,190657
15335,3,0,0,0,319305,319306
15336,3,0,0,0,319307,319308
15337,1,0,0,0,165686,165687
15338,3,0,0,0,319309,319310
15339,1,0,0,0,165684,165685
15340,4,0,0,0,174846,174847
15341,2,0,0,0,171680,171681
15342,2,0,0,0,171678,171679
15343,2,0,0,0,171676,171677
15344,8,0,0,0,158329,158330
15345,3,0,0,0,319311,319312
15346,3,0,0,0,319313,319314
15347,3,0,0,0,319315,319316
15348,3,0,0,0,319317,319318
15349,3,0,0,0,319319,319320
15350,5,1,0,0,148036,148037
15351,18,0,0,0,319321,0
15352,18,0,0,0,319322,0
15353,18,0,0,0,319323,0
15354,18,0,0,0,319324,0
15355,18,0,0,0,319325,0
15356,18,0,0,0,319326,0
15357,3,0,0,0,319327,319328
15358,18,0,0,0,319329,0
15359,18,0,0,0,319330,0
15360,5,1,0,0,148038,148039
15361,9,0,0,0,319331,0
15362,9,0,0,0,319332,0
15363,2,0,0,0,171674,171675
15364,2,0,0,0,171672,171673
15365,2,0,0,0,171670,171671
15366,8,0,0,0,158327,158328
15367,8,0,0,0,158325,158326
15368,8,0,0,0,158323,158324
15369,9,0,0,0,319333,0
15370,9,0,0,0,319334,0
15371,2,1,0,0,113737,113738
15372,1,1,0,0,134033,134034
15373,9,0,0,0,319335,0
15374,9,0,0,0,319336,0
15375,1,0,0,0,165682,165683
15376,1,0,0,0,165680,165681
15377,7,1,0,0,119020,119021
15378,7,0,0,0,182924,182925
15379,7,1,0,0,119018,119019
15380,7,0,0,0,182922,182923
15381,10,0,0,0,211621,211622
15382,1,1,0,0,134035,134036
15383,1,1,0,0,134037,134038
15384,1,0,0,0,165678,165679
15385,1,0,0,0,165676,165677
15386,1,1,0,0,134039,134040
15387,1,0,0,0,165674,165675
15388,1,1,0,0,134041,134042
15389,1,0,0,0,165672,165673
15390,1,0,0,0,165670,165671
15391,9,0,0,0,319337,0
15393,5,0,0,0,190654,190655
15394,5,0,0,0,190652,190653
15395,5,0,0,0,190650,190651
15396,5,0,0,0,190648,190649
15397,5,1,0,0,148040,148041
15398,1,0,0,0,165668,165669
15399,1,0,0,0,165666,165667
15400,18,0,0,0,319338,0
15401,14,0,0,0,319339,0
15402,10,0,0,0,211617,211619
15403,10,1,0,0,211081,211082
15404,10,0,0,0,211614,211616
15405,1,0,0,0,165664,165665
15406,9,0,0,0,319340,0
15407,1,0,0,0,165662,165663
15408,9,0,0,0,319341,0
15409,16,0,0,0,253983,0
15410,9,0,0,0,319342,0
15411,1,1,0,0,134043,134044
15412,10,1,0,0,211079,211080
15413,10,0,0,0,211585,211587
15414,11,1,0,0,150438,150439
15415,11,0,0,0,131475,131476
15416,3,1,0,0,117479,117480
15417,3,0,0,0,319343,319344
15418,7,1,0,0,119016,119017
15419,7,0,0,0,182920,182921
15420,4,1,0,0,144201,144202
15421,4,0,0,0,174844,174845
15422,2,0,0,0,171668,171669
15423,2,1,0,0,113735,113736
15424,6,1,0,0,136411,136412
15425,6,0,0,0,115091,115092
15426,8,1,0,0,177603,177604
15427,8,0,0,0,158321,158322
15428,5,1,0,0,148042,148043
15429,5,0,0,0,190646,190647
15430,2,0,0,0,171666,171667
15431,1,0,0,0,165660,165661
15432,1,0,0,0,165658,165659
15433,1,0,0,0,165654,165655
15434,16,0,0,0,253982,0
15435,16,0,0,0,253981,0
15436,19,0,0,0,319345,0
15437,1,0,0,0,165652,165653
15438,1,1,0,0,134045,134046
15439,19,0,0,0,319346,0
15440,19,0,0,0,319347,0
15441,6,1,0,0,136413,136414
15442,10,1,0,0,211077,211078
15443,3,0,0,0,319348,319349
15444,3,0,0,0,319350,319351
15445,9,0,0,0,319352,0
15446,6,1,0,0,136415,136416
15447,4,1,0,0,144199,144200
15448,19,0,0,0,319353,0
15449,4,1,0,0,144197,144198
15450,4,1,0,0,144195,144196
15451,4,1,0,0,144193,144194
15452,4,0,0,0,174842,174843
15453,1,1,0,0,134047,134048
15454,1,0,0,0,165650,165651
15455,3,1,0,0,117481,117482
15456,3,0,0,0,319354,319355
15457,3,0,0,0,319356,319357
15461,1,0,0,0,165648,165649
15464,5,0,0,0,190644,190645
15465,16,0,0,0,253980,0
15466,16,0,0,0,253979,0
15467,16,0,0,0,253978,0
15468,7,1,0,0,119014,119015
15469,1,0,0,0,165646,165647
15470,1,0,0,0,191332,191333
15471,1,0,0,0,165644,165645
15472,3,0,0,0,319358,319359
15473,3,0,0,0,319360,319361
15474,16,0,0,0,253977,0
15475,16,0,0,0,253976,0
15476,16,0,0,0,253975,0
15477,16,0,0,0,253974,0
15478,1,0,0,0,165642,165643
15479,1,1,0,0,134049,134050
15480,1,0,0,0,165640,165641
15481,11,0,0,0,131473,131474
15482,7,0,0,0,182918,182919
15483,3,1,0,0,117483,117484
15484,1,0,0,0,165638,165639
15485,1,0,0,0,165636,165637
15486,1,0,0,0,165634,165635
15487,1,0,0,0,165632,165633
15488,1,1,0,0,134051,134052
15490,3,0,0,0,319362,319363
15491,1,1,0,0,134053,134054
15492,1,1,0,0,134055,134056
15493,1,0,0,0,165630,165631
15494,10,0,0,0,211582,211584
15495,7,0,0,0,182916,182917
15496,1,0,0,0,165628,165629
15497,1,0,0,0,165626,165627
15498,1,0,0,0,165624,165625
15499,3,1,0,0,117485,117486
15500,1,1,0,0,134057,134058
15501,1,0,0,0,165622,165623
15502,1,0,0,0,165620,165621
15503,10,1,0,0,211075,211076
15504,10,0,0,0,211579,211580
15505,11,1,0,0,150440,150441
15506,10,0,0,0,211575,211577
15507,4,1,0,0,144191,144192
15508,1,1,0,0,134059,134060
15509,3,0,0,0,319364,319365
15510,2,0,0,0,171664,171665
15511,2,1,0,0,113733,113734
15512,3,1,0,0,117487,117488
15513,4,0,0,0,174840,174841
15514,4,1,0,0,144189,144190
15515,5,0,0,0,190642,190643
15516,5,1,0,0,148044,148045
15517,6,0,0,0,115093,115094
15518,6,1,0,0,136417,136418
15519,7,0,0,0,182914,182915
15520,7,1,0,0,119012,119013
15521,8,0,0,0,158319,158320
15522,8,1,0,0,177601,177602
15523,10,0,0,0,211572,211574
15524,10,1,0,0,211073,211074
15525,11,0,0,0,131471,131472
15526,11,1,0,0,150442,150443
15527,7,1,0,0,119010,119011
15528,1,0,0,0,165618,165619
15529,20,0,0,0,319366,0
15530,16,0,0,0,253973,0
15531,16,0,0,0,253972,0
15532,16,0,0,0,253971,0
15533,16,0,0,0,253970,0
15534,1,1,0,0,134061,134062
15535,14,0,0,0,319367,0
15536,2,0,0,0,171662,171663
15537,1,0,0,0,165616,165617
15538,8,1,0,0,177599,177600
15539,6,0,0,0,115095,115096
15540,1,0,0,0,165614,165615
15541,9,0,0,0,319368,0
15543,9,0,0,0,319369,0
15544,9,1,0,0,319370,0
15545,9,0,0,0,319371,0
15546,9,0,0,0,319372,0
15547,9,0,0,0,319373,0
15548,9,0,0,0,319374,0
15550,4,1,0,0,144187,144188
15551,10,0,0,0,211569,211570
15552,10,0,0,0,211565,211567
15553,10,1,0,0,211071,211072
15554,10,1,0,0,211069,211070
15555,11,0,0,0,131469,131470
15556,10,0,0,0,211562,211564
15557,10,1,0,0,211067,211068
15558,10,0,0,0,211558,211560
15559,10,0,0,0,211555,211557
15560,10,0,0,0,211551,211553
15561,10,0,0,0,211548,211550
15562,10,1,0,0,211065,211066
15563,10,1,0,0,211063,211064
15564,10,1,0,0,211061,211062
15565,10,1,0,0,211059,211060
15566,11,0,0,0,131467,131468
15567,11,0,0,0,131465,131466
15568,11,0,0,0,131463,131464
15569,11,0,0,0,131461,131462
15570,11,1,0,0,150444,150445
15571,11,1,0,0,150446,150447
15572,11,1,0,0,150448,150449
15573,11,1,0,0,150450,150451
15574,10,0,0,0,211544,211546
15575,10,0,0,0,211541,211543
15576,10,1,0,0,211057,211058
15577,10,1,0,0,211055,211056
15578,10,0,0,0,211537,211539
15579,10,0,0,0,211534,211536
15580,10,1,0,0,211053,211054
15581,10,1,0,0,211051,211052
15582,10,0,0,0,211531,211532
15583,10,0,0,0,211527,211529
15584,10,1,0,0,211049,211050
15585,10,1,0,0,211047,211048
15586,13,1,0,0,262204,0
15587,13,1,0,0,262205,0
15588,13,1,0,0,262206,0
15589,13,1,0,0,262207,0
15590,13,0,0,0,258709,0
15591,13,0,0,0,258710,0
15592,13,0,0,0,258711,0
15593,13,0,0,0,258712,0
15594,10,0,0,0,211523,211525
15595,10,0,0,0,211520,211522
15596,10,1,0,0,211045,211046
15597,10,1,0,0,211043,211044
15598,10,0,0,0,211517,211518
15599,10,0,0,0,211513,211515
15600,10,1,0,0,211041,211042
15601,10,1,0,0,211039,211040
15602,10,0,0,0,211511,211512
15603,10,0,0,0,211509,211510
15604,10,1,0,0,211037,211038
15605,10,1,0,0,211035,211036
15606,10,0,0,0,211507,211508
15607,10,0,0,0,211505,211506
15608,10,1,0,0,211033,211034
15609,10,1,0,0,211031,211032
15610,1,0,0,0,165612,165613
15611,10,0,0,0,211503,211504
15612,9,1,0,0,319375,0
15613,1,0,0,0,165610,165611
15614,2,0,0,0,171660,171661
15615,10,0,0,0,211501,211502
15616,2,0,0,0,171658,171659
15617,10,1,0,0,211029,211030
15618,10,1,0,0,211027,211028
15619,11,0,0,0,131459,131460
15620,15,0,0,0,319376,0
15621,15,0,0,0,319377,0
15622,6,1,0,0,136419,136420
15623,4,1,0,0,144185,144186
15624,4,0,0,0,174838,174839
15625,4,1,0,0,144183,144184
15626,4,1,0,0,144181,144182
15627,4,1,0,0,144179,144180
15628,4,1,0,0,144177,144178
15629,4,1,0,0,144175,144176
15630,4,0,0,0,174836,174837
15631,4,0,0,0,174834,174835
15632,10,1,0,0,211025,211026
15633,11,0,0,0,131457,131458
15634,10,0,0,0,211499,211500
15635,11,1,0,0,150452,150453
15636,10,1,0,0,211023,211024
15637,11,0,0,0,131455,131456
15638,10,0,0,0,211497,211498
15639,11,1,0,0,150454,150455
15640,4,1,0,0,144173,144174
15641,4,1,0,0,144171,144172
15642,4,1,0,0,144169,144170
15643,4,1,0,0,144167,144168
15644,4,0,0,0,174832,174833
15645,4,0,0,0,174830,174831
15646,10,0,0,0,211495,211496
15647,10,1,0,0,211021,211022
15648,4,1,0,0,144165,144166
15649,10,0,0,0,211493,211494
15650,10,0,0,0,211491,211492
15651,10,1,0,0,211019,211020
15652,10,1,0,0,211017,211018
15653,10,0,0,0,211489,211490
15654,4,1,0,0,144163,144164
15655,4,1,0,0,144161,144162
15656,4,1,0,0,144159,144160
15657,4,1,0,0,144157,144158
15659,4,1,0,0,144155,144156
15660,9,0,0,0,319378,0
15661,9,0,0,0,319379,0
15662,9,1,0,0,319380,0
15663,9,0,0,0,319381,0
15664,9,1,0,0,319382,0
15665,9,0,0,0,319383,0
15666,9,0,0,0,319384,0
15667,9,1,0,0,319385,0
15668,8,0,0,0,158315,158316
15669,3,0,0,0,319386,319387
15670,1,0,0,0,165608,165609
15671,9,1,0,0,319388,0
15672,9,0,0,0,319389,0
15673,9,0,0,0,319390,0
15674,9,0,0,0,319391,0
15675,9,0,0,0,319392,0
15676,9,0,0,0,319393,0
15677,6,0,0,0,115097,115098
15679,5,0,0,0,190640,190641
15680,9,1,0,0,319394,0
15681,9,0,0,0,319395,0
15682,9,0,0,0,319396,0
15683,9,1,0,0,319397,0
15684,9,1,0,0,319398,0
15685,9,0,0,0,319399,0
15686,10,1,0,0,211015,211016
15687,11,0,0,0,131453,131454
15688,10,1,0,0,211013,211014
15690,10,1,0,0,211011,211012
15691,10,1,0,0,211009,211010
15693,10,1,0,0,211007,211008
15694,10,0,0,0,211487,211488
15695,10,0,0,0,211485,211486
15696,10,0,0,0,211483,211484
15697,10,0,0,0,211481,211482
15698,11,1,0,0,150456,150457
15699,11,1,0,0,150458,150459
15700,10,0,0,0,211479,211480
15701,11,1,0,0,150460,150461
15702,11,1,0,0,150462,150463
15703,11,0,0,0,131451,131452
15704,11,0,0,0,131449,131450
15705,11,0,0,0,131447,131448
15706,11,0,0,0,131445,131446
15707,10,0,0,0,211468,211469
15711,10,0,0,0,211467,211478
15712,11,0,0,0,131443,131444
15713,10,0,0,0,211465,211466
15714,10,0,0,0,211463,211464
15715,10,0,0,0,211461,211462
15716,10,0,0,0,211459,211460
15717,10,0,0,0,211457,211458
15718,10,1,0,0,211005,211006
15719,10,1,0,0,211003,211004
15720,10,1,0,0,211001,211002
15721,10,1,0,0,210999,211000
15722,1,0,0,0,165606,165607
15724,1,0,0,0,165604,165605
15725,2,0,0,0,171656,171657
15726,11,0,0,0,131441,131442
15727,11,0,0,0,131439,131440
15728,11,0,0,0,131437,131438
15729,2,0,0,0,171654,171655
15730,11,0,0,0,131435,131436
15731,11,1,0,0,150464,150465
15732,11,1,0,0,150466,150467
15733,11,1,0,0,150468,150469
15734,11,1,0,0,150470,150471
15735,1,0,0,0,165602,165603
15736,1,0,0,0,165600,165601
15737,6,0,0,0,115099,115100
15738,11,0,0,0,131433,131434
15739,10,0,0,0,211455,211456
15740,10,0,0,0,211453,211454
15741,10,1,0,0,210997,210998
15742,11,1,0,0,150472,150473
15743,11,0,0,0,131431,131432
15744,10,1,0,0,210995,210996
15745,11,0,0,0,131429,131430
15746,11,1,0,0,150474,150475
15747,11,0,0,0,131427,131428
15748,11,1,0,0,150476,150477
15749,11,0,0,0,131425,131426
15750,11,0,0,0,131423,131424
15751,10,0,0,0,211451,211452
15752,10,0,0,0,211449,211450
15753,10,1,0,0,210993,210994
15754,11,0,0,0,131421,131422
15755,11,1,0,0,150478,150479
15756,8,0,0,0,158313,158314
15757,10,0,0,0,211447,211448
15758,16,0,0,0,253969,0
15759,1,0,0,0,165598,165599
15760,1,0,0,0,165596,165597
15761,3,1,0,0,117489,117490
15762,1,0,0,0,165594,165595
15763,16,0,0,0,253968,0
15764,1,0,0,0,165592,165593
15765,1,0,0,0,165590,165591
15766,1,0,0,0,165588,165589
15767,1,0,0,0,165586,165587
15768,3,0,0,0,319400,319401
15769,1,1,0,0,134063,134064
15770,1,1,0,0,134065,134066
15771,1,1,0,0,134067,134068
15772,11,1,0,0,150480,150481
15773,10,0,0,0,211445,211446
15774,3,0,0,0,319402,319403
15775,3,0,0,0,319404,319405
15776,3,0,0,0,319406,319407
15777,3,0,0,0,319408,319409
15778,3,0,0,0,319410,319411
15779,2,0,0,0,171652,171653
15780,2,0,0,0,171650,171651
15782,6,0,0,0,115101,115102
15783,8,0,0,0,158311,158312
15784,10,0,0,0,211443,211444
15785,6,1,0,0,136421,136422
15786,5,0,0,0,190638,190639
15787,2,1,0,0,113731,113732
15788,2,0,0,0,171648,171649
15789,10,1,0,0,210991,210992
15790,10,1,0,0,210989,210990
15791,2,0,0,0,171646,171647
15794,7,1,0,0,119008,119009
15795,1,0,0,0,165584,165585
15796,1,0,0,0,165582,165583
15797,1,1,0,0,134069,134070
15798,1,1,0,0,134071,134072
15799,1,1,0,0,134073,134074
15800,1,0,0,0,165580,165581
15801,2,0,0,0,171644,171645
15802,2,0,0,0,171642,171643
15803,2,0,0,0,152499,152500
15804,2,0,0,0,171640,171641
15805,2,0,0,0,171638,171639
15806,2,0,0,0,171636,171637
15807,11,0,0,0,131419,131420
15808,2,0,0,0,171634,171635
15809,2,0,0,0,171632,171633
15810,2,0,0,0,171630,171631
15811,9,0,0,0,319412,0
15812,9,0,0,0,319413,0
15813,5,0,0,0,190636,190637
15814,2,0,0,0,171628,171629
15815,5,0,0,0,190634,190635
15816,4,1,0,0,144153,144154
15817,3,0,0,0,319414,319415
15818,6,1,0,0,136423,136424
15819,8,0,0,0,158309,158310
15820,1,0,0,0,165578,165579
15821,2,0,0,0,171626,171627
15822,2,0,0,0,171624,171625
15823,2,0,0,0,171622,171623
15824,7,0,0,0,182912,182913
15825,1,1,0,0,134075,134076
15826,11,0,0,0,131417,131418
15827,11,1,0,0,150482,150483
15828,1,0,0,0,165576,165577
15829,14,0,0,0,319416,0
15830,1,1,0,0,134077,134078
15831,1,1,0,0,134079,134080
15832,1,0,0,0,165574,165575
15833,1,0,0,0,165572,165573
15834,14,0,0,0,319417,0
15835,2,0,0,0,171620,171621
15836,8,0,0,0,158307,158308
15837,1,0,0,0,165570,165571
15838,1,0,0,0,165568,165569
15839,6,0,0,0,115103,115104
15840,2,1,0,0,113729,113730
15841,2,0,0,0,171618,171619
15842,10,0,0,0,211441,211442
15843,9,0,0,0,319418,0
15844,10,0,0,0,211439,211440
15845,9,1,0,0,319419,0
15846,9,1,0,0,319420,0
15847,10,1,0,0,210987,210988
15848,10,1,0,0,210985,210986
15849,5,0,0,0,190632,190633
15850,10,1,0,0,210983,210984
15851,1,0,0,0,165566,165567
15852,10,0,0,0,211437,211438
15853,10,0,0,0,211435,211436
15857,13,1,0,0,262208,0
15858,10,0,0,0,211433,211434
15859,10,0,0,0,211431,211432
15860,10,1,0,0,210981,210982
15861,10,1,0,0,210979,210980
15862,10,0,0,0,211429,211430
15863,10,0,0,0,211427,211428
15864,10,1,0,0,210977,210978
15865,10,1,0,0,210975,210976
15866,10,1,0,0,210973,210974
15867,10,1,0,0,210971,210972
15868,10,0,0,0,211425,211426
15869,10,0,0,0,211423,211424
15870,10,0,0,0,211421,211422
15871,10,1,0,0,210969,210970
15872,10,1,0,0,210967,210968
15873,1,0,0,0,165564,165565
15874,7,0,0,0,182910,182911
15875,10,1,0,0,210965,210966
15876,7,1,0,0,119006,119007
15877,1,1,0,0,134081,134082
15878,5,1,0,0,148046,148047
15879,8,0,0,0,158305,158306
15880,1,0,0,0,165562,165563
15881,5,0,0,0,190630,190631
15882,2,0,0,0,171616,171617
15883,5,0,0,0,190628,190629
15884,2,0,0,0,171614,171615
15885,2,0,0,0,171612,171613
15886,2,0,0,0,171610,171611
15887,2,1,0,0,113727,113728
15888,2,0,0,0,171608,171609
15889,2,1,0,0,113725,113726
15890,8,1,0,0,177597,177598
15891,8,0,0,0,158303,158304
15892,6,1,0,0,136425,136426
15893,6,0,0,0,115105,115106
15894,2,1,0,0,113723,113724
15895,5,0,0,0,190626,190627
15896,6,0,0,0,115107,115108
15897,2,0,0,0,171606,171607
15898,2,1,0,0,113721,113722
15899,5,0,0,0,190624,190625
15900,8,0,0,0,158301,158302
15901,1,0,0,0,165560,165561
15902,7,0,0,0,182908,182909
15903,8,0,0,0,158299,158300
15904,1,1,0,0,134083,134084
15905,5,1,0,0,148048,148049
15906,1,0,0,0,165558,165559
15907,6,0,0,0,115109,115110
15908,2,1,0,0,113719,113720
15909,1,0,0,0,165556,165557
15910,1,0,0,0,165554,165555
15911,3,0,0,0,319421,319422
15912,7,0,0,0,182906,182907
15913,1,1,0,0,134085,134086
15914,2,0,0,0,171604,171605
15915,4,1,0,0,144151,144152
15916,2,0,0,0,171602,171603
15917,5,1,0,0,148050,148051
15918,10,1,0,0,210963,210964
15919,19,0,0,0,319423,0
15920,19,0,0,0,319424,0
15921,6,1,0,0,136427,136428
15922,19,0,0,0,319425,0
15923,6,1,0,0,136429,136430
15924,5,0,0,0,190622,190623
15925,2,0,0,0,171600,171601
15926,10,0,0,0,130668,211420
15927,5,0,0,0,190620,190621
15928,5,0,0,0,190618,190619
15929,6,1,0,0,136431,136432
15930,6,0,0,0,115111,115112
15931,2,1,0,0,113717,113718
15932,10,1,0,0,210961,210962
15933,6,0,0,0,115113,115114
15934,5,0,0,0,190616,190617
15935,5,0,0,0,190614,190615
15936,2,0,0,0,171598,171599
15937,2,1,0,0,113715,113716
15938,6,0,0,0,115115,115116
15939,2,0,0,0,171596,171597
15940,2,0,0,0,171594,171595
15941,7,0,0,0,182904,182905
15942,7,1,0,0,119004,119005
15943,1,1,0,0,134087,134088
15944,10,0,0,0,211418,211419
15945,9,0,0,0,319426,0
15946,17,0,0,0,319427,0
15947,7,1,0,0,119002,119003
15948,1,0,0,0,165552,165553
15949,16,0,0,0,253967,0
15950,1,0,0,0,165550,165551
15951,16,0,0,0,253966,0
15952,16,0,0,0,253965,0
15953,16,0,0,0,253964,0
15954,16,0,0,0,253963,0
15955,16,0,0,0,253962,0
15956,16,0,0,0,253961,0
15957,6,0,0,0,115117,115118
15958,6,1,0,0,136433,136434
15959,19,0,0,0,319428,0
15960,2,0,0,0,171592,171593
15961,2,1,0,0,113713,113714
15962,5,0,0,0,190612,190613
15963,6,0,0,0,115119,115120
15964,2,0,0,0,171590,171591
15965,2,1,0,0,113711,113712
15966,5,0,0,0,190610,190611
15967,8,0,0,0,158297,158298
15968,10,1,0,0,210959,210960
15969,2,0,0,0,171588,171589
15970,2,1,0,0,113709,113710
15971,7,0,0,0,182902,182903
15972,7,0,0,0,182900,182901
15973,1,0,0,0,165548,165549
15974,1,1,0,0,134089,134090
15975,6,1,0,0,136435,136436
15976,2,0,0,0,171586,171587
15978,1,1,0,0,134091,134092
15979,1,1,0,0,134093,134094
15980,1,0,0,0,165546,165547
15981,1,0,0,0,165544,165545
15984,1,0,0,0,165542,165543
15985,2,0,0,0,171584,171585
15986,1,0,0,0,165540,165541
15987,1,1,0,0,134095,134096
15988,11,1,0,0,150484,150485
15990,11,0,0,0,131415,131416
15992,10,1,0,0,210957,210958
15993,10,0,0,0,211416,211417
15994,10,1,0,0,210955,210956
15995,19,0,0,0,319429,0
15996,7,0,0,0,182898,182899
15997,7,1,0,0,119000,119001
15998,7,1,0,0,118998,118999
15999,5,0,0,0,190608,190609
16000,1,0,0,0,165538,165539
16001,2,0,0,0,171582,171583
16002,1,0,0,0,165536,165537
16003,1,0,0,0,165534,165535
16004,11,0,0,0,131413,131414
16005,8,0,0,0,158295,158296
16006,7,0,0,0,182896,182897
16007,7,1,0,0,118996,118997
16008,2,0,0,0,171580,171581
16009,1,0,0,0,165532,165533
16010,7,0,0,0,182894,182895
16011,7,0,0,0,182892,182893
16012,7,1,0,0,118994,118995
16013,7,1,0,0,118992,118993
16014,7,0,0,0,182890,182891
16015,7,0,0,0,182888,182889
16016,7,1,0,0,118990,118991
16017,7,1,0,0,118988,118989
16018,1,1,0,0,134097,134098
16019,10,0,0,0,211414,211415
16020,7,0,0,0,182886,182887
16021,1,0,0,0,165530,165531
16022,6,0,0,0,115121,115122
16023,5,1,0,0,148052,148053
16024,1,0,0,0,165528,165529
16025,1,1,0,0,134099,134100
16026,7,0,0,0,182884,182885
16027,4,1,0,0,144149,144150
16028,4,0,0,0,174828,174829
16029,6,1,0,0,136437,136438
16030,7,0,0,0,182882,182883
16031,4,1,0,0,144147,144148
16032,6,0,0,0,115125,115126
16033,6,1,0,0,136439,136440
16034,3,0,0,0,319430,319431
16035,3,0,0,0,319432,319433
16036,2,0,0,0,171578,171579
16037,1,0,0,0,165526,165527
16038,10,0,0,0,211412,211413
16039,6,1,0,0,136441,136442
16040,8,1,0,0,177595,177596
16041,7,1,0,0,118986,118987
16042,1,0,0,0,165524,165525
16043,8,0,0,0,158293,158294
16044,13,0,0,0,258713,0
16045,1,0,0,0,165522,165523
16046,13,1,0,0,262209,0
16047,2,0,0,0,171576,171577
16048,3,0,0,0,319434,319435
16049,1,0,0,0,165520,165521
16050,7,0,0,0,182880,182881
16051,8,0,0,0,158291,158292
16052,10,1,0,0,210953,210954
16053,5,1,0,0,148054,148055
16054,9,0,0,0,319436,0
16055,14,0,0,0,319437,0
16056,1,0,0,0,165518,165519
16057,1,0,0,0,165516,165517
16058,1,0,0,0,165514,165515
16059,1,0,0,0,165512,165513
16060,1,0,0,0,165510,165511
16061,7,0,0,0,182878,182879
16062,9,0,0,0,319438,0
16063,10,1,0,0,210951,210952
16064,11,0,0,0,131411,131412
16065,7,1,0,0,118984,118985
16066,4,0,0,0,174826,174827
16067,9,0,0,0,319439,0
16068,9,1,0,0,319440,0
16069,5,0,0,0,190606,190607
16070,5,0,0,0,190604,190605
16071,3,1,0,0,117491,117492
16072,4,1,0,0,144145,144146
16073,1,0,0,0,165508,165509
16074,9,0,0,0,319441,0
16075,8,0,0,0,158288,158289
16076,14,0,0,0,319442,0
16077,7,0,0,0,182876,182877
16078,11,1,0,0,150486,150487
16079,9,0,0,0,319443,0
16080,18,0,0,0,319444,0
16081,14,0,0,0,319445,0
16082,19,0,0,0,319446,0
16083,1,0,0,0,165506,165507
16084,1,0,0,0,165504,165505
16085,3,0,0,0,319447,319448
16086,2,0,0,0,171574,171575
16087,5,0,0,0,190602,190603
16088,19,0,0,0,319449,0
16089,1,0,0,0,165502,165503
16090,3,0,0,1,319450,319451
16091,2,0,0,0,171572,171573
16092,1,1,0,0,134101,134102
16093,9,0,0,0,319452,0
16094,10,0,0,0,211410,211411
16095,9,0,0,0,319453,0
16096,11,0,0,0,131409,131410
16097,10,0,0,0,211408,211409
16098,10,0,0,0,211406,211407
16099,10,1,0,0,210949,210950
16100,10,1,0,0,210947,210948
16101,10,0,0,0,211404,211405
16102,10,0,0,0,211402,211403
16103,10,1,0,0,210945,210946
16104,10,1,0,0,210943,210944
16105,10,0,0,0,211400,211401
16106,10,0,0,0,211398,211399
16107,10,1,0,0,210941,210942
16108,10,1,0,0,210915,210940
16109,10,0,0,0,211396,211397
16110,10,0,0,0,211394,211395
16111,10,1,0,0,210913,210914
16112,10,1,0,0,210938,210939
16113,10,0,0,0,211392,211393
16114,10,0,0,0,211390,211391
16115,10,1,0,0,210936,210937
16116,10,1,0,0,210912,210935
16117,10,0,0,0,211388,211389
16118,10,0,0,0,211386,211387
16119,10,1,0,0,210910,210911
16120,10,1,0,0,210908,210909
16121,10,0,0,0,211384,211385
16122,10,0,0,0,211382,211383
16123,10,1,0,0,210906,210907
16124,10,1,0,0,210904,210905
16125,1,0,0,0,165500,165501
16126,19,0,0,0,319454,0
16127,1,1,0,0,134103,134104
16128,10,0,0,0,211380,211381
16129,11,1,0,0,150488,150489
16130,10,1,0,0,210902,210903
16131,11,0,0,0,131407,131408
16132,1,0,0,0,165498,165499
16180,19,0,0,0,319455,0
16181,19,0,0,0,319456,0
16182,6,1,0,0,136443,136444
16183,19,0,0,0,319457,0
16184,13,0,0,0,258714,0
16185,13,1,0,0,262210,0
16186,19,0,0,0,319458,0
16187,19,0,0,0,319459,0
16188,6,1,0,0,136445,136446
16189,6,1,0,0,136447,136448
16190,1,0,0,0,165496,165497
16191,1,0,0,0,165494,165495
16192,1,1,0,0,0,134106
16193,10,0,0,0,211378,211379
16194,1,0,0,0,165492,165493
16195,5,0,0,0,0,190601
16196,2,0,0,0,171570,171571
16197,3,0,0,0,319460,319461
16198,7,0,0,0,182874,182875
16199,8,0,0,0,158286,158287
16200,2,1,0,0,113791,113792
16201,7,1,0,0,118982,118983
16202,3,1,0,0,117493,117494
16203,5,1,0,0,148056,148057
16204,4,0,0,0,174824,174825
16205,6,1,0,0,136449,136450
16206,4,1,0,0,144143,144144
16207,6,0,0,0,115127,115128
16208,8,1,0,0,177593,177594
16209,11,1,0,0,150490,150491
16212,9,0,0,0,319462,0
16213,1,1,0,0,134107,134108
16214,1,0,0,0,165490,165491
16215,14,0,0,0,319463,0
16216,1,0,0,0,165488,165489
16217,1,0,0,0,165486,165487
16218,1,0,0,0,165484,165485
16219,1,1,0,0,134109,134110
16220,1,1,0,0,134111,134112
16221,3,0,0,0,319464,319465
16222,3,0,0,0,319466,319467
16223,1,0,0,0,165482,165483
16224,1,0,0,0,165480,165481
16225,5,0,0,0,190598,190599
16226,10,0,0,0,211376,211377
16227,1,1,0,0,134113,134114
16228,10,1,0,0,210900,210901
16229,11,0,0,0,131405,131406
16230,11,1,0,0,150492,150493
16231,1,0,0,0,165478,165479
16232,1,1,0,0,134115,134116
16233,3,1,0,0,117495,117496
16243,8,0,0,0,158284,158285
16244,3,0,0,0,319468,319469
16245,1,0,0,0,165476,165477
16246,9,0,0,0,319470,0
16247,3,0,0,0,319471,319472
16248,10,0,0,0,211374,211375
16249,7,1,0,0,118980,118981
16250,8,0,0,0,158282,158283
16251,5,1,0,0,0,148059
16252,3,0,0,0,319473,319474
16253,9,0,0,0,319475,0
16254,2,1,0,0,113789,113790
16255,6,0,0,0,115129,115130
16256,3,1,0,0,117497,117498
16257,9,0,0,0,319476,0
16258,9,0,0,0,319477,0
16259,9,0,0,0,319478,0
16260,9,1,0,0,319479,0
16261,9,1,0,0,319480,0
16262,3,0,0,0,319481,319482
16263,9,1,0,0,319483,0
16264,9,1,0,0,319484,0
16265,3,0,0,0,319485,319486
16266,3,0,0,0,319487,319488
16267,2,0,0,0,171568,171569
16268,1,0,0,0,165474,165475
16269,1,0,0,0,165472,165473
16270,2,0,0,0,171566,171567
16271,4,1,0,0,144141,144142
16272,1,0,0,0,165470,165471
16273,6,1,0,0,136451,136452
16274,6,1,0,0,136453,136454
16275,6,1,0,0,136455,136456
16276,6,1,0,0,136457,136458
16277,19,0,0,0,319489,0
16278,19,0,0,0,319490,0
16279,19,0,0,0,319491,0
16280,19,0,0,0,319492,0
16281,6,1,0,0,136459,136460
16282,2,0,0,0,171564,171565
16283,8,0,0,0,158280,158281
16284,2,0,0,0,171562,171563
16285,3,0,0,0,319493,319494
16287,1,0,0,0,165468,165469
16288,1,1,0,0,134117,134118
16290,10,1,0,0,210898,210899
16291,1,0,0,0,165466,165467
16292,1,0,0,0,165464,165465
16293,1,1,0,0,134119,134120
16294,1,0,0,0,165462,165463
16295,2,0,0,0,171560,171561
16296,1,0,0,0,165460,165461
16297,6,1,0,0,136461,136462
16298,19,0,0,0,319495,0
16299,18,0,0,0,319496,0
16300,18,0,0,0,319497,0
16301,18,0,0,0,319498,0
16302,18,0,0,0,319499,0
16303,18,0,0,0,319500,0
16304,18,0,0,0,268780,0
16305,18,0,0,0,319501,0
16306,18,0,0,0,319502,0
16307,18,0,0,0,319503,0
16308,18,0,0,0,319504,0
16309,18,0,0,0,319505,0
16310,18,0,0,0,319506,0
16311,18,0,0,0,319507,0
16312,18,0,0,0,319508,0
16313,1,0,0,0,165458,165459
16314,1,0,0,0,165456,165457
16315,10,1,0,0,210896,210897
16316,11,0,0,0,131403,131404
16318,1,0,0,0,165454,165455
16319,4,1,0,0,144139,144140
16321,2,0,0,0,171558,171559
16322,10,0,0,0,211372,211373
16323,3,1,0,0,117499,117500
16324,4,1,0,0,144137,144138
16325,4,1,0,0,144135,144136
16326,4,1,0,0,144133,144134
16327,4,1,0,0,144131,144132
16328,4,1,0,0,144129,144130
16329,10,0,0,0,211370,211371
16330,1,0,0,0,165452,165453
16331,6,1,0,0,136463,136464
16333,2,0,0,0,171556,171557
16334,2,1,0,0,113787,113788
16335,1,0,0,0,165450,165451
16336,1,1,0,0,134121,134122
16337,2,0,0,0,171554,171555
16338,2,0,0,0,171552,171553
16339,2,0,0,0,171550,171551
16340,2,0,0,0,171548,171549
16341,18,0,0,0,319509,0
16342,18,0,0,0,319510,0
16343,18,0,0,0,319511,0
16344,18,0,0,0,319512,0
16345,18,0,0,0,319513,0
16346,18,0,0,0,319514,0
16347,18,0,0,0,319515,0
16348,18,0,0,0,319516,0
16349,18,0,0,0,319517,0
16350,18,0,0,0,319518,0
16351,18,0,0,0,319519,0
16352,18,0,0,0,319520,0
16353,18,0,0,0,319521,0
16354,18,0,0,0,319522,0
16355,18,0,0,0,319523,0
16356,18,0,0,0,319524,0
16357,18,0,0,0,319525,0
16358,18,0,0,0,319526,0
16359,18,0,0,0,319527,0
16360,18,0,0,0,319528,0
16361,18,0,0,0,319529,0
16362,18,0,0,0,319530,0
16363,18,0,0,0,319531,0
16364,18,0,0,0,319532,0
16365,18,0,0,0,319533,0
16366,6,0,0,0,115131,115132
16367,7,0,0,0,182872,182873
16368,5,0,0,0,190596,190597
16370,5,0,0,0,190594,190595
16371,1,1,0,0,134123,134124
16372,1,0,0,0,165448,165449
16373,1,1,0,0,134125,134126
16374,1,0,0,0,165446,165447
16375,1,0,0,0,165444,165445
16376,5,0,0,0,190592,190593
16378,5,1,0,0,148060,148061
16379,1,1,0,0,134127,134128
16380,11,1,0,0,150494,150495
16381,2,0,0,0,171546,171547
16382,2,0,0,0,171544,171545
16383,6,0,0,0,115133,115134
16384,10,0,0,0,211368,211369
16385,8,0,0,0,158278,158279
16386,10,1,0,0,210894,210895
16387,2,0,0,0,171542,171543
16388,2,0,0,0,171540,171541
16389,2,0,0,0,171538,171539
16390,6,1,0,0,136465,136466
16391,2,0,0,0,171536,171537
16392,2,0,0,0,171534,171535
16393,6,0,0,0,115135,115136
16394,1,0,0,0,165442,165443
16395,2,0,0,0,171532,171533
16396,2,0,0,0,171530,171531
16397,2,1,0,0,113785,113786
16398,7,1,0,0,118978,118979
16399,5,0,0,0,190590,190591
16400,9,0,0,0,148062,0
16401,5,1,0,0,148064,148065
16402,7,0,0,0,182870,182871
16403,7,1,0,0,118976,118977
16404,7,0,0,0,182868,182869
16405,7,1,0,0,118974,118975
16406,2,0,0,0,171528,171529
16407,10,0,6,0,211366,211367
16408,7,0,0,0,182866,182867
16409,7,1,0,0,118972,118973
16410,7,0,0,0,182864,182865
16411,7,0,0,0,182862,182863
16412,2,0,0,0,171526,171527
16413,6,1,0,0,136467,136468
16414,5,0,0,0,190588,190589
16415,10,1,0,0,210892,210893
16416,1,0,0,0,165440,165441
16417,5,1,0,0,148066,148067
16418,19,0,0,0,319534,0
16419,2,0,0,0,171524,171525
16420,9,0,0,0,319535,0
16421,9,1,0,0,319536,0
16422,9,0,0,0,319537,0
16423,2,0,0,0,171522,171523
16424,1,1,0,0,134129,134130
16425,19,0,0,0,319538,0
16426,19,0,0,0,319539,0
16427,6,1,0,0,0,136470
16428,6,1,0,0,0,136472
16429,19,0,0,0,319540,0
16430,6,1,0,0,136473,136474
16431,6,1,0,0,136475,136476
16432,19,0,0,0,319541,0
16433,6,1,0,0,136477,136478
16434,19,0,0,0,319542,0
16435,6,1,0,0,136479,136480
16436,19,0,0,0,319543,0
16437,1,0,0,0,165438,165439
16438,19,0,0,0,319544,0
16439,5,0,0,0,190586,190587
16440,7,0,0,0,182860,182861
16441,19,0,0,0,319545,0
16442,7,0,0,0,182858,182859
16443,7,1,0,0,118970,118971
16444,7,1,0,0,118968,118969
16445,1,1,0,0,134131,134132
16446,1,0,0,0,165436,165437
16447,1,0,0,0,165434,165435
16448,19,0,0,0,319546,0
16449,19,0,0,0,319547,0
16450,19,0,0,0,319548,0
16451,6,1,0,0,136481,136482
16452,1,1,0,0,134133,134134
16453,9,0,0,0,319549,0
16454,9,0,0,0,319550,0
16455,9,0,0,0,319551,0
16456,9,1,0,0,319552,0
16457,9,1,0,0,319553,0
16458,9,0,0,0,319554,0
16459,9,1,0,0,319555,0
16460,9,1,0,0,319556,0
16461,9,0,0,0,319557,0
16462,9,0,0,0,319558,0
16463,1,0,0,0,165432,165433
16464,3,1,0,0,117501,117502
16465,8,0,0,0,158276,158277
16466,7,0,0,0,182856,182857
16467,7,0,0,0,182854,182855
16468,17,0,0,0,319559,0
16469,7,1,0,0,118966,118967
16470,7,1,0,0,118964,118965
16471,17,0,0,0,319560,0
16472,17,0,0,0,319561,0
16473,17,0,0,0,319562,0
16474,17,0,0,0,319563,0
16475,17,0,0,0,319564,0
16476,3,1,0,0,117503,117504
16477,1,0,0,0,165430,165431
16478,10,0,0,0,211364,211365
16479,1,1,0,0,134135,134136
16480,2,1,0,0,113783,113784
16481,7,0,0,0,182852,182853
16482,10,1,0,0,210890,210891
16483,1,1,0,0,134137,134138
16484,1,0,0,0,165428,165429
16485,2,0,0,0,171520,171521
16486,2,0,0,0,171518,171519
16487,2,1,0,0,113781,113782
16488,2,1,0,0,113779,113780
16489,2,1,0,0,113777,113778
16490,6,0,0,0,115137,115138
16491,10,0,0,0,211362,211363
16492,10,0,0,0,211360,211361
16493,8,0,0,0,158274,158275
16494,2,0,0,0,171516,171517
16495,2,0,0,0,171514,171515
16496,8,0,0,0,158272,158273
16497,2,0,0,0,171512,171513
16498,2,1,0,0,113775,113776
16499,8,0,0,0,158270,158271
16500,8,0,0,0,158268,158269
16501,8,1,0,0,177591,177592
16502,10,0,0,0,211358,211359
16503,5,1,0,0,148068,148069
16504,5,0,0,0,190584,190585
16505,3,0,0,0,319565,319566
16506,3,0,0,0,319567,319568
16507,5,0,0,0,190582,190583
16508,5,0,0,0,190580,190581
16509,9,0,0,0,319569,0
16510,9,0,0,0,319570,0
16511,17,0,0,0,319571,0
16512,17,0,0,0,319572,0
16513,17,0,0,0,319573,0
16514,1,0,0,0,165426,165427
16515,1,0,0,0,165424,165425
16516,1,1,0,0,134139,134140
16517,1,0,0,0,165422,165423
16518,1,1,0,0,134141,134142
16519,6,0,0,0,115139,115140
16520,10,1,0,0,210888,210889
16521,5,0,0,0,190578,190579
16522,7,0,0,0,182850,182851
16523,8,1,0,0,177589,177590
16524,6,1,0,0,136483,136484
16525,10,1,0,0,210886,210887
16526,2,1,0,0,113773,113774
16527,9,0,0,0,319574,0
16528,2,0,0,0,171510,171511
16529,2,0,0,0,171508,171509
16530,8,0,0,0,158266,158267
16531,10,0,0,0,211356,211357
16532,2,1,0,0,113771,113772
16533,9,0,0,0,319575,0
16534,1,0,6,0,165420,165421
16535,9,0,0,0,319576,0
16536,9,1,0,0,319577,0
16537,9,1,0,0,319578,0
16538,9,0,0,0,319579,0
16539,9,0,0,0,319580,0
16540,1,0,0,0,165418,165419
16541,6,1,0,0,136485,136486
16542,19,0,0,0,319581,0
16543,19,0,0,0,319582,0
16544,1,1,0,0,134143,134144
16545,19,0,0,0,319583,0
16546,2,0,0,0,171506,171507
16547,8,0,0,0,158264,158265
16548,5,0,0,0,190576,190577
16549,2,0,0,0,171504,171505
16550,8,0,0,0,158262,158263
16551,1,0,0,0,165416,165417
16552,9,0,0,0,319584,0
16553,2,1,0,0,113769,113770
16554,2,0,0,0,171502,171503
16555,2,1,0,0,113767,113768
16556,1,1,0,0,134145,134146
16557,5,1,0,0,148072,148073
16558,1,0,0,0,165414,165415
16559,10,1,0,0,210884,210885
16560,2,0,0,0,171500,171501
16561,5,0,0,0,190574,190575
16562,2,0,0,0,171498,171499
16563,2,1,0,0,113765,113766
16564,5,0,0,0,190572,190573
16565,5,0,0,0,190570,190571
16566,5,1,0,0,148074,148075
16567,5,1,0,0,148076,148077
16568,8,0,0,0,158260,158261
16569,8,0,0,0,158258,158259
16570,2,1,0,0,113763,113764
16571,2,0,0,0,171496,171497
16572,5,1,0,0,148078,148079
16573,5,0,0,0,190568,190569
16574,5,0,0,0,190566,190567
16575,5,0,0,0,190564,190565
16576,5,0,0,0,190562,190563
16577,5,0,0,0,190560,190561
16578,5,0,0,0,190558,190559
16579,5,1,0,0,148080,148081
16580,5,1,0,0,148082,148083
16581,5,1,0,0,148084,148085
16582,2,0,0,0,171494,171495
16583,2,0,0,0,171492,171493
16584,2,0,0,0,171490,171491
16585,2,1,0,0,113761,113762
16586,1,0,0,0,165412,165413
16587,1,0,0,0,165410,165411
16588,1,1,0,0,134147,134148
16589,8,1,0,0,177587,177588
16590,1,0,0,0,165408,165409
16591,4,1,0,0,144127,144128
16592,4,1,0,0,144125,144126
16593,4,0,0,0,174822,174823
16594,11,0,0,0,131401,131402
16595,4,0,0,0,174820,174821
16596,4,0,0,0,174818,174819
16597,4,0,0,0,174816,174817
16598,11,0,0,0,131399,131400
16599,1,1,0,0,134149,134150
16600,3,0,0,0,319585,319586
16601,3,1,0,0,117505,117506
16602,1,1,0,0,134151,134152
16603,1,0,0,0,165406,165407
16604,4,0,0,0,174814,174815
16605,3,0,0,0,319587,319588
16606,4,1,0,0,144123,144124
16607,1,0,0,0,165404,165405
16608,1,0,0,0,165402,165403
16609,1,1,0,0,134153,134154
16610,1,1,0,0,134155,134156
16611,1,0,0,0,165400,165401
16612,3,0,0,0,319589,319590
16613,1,1,0,0,134157,134158
16614,1,1,0,0,134159,134160
16615,7,0,0,0,182848,182849
16616,7,1,0,0,118962,118963
16617,1,0,0,0,165398,165399
16618,7,0,0,0,182846,182847
16619,1,0,0,0,165396,165397
16620,3,1,0,0,117507,117508
16621,1,0,0,0,165394,165395
16622,1,0,0,0,165392,165393
16623,1,0,0,0,165390,165391
16624,3,0,0,0,319591,319592
16625,2,1,0,0,113759,113760
16626,1,1,0,0,134161,134162
16627,1,1,0,0,134163,134164
16628,1,0,0,0,165388,165389
16629,1,1,0,0,134165,134166
16630,2,0,0,0,171488,171489
16631,2,1,0,0,113757,113758
16632,2,0,0,0,171486,171487
16633,8,0,0,0,158256,158257
16634,1,1,0,0,134167,134168
16635,10,0,0,0,211354,211355
16636,10,1,0,0,210882,210883
16637,1,0,0,0,165386,165387
16638,2,0,0,0,171484,171485
16639,1,0,0,0,165384,165385
16640,1,1,0,0,134170,134171
16641,10,1,0,0,210880,210881
16642,10,0,0,0,211352,211353
16643,2,1,0,0,113755,113756
16644,1,0,0,0,165382,165383
16645,1,1,0,0,134172,134173
16646,10,0,0,0,211350,211351
16647,10,1,0,0,210878,210879
16648,19,0,0,0,319593,0
16649,19,0,0,0,319594,0
16650,6,1,0,0,136487,136488
16651,6,1,0,0,136489,136490
16652,4,1,0,0,144121,144122
16653,1,0,0,0,165380,165381
16654,3,0,0,0,319595,319596
16655,1,0,0,0,165378,165379
16656,17,0,0,0,319597,0
16657,17,0,0,0,319598,0
16658,17,0,0,0,319599,0
16659,17,0,0,0,319600,0
16660,17,0,0,0,319601,0
16661,17,0,0,0,319602,0
16662,17,0,0,0,319603,0
16663,2,0,0,0,171482,171483
16664,1,0,0,0,165376,165377
16665,1,0,0,0,165374,165375
16666,1,0,0,0,165372,165373
16667,1,1,0,0,134174,134175
16668,1,1,0,0,134176,134177
16669,1,1,0,0,134178,134179
16670,1,0,0,0,165370,165371
16671,1,1,0,0,134180,134181
16672,8,0,0,0,158254,158255
16673,10,0,0,0,211348,211349
16674,5,1,0,0,148086,148087
16675,3,0,0,0,319604,319605
16676,11,0,0,0,131397,131398
16677,4,1,0,0,144119,144120
16678,1,0,0,0,165368,165369
16679,10,0,0,0,211346,211347
16680,7,0,0,0,182844,182845
16681,1,0,0,0,165366,165367
16682,3,0,0,0,319606,319607
16683,4,1,0,0,144117,144118
16684,7,0,0,0,182842,182843
16685,10,0,0,0,211344,211345
16686,1,0,0,0,165364,165365
16687,3,1,0,0,117509,117510
16688,17,0,0,0,319608,0
16689,9,0,0,0,237346,0
16690,3,1,0,0,117511,117512
16691,1,0,0,0,165362,165363
16692,1,1,0,0,134182,134183
16693,17,0,0,0,319609,0
16694,17,0,0,0,319610,0
16695,17,0,0,0,319611,0
16696,17,0,0,0,319612,0
16697,17,0,0,0,319613,0
16698,17,0,0,0,319614,0
16699,17,0,0,0,319615,0
16700,17,0,0,0,319616,0
16701,1,0,0,0,165360,165361
16702,1,0,0,0,165358,165359
16703,1,0,0,0,165356,165357
16704,1,0,0,0,165354,165355
16705,1,1,0,0,134184,134185
16706,17,0,0,0,319617,0
16707,17,0,0,0,319618,0
16708,17,0,0,0,319619,0
16709,17,0,0,0,319620,0
16710,17,0,0,0,319621,0
16711,17,0,0,0,319622,0
16712,17,0,0,0,319623,0
16713,17,0,0,0,319624,0
16714,1,1,0,0,134186,134187
16715,1,0,0,0,165352,165353
16716,7,0,0,0,182840,182841
16717,7,0,0,0,182838,182839
16718,1,0,0,0,165350,165351
16719,1,0,0,0,165348,165349
16720,1,1,0,0,134188,134189
16721,4,1,0,0,144115,144116
16722,1,0,0,0,165346,165347
16723,1,0,0,0,165344,165345
16724,1,1,0,0,134190,134191
16725,1,1,0,0,134192,134193
16726,1,1,0,0,134194,134195
16727,1,1,0,0,134196,134197
16728,1,0,0,0,165342,165343
16729,1,1,0,0,134198,134199
16730,1,0,0,0,165340,165341
16731,21,0,0,0,319625,0
16732,21,0,0,0,319626,0
16733,7,0,0,0,182836,182837
16734,9,0,0,0,319627,0
16735,1,0,0,0,165338,165339
16736,1,0,0,0,165336,165337
16737,1,0,0,0,165334,165335
16738,19,0,0,0,319628,0
16739,3,0,0,0,319629,319630
16740,1,0,0,0,165332,165333
16741,3,0,0,0,319631,319632
16742,1,0,0,0,165330,165331
16744,3,0,0,0,319633,319634
16745,3,0,0,0,319635,319636
16746,3,0,0,0,319637,319638
16747,1,0,0,0,165328,165329
16748,1,0,0,0,165326,165327
16749,1,0,0,0,165324,165325
16750,1,0,0,0,165322,165323
16751,1,1,0,0,134200,134201
16752,1,0,0,0,0,165321
16753,1,0,0,0,0,165319
16754,1,0,0,0,0,165317
16755,1,0,0,0,0,165315
16756,1,0,0,0,0,165313
16757,1,0,0,0,0,165311
16758,21,0,0,0,319639,0
16759,1,0,0,0,165308,165309
16760,1,0,0,0,165306,165307
16761,15,0,0,0,319640,0
16762,5,0,0,0,190556,190557
16763,21,0,0,0,319641,0
16764,21,0,0,0,319642,0
16765,21,0,0,0,319643,0
16766,21,0,0,0,319644,0
16767,1,0,0,0,0,165305
16768,1,0,0,0,0,165303
16769,1,0,0,0,165300,165301
16770,5,1,0,0,148088,148089
16771,5,0,0,0,190554,190555
16772,21,0,0,0,319645,0
16773,4,1,0,0,144113,144114
16774,1,1,0,0,134202,134203
16775,1,1,0,0,134204,134205
16776,6,1,0,0,136491,136492
16777,16,0,0,0,253960,0
16778,16,0,0,0,253959,0
16779,16,0,0,0,253958,0
16780,2,0,0,0,171480,171481
16781,1,0,0,0,165298,165299
16782,15,0,0,0,319646,0
16783,1,0,0,0,165296,165297
16784,1,1,0,0,134206,134207
16785,1,1,0,0,134208,190553
16786,5,0,0,0,190551,190552
16787,3,1,0,0,117513,117514
16788,1,0,0,0,165294,165295
16789,1,1,0,0,134267,134268
16790,2,0,0,0,171478,171479
16791,2,1,0,0,113753,113754
16792,3,0,0,0,319647,319648
16794,3,1,0,0,117515,117516
16795,15,0,0,0,319649,0
16796,15,0,0,0,319650,0
16797,15,0,0,0,319651,0
16798,1,1,0,0,134265,134266
16799,1,1,0,0,134263,134264
16800,1,0,0,0,165292,165293
16801,4,0,0,0,174812,174813
16802,4,1,0,0,144111,144112
16803,5,0,0,0,190549,190550
16804,5,1,0,0,148090,148091
16805,6,0,0,0,115141,115142
16806,6,1,0,0,136493,136494
16807,7,0,0,0,182834,182835
16808,7,1,0,0,118960,118961
16809,8,0,0,0,158252,158253
16810,8,1,0,0,177585,177586
16811,9,0,0,0,319652,0
16812,9,1,0,0,319653,0
16813,10,0,0,0,211342,211343
16814,10,1,0,0,210876,210877
16815,11,0,0,0,131395,131396
16816,11,1,0,0,150496,150497
16817,4,1,0,0,144109,144110
16818,1,0,0,0,165290,165291
16819,1,1,0,0,134261,134262
16820,1,0,0,0,165288,165289
16821,1,0,0,0,165286,165287
16822,3,0,0,0,319654,319655
16823,3,0,0,0,319656,319657
16824,3,0,0,0,319658,319659
16825,3,1,0,0,117517,117518
16826,3,1,0,0,117519,117520
16827,1,0,0,0,165284,165285
16828,1,1,0,0,134259,134260
16829,3,0,0,0,319660,319661
16830,4,1,0,0,144107,144108
16831,4,1,0,0,144105,144106
16832,4,1,0,0,144103,144104
16833,5,0,0,0,190547,190548
16834,7,0,0,0,182832,182833
16835,7,1,0,0,118958,118959
16836,7,0,0,0,182830,182831
16837,10,1,0,0,210874,210875
16838,10,0,0,0,211340,211341
16839,10,1,0,0,210872,210873
16840,4,1,0,0,144101,144102
16841,7,1,0,0,118956,118957
16842,3,1,0,0,117521,117522
16843,1,0,0,0,165282,165283
16844,4,0,0,0,174810,174811
16845,3,0,0,0,319662,319663
16846,7,0,0,0,182828,182829
16847,1,1,0,0,134257,134258
16848,1,1,0,0,134255,134256
16849,5,1,0,0,148092,148093
16850,3,0,0,0,319664,319665
16851,1,1,0,0,134253,134254
16852,1,1,0,0,134251,134252
16853,1,0,0,0,165280,165281
16854,1,0,0,0,165278,165279
16855,1,0,0,0,165276,165277
16856,1,1,0,0,134249,134250
16857,1,1,0,0,134247,134248
16858,1,0,0,0,165274,165275
16859,1,0,0,0,165272,165273
16860,1,1,0,0,134243,134244
16861,10,0,0,0,211338,211339
16862,1,0,0,0,165270,165271
16863,1,0,0,0,165268,165269
16864,1,1,0,0,134241,134242
16865,1,0,0,0,165266,165267
16866,1,0,0,0,165264,165265
16867,1,0,0,0,165262,165263
16868,7,0,0,0,182826,182827
16869,5,1,0,0,0,148095
16870,16,0,0,0,253957,0
16871,5,0,0,0,0,190546
16872,5,0,0,0,0,190544
16873,5,0,0,0,0,190542
16874,1,0,0,0,165260,165261
16875,1,0,0,0,165258,165259
16876,1,0,0,0,165256,165257
16877,1,1,0,0,134239,134240
16878,1,1,0,0,134237,134238
16879,2,0,0,0,171476,171477
16880,1,0,0,0,165254,165255
16881,1,0,0,0,165252,165253
16882,1,0,0,0,0,165251
16883,1,0,0,0,165248,165249
16884,1,0,0,0,165246,165247
16885,1,0,0,0,165244,165245
16886,1,1,0,0,134235,134236
16887,1,1,0,0,134233,134234
16888,2,1,0,0,113751,113752
16889,3,1,0,0,117523,117524
16890,5,0,0,0,190539,190540
16891,5,0,0,0,190537,190538
16892,5,0,0,0,190535,190536
16893,1,0,0,0,165242,165243
16894,15,0,0,0,319666,0
16895,7,0,0,0,182824,182825
16897,3,0,0,0,319667,319668
16898,7,0,0,0,182822,182823
16899,2,0,0,0,171474,171475
16900,2,0,0,0,171472,171473
16901,2,0,0,0,171470,171471
16902,2,1,0,0,113749,113750
16903,8,0,0,0,158250,158251
16904,1,0,0,0,165240,165241
16906,2,0,0,0,171468,171469
16907,2,0,0,0,171466,171467
16908,2,0,0,0,171464,171465
16909,6,0,0,0,115143,115144
16910,6,0,0,0,115145,115146
16911,1,0,0,0,165238,165239
16912,6,1,0,0,136495,136496
16913,1,0,0,0,165236,165237
16914,1,0,0,0,165234,165235
16915,1,0,0,0,165232,165233
16916,3,0,0,0,319669,319670
16917,1,0,0,0,165230,165231
16918,3,0,0,0,319671,319672
16919,1,1,0,0,134231,134232
16920,7,0,0,0,182820,182821
16921,1,1,0,0,134229,134230
16922,1,0,0,0,165228,165229
16923,1,0,0,0,165226,165227
16924,1,0,0,0,165224,165225
16925,3,0,0,0,319673,319674
16926,1,1,0,0,134227,134228
16927,2,0,0,0,171462,171463
16928,2,0,0,0,171460,171461
16929,6,0,0,0,115147,115148
16930,2,1,0,0,113747,113748
16931,2,0,0,0,171458,171459
16932,10,0,0,0,211336,211337
16933,1,0,0,0,165221,165223
16934,2,1,0,0,113745,113746
16935,1,0,0,0,165218,165219
16936,2,0,0,0,171456,171457
16937,1,0,0,0,165216,165217
16938,1,1,0,0,134225,134226
16939,1,1,0,0,134223,134224
16940,2,0,0,0,171454,171455
16941,4,1,0,0,144099,144100
16942,4,0,0,0,174808,174809
16943,2,0,0,0,171452,171453
16944,10,0,0,0,211334,211335
16945,1,0,0,0,165214,165215
16946,1,0,0,0,0,165213
16947,1,1,0,0,134221,134222
16948,1,0,0,0,165210,165211
16949,1,1,0,0,134219,134220
16950,9,0,0,0,319675,0
16951,10,0,0,0,211332,211333
16952,10,0,0,0,211330,211331
16953,10,1,0,0,210870,210871
16954,10,1,0,0,210868,210869
16955,11,0,0,0,131393,131394
16956,11,0,0,0,131391,131392
16957,3,0,0,0,319676,319677
16958,6,0,0,0,115149,115150
16959,3,0,0,0,319678,319679
16960,3,1,0,0,117525,117526
16961,3,1,0,0,117527,117528
16962,10,1,0,0,210866,210867
16963,10,1,0,0,210864,210865
16964,7,0,0,0,182818,182819
16965,10,0,0,0,211328,211329
16966,10,0,0,0,211326,211327
16967,10,1,0,0,210862,210863
16968,10,1,0,0,210860,210861
16969,10,0,0,0,211324,211325
16970,10,1,0,0,210858,210859
16971,1,0,0,0,165208,165209
16972,1,0,0,0,165206,165207
16973,2,0,0,0,171450,171451
16974,11,0,0,0,131389,131390
16975,2,0,0,0,171448,171449
16976,2,1,0,0,113743,113744
16977,1,0,0,0,165204,165205
16978,1,1,0,0,134217,134218
16979,2,0,0,0,171446,171447
16980,2,1,0,0,113741,113742
16981,8,0,0,0,158248,158249
16982,8,1,0,0,177583,177584
16983,2,0,0,0,171444,171445
16984,1,0,0,0,165202,165203
16985,10,0,0,0,211322,211323
16987,11,0,0,0,131387,131388
16988,1,1,0,0,134215,134216
16989,10,0,0,0,211320,211321
16990,1,0,0,0,165200,165201
16991,1,1,0,0,134213,134214
16992,2,0,0,0,171442,171443
16993,4,1,0,0,144097,144098
16994,3,0,0,0,319680,319681
16995,5,0,0,0,190533,190534
16996,5,0,0,0,190531,190532
16997,5,0,0,0,190529,190530
16998,1,0,0,0,165198,165199
16999,3,0,0,0,319682,319683
17000,4,1,0,0,144095,144096
17001,1,1,0,0,134269,134270
17002,3,1,0,0,117529,117530
17003,1,0,0,0,165196,165197
17004,7,1,0,0,118954,118955
17005,1,0,0,0,165194,165195
17006,1,0,0,0,165192,165193
17008,10,0,0,0,211318,211319
17009,10,0,0,0,211316,211317
17010,18,0,0,0,319684,0
17011,8,0,0,0,158246,158247
17012,8,0,0,0,158244,158245
17013,8,1,0,0,177581,177582
17014,1,0,0,0,165190,165191
17015,1,0,0,0,165188,165189
17016,1,1,0,0,134271,134272
17017,1,1,0,0,134273,134274
17018,1,0,0,0,165186,165187
17019,1,0,0,0,165184,165185
17020,1,0,0,0,165182,165183
17021,1,1,0,0,134275,134276
17022,1,1,0,0,134277,134278
17023,1,0,0,0,165180,165181
17024,7,0,0,0,182816,182817
17025,7,0,0,0,182814,182815
17026,7,1,0,0,118952,118953
17027,7,1,0,0,118950,118951
17028,10,1,0,0,210856,210857
17029,1,1,0,0,134279,134280
17030,10,0,0,0,211314,211315
17031,10,1,0,0,210854,210855
17032,4,1,0,0,144093,144094
17033,1,0,0,0,165178,165179
17034,1,1,0,0,134281,134282
17035,7,0,0,0,182812,182813
17036,4,1,0,0,144091,144092
17037,1,0,0,0,165176,165177
17038,1,1,0,0,134283,134284
17039,1,1,0,0,134285,134286
17040,3,0,0,0,319685,319686
17041,3,0,0,0,319687,319688
17042,3,0,0,0,319689,319690
17043,3,0,0,0,319691,319692
17044,19,0,0,0,319693,0
17045,19,0,0,0,319694,0
17046,19,0,0,0,319695,0
17047,3,0,0,0,319696,319697
17048,3,0,0,0,319698,319699
17049,19,0,0,0,319700,0
17050,3,0,0,0,319701,319702
17051,10,0,0,0,211312,211313
17052,9,1,0,0,319703,0
17053,9,1,0,0,319704,0
17054,9,1,0,0,319705,0
17055,9,1,0,0,319706,0
17056,9,1,0,0,319707,0
17057,9,1,0,0,319708,0
17058,9,1,0,0,319709,0
17059,9,1,0,0,319710,0
17060,9,1,0,0,319711,0
17061,9,1,0,0,319712,0
17062,9,1,0,0,319713,0
17063,9,1,0,0,319714,0
17064,5,0,0,0,190527,190528
17066,1,0,0,0,165174,165175
17067,1,0,0,0,165172,165173
17068,1,0,0,0,165170,165171
17069,1,1,0,0,134287,134288
17070,10,0,0,0,211310,211311
17071,10,1,0,0,210852,210853
17072,11,0,0,0,131385,131386
17073,11,1,0,0,150502,150503
17074,3,0,0,0,319715,319716
17075,3,1,0,0,117531,117532
17076,7,0,0,0,182810,182811
17077,7,1,0,0,118948,118949
17078,9,0,0,0,319717,0
17079,9,1,0,0,319718,0
17080,4,0,0,0,174806,174807
17081,4,1,0,0,144089,144090
17082,2,0,0,0,171440,171441
17083,2,1,0,0,113885,113886
17085,6,0,0,0,115632,115633
17086,6,1,0,0,136497,136498
17087,8,0,0,0,158242,158243
17088,8,1,0,0,177579,177580
17089,5,0,0,0,190525,190526
17090,5,1,0,0,148096,148097
17091,1,0,0,0,165168,165169
17092,11,1,0,0,150504,150505
17093,7,0,0,0,182808,182809
17094,1,1,0,0,134289,134290
17095,6,0,0,0,115634,115635
17096,1,1,0,0,134291,134292
17097,1,0,0,0,165166,165167
17098,6,0,0,0,115636,115637
17099,1,0,0,0,165164,165165
17100,3,0,0,0,319719,319720
17101,5,0,0,0,190523,190524
17102,10,0,0,0,211308,211309
17103,2,0,0,0,171438,171439
17104,1,0,0,0,165162,165163
17105,1,0,0,0,165160,165161
17106,1,0,0,0,165158,165159
17107,1,0,0,0,165156,165157
17108,1,0,0,0,165154,165155
17109,7,0,0,0,182806,182807
17110,1,0,0,0,165152,165153
17111,1,1,0,0,134293,134294
17112,1,1,0,0,134295,134296
17113,5,0,0,0,190521,190522
17114,1,1,0,0,134297,134298
17115,3,0,0,0,319721,319722
17116,1,0,0,0,165150,165151
17117,2,1,0,0,113883,113884
17118,1,1,0,0,134299,134300
17119,1,0,0,0,165148,165149
17120,1,0,0,0,165146,165147
17121,1,0,0,0,165144,165145
17122,1,0,0,0,165142,165143
17123,1,0,0,0,165140,165141
17124,7,0,0,0,182804,182805
17125,4,1,0,0,144087,144088
17126,3,0,0,0,319723,319724
17127,3,0,0,0,319725,319726
17128,3,1,0,0,117533,117534
17129,3,1,0,0,117535,117536
17130,1,0,0,0,165138,165139
17131,9,0,0,0,319727,0
17132,9,0,0,0,319728,0
17133,9,0,0,0,319729,0
17134,9,0,0,0,319730,0
17135,9,0,0,0,319731,0
17136,9,0,0,0,319732,0
17137,9,0,0,0,319733,0
17138,9,0,0,0,319734,0
17139,9,1,0,0,319735,0
17140,9,0,0,0,319736,0
17141,1,0,0,0,165136,165137
17142,1,1,0,0,134301,134302
17143,3,0,0,0,319737,319738
17145,3,1,0,0,117537,117538
17146,3,0,0,0,319739,319740
17147,3,1,0,0,117539,117540
17148,3,0,0,0,319741,319742
17149,3,1,0,0,117541,117542
17151,3,0,0,0,319743,319744
17152,3,1,0,0,117543,117544
17153,1,0,0,0,165134,165135
17154,3,0,0,0,319745,319746
17155,1,0,0,0,165132,165133
17156,1,0,0,0,165130,165131
17157,17,0,0,0,237347,0
17159,10,0,0,0,211306,211307
17160,2,0,0,0,171436,171437
17161,1,1,0,0,134303,134304
17162,1,0,0,0,165128,165129
17163,1,0,0,0,165126,165127
17164,1,0,0,0,165124,165125
17165,1,1,0,0,134305,134306
17166,1,1,0,0,134307,134308
17167,1,0,0,0,165122,165123
17168,1,1,0,0,134309,134310
17169,1,0,0,0,165120,165121
17170,5,0,0,0,190519,190520
17171,5,0,0,0,190517,190518
17172,5,0,0,0,190515,190516
17173,5,0,0,0,190513,190514
17174,3,0,0,0,319747,319748
17175,1,0,0,0,165118,165119
17177,1,0,0,0,165116,165117
17178,10,0,0,0,211304,211305
17179,10,0,0,0,211302,211303
17180,2,0,0,0,171434,171435
17181,6,0,0,0,115638,115639
17182,1,1,0,0,134311,134312
17183,10,1,0,0,210850,210851
17184,10,1,0,0,210848,210849
17185,6,0,0,0,115640,115641
17186,3,0,0,0,319749,319750
17187,1,0,0,0,165114,165115
17188,1,0,0,0,165112,165113
17189,5,0,0,0,190511,190512
17190,5,0,0,0,190509,190510
17191,5,1,0,0,148098,148099
17192,5,1,0,0,148100,148101
17193,1,0,0,0,165110,165111
17194,7,0,0,0,182802,182803
17195,1,0,0,0,165108,165109
17196,1,0,0,0,165106,165107
17197,1,1,0,0,134313,134314
17198,1,0,0,0,165104,165105
17199,1,1,0,0,134315,134316
17200,11,0,0,0,131383,131384
17201,11,1,0,0,150506,150507
17202,3,0,0,0,319751,319752
17203,3,1,0,0,117545,117546
17204,7,0,0,0,182800,182801
17205,7,1,0,0,118946,118947
17206,4,0,0,0,174804,174805
17207,4,1,0,0,144085,144086
17208,2,0,0,0,171432,171433
17209,2,1,0,0,113881,113882
17210,10,0,0,0,211300,211301
17211,10,1,0,0,210846,210847
17212,6,0,0,0,115642,115643
17213,6,1,0,0,136499,136500
17214,8,0,0,0,158240,158241
17215,8,1,0,0,177577,177578
17216,5,0,0,0,190507,190508
17217,5,1,0,0,148102,148103
17218,1,0,0,0,165102,165103
17219,1,1,0,0,134317,134318
17220,1,1,0,0,134319,134320
17221,2,0,0,0,171430,171431
17222,7,0,0,0,182798,182799
17223,7,1,0,0,118944,118945
17224,8,0,0,0,158238,158239
17225,8,1,0,0,177575,177576
17226,10,0,0,0,211298,211299
17227,10,1,0,0,210844,210845
17228,11,0,0,0,131381,131382
17229,11,1,0,0,150508,150509
17231,1,0,0,0,165100,165101
17232,1,0,0,0,165098,165099
17233,1,1,0,0,134321,134322
17234,1,1,0,0,134323,134324
17235,3,1,0,0,117547,117548
17236,3,1,6,0,117549,117550
17237,7,1,0,0,118942,118943
17238,7,1,0,0,118940,118941
17239,4,1,0,0,144083,144084
17240,4,1,0,0,144081,144082
17241,11,1,0,0,150510,150511
17242,11,1,0,0,150512,150513
17243,3,0,0,0,192083,192085
17244,3,0,0,0,192086,192087
17245,7,0,0,0,182796,182797
17246,7,0,0,0,182794,182795
17247,4,0,0,0,174802,174803
17248,4,0,0,0,174800,174801
17249,11,0,0,0,131379,131380
17250,11,0,0,0,131377,131378
17251,10,0,0,0,211296,211297
17252,10,0,0,0,211294,211295
17253,2,0,0,0,171428,171429
17254,2,0,0,0,171426,171427
17255,5,0,0,0,190505,190506
17256,5,0,0,0,190503,190504
17257,8,0,0,0,158236,158237
17258,8,0,0,0,158234,158235
17259,6,0,0,0,115644,115645
17260,6,0,0,0,115646,115647
17261,10,1,0,0,210842,210843
17262,10,1,0,0,210840,210841
17263,8,1,0,0,177573,177574
17264,8,1,0,0,177571,177572
17265,2,1,0,0,113879,113880
17266,2,1,0,0,113877,113878
17267,5,1,0,0,148104,148105
17268,5,1,0,0,148106,148107
17269,6,1,0,0,136501,136502
17270,6,1,0,0,136503,136504
17271,1,0,0,0,165096,165097
17272,17,0,0,0,237348,0
17273,1,0,6,0,165094,165095
17274,10,0,6,0,211292,211293
17275,1,0,0,0,165092,165093
17276,10,1,0,0,210838,210839
17277,1,0,0,0,165090,165091
17278,17,0,0,0,319753,0
17279,17,0,0,0,319754,0
17280,17,0,0,0,319755,0
17281,17,0,0,0,319756,0
17282,17,0,0,0,319757,0
17283,17,0,0,0,319758,0
17284,17,0,0,0,319759,0
17285,1,0,0,0,165088,165089
17286,2,0,0,0,171424,171425
17287,11,0,0,0,131375,131376
17288,4,1,0,0,144079,144080
17289,5,1,0,0,148108,148109
17290,1,0,0,0,165086,165087
17291,7,0,0,0,182792,182793
17292,10,1,6,0,210836,210837
17293,6,0,0,0,115648,115649
17294,11,1,0,0,150514,150515
17295,8,0,0,0,158232,158233
17296,3,0,0,0,319760,319761
17297,16,0,0,0,253956,0
17298,1,0,0,0,165084,165085
17299,2,0,0,0,171422,171423
17300,1,0,0,0,165082,165083
17301,1,1,0,0,134325,134326
17302,3,0,0,0,319762,319763
17303,1,0,0,0,165080,165081
17304,10,0,6,0,0,211291
17305,15,0,0,0,319764,0
17306,1,0,6,0,165078,165079
17307,1,0,0,0,165076,165077
17308,1,0,0,0,165074,165075
17309,1,1,0,0,134327,134328
17310,1,0,0,0,165072,165073
17311,1,0,0,0,165070,165071
17312,1,0,0,0,165068,165069
17313,1,1,0,0,134329,134330
17314,1,1,0,0,134331,134332
17315,10,1,6,0,210834,210835
17316,1,0,0,0,165066,165067
17319,3,0,0,0,319765,319766
17320,3,0,0,0,319767,319768
17321,3,1,0,0,117551,117552
17322,1,1,0,0,134333,134334
17323,1,0,0,0,165064,165065
17324,1,0,0,0,165062,165063
17325,7,0,0,0,182790,182791
17326,17,0,0,0,319769,0
17327,17,0,0,0,319770,0
17328,17,0,0,0,319771,0
17329,17,0,0,0,319772,0
17330,1,1,0,0,134335,134336
17331,1,0,0,0,165060,165061
17332,1,0,0,0,165058,165059
17333,1,1,0,0,134337,134338
17334,1,1,0,0,134339,134340
17335,17,0,0,0,319773,0
17336,17,0,0,0,319774,0
17337,17,0,0,0,319775,0
17338,17,0,0,0,319776,0
17339,17,0,0,0,319777,0
17340,17,0,0,0,319778,0
17341,17,0,0,0,319779,0
17342,17,0,0,0,319780,0
17343,17,0,0,0,319781,0
17344,17,0,0,0,319782,0
17345,17,0,0,0,319783,0
17346,1,0,0,0,165056,165057
17347,1,0,0,0,165054,165055
17348,1,0,0,0,165052,165053
17349,1,0,0,0,165050,165051
17350,1,1,0,0,134341,134342
17351,1,1,0,0,134343,134344
17352,1,1,0,0,134345,134346
17353,1,1,0,0,134347,134348
17354,1,0,0,0,165048,165049
17355,1,0,0,0,165046,165047
17356,1,0,0,0,165044,165045
17357,1,0,0,0,165042,165043
17358,1,1,0,0,134349,134350
17359,1,1,0,0,134351,134352
17360,1,1,0,0,134353,134354
17361,1,1,0,0,134355,134356
17362,1,0,0,0,165040,165041
17363,1,0,0,0,165038,165039
17364,1,0,0,0,165036,165037
17365,1,0,0,0,165034,165035
17366,5,0,0,0,190501,190502
17367,1,1,0,0,134357,134358
17368,3,0,0,0,319784,319785
17369,2,1,0,0,113875,113876
17370,8,0,0,0,158230,158231
17371,17,0,0,0,319786,0
17372,15,0,0,0,319787,0
17373,15,0,0,0,319788,0
17375,4,1,0,0,144077,144078
17379,1,0,0,0,165032,165033
17380,1,0,0,0,165030,165031
17381,10,1,0,0,210832,210833
17382,7,1,0,0,118938,118939
17383,10,0,0,0,211288,211289
17384,10,1,0,0,210830,210831
17385,9,0,0,0,319789,0
17387,10,0,0,0,211286,211287
17388,10,1,0,0,210828,210829
17390,1,0,0,0,165028,165029
17391,1,1,0,0,134359,134360
17392,1,1,0,0,134361,134362
17393,1,1,0,0,134363,134364
17394,1,0,0,0,165026,165027
17395,1,0,0,0,165024,165025
17396,1,1,0,0,134365,134366
17397,1,0,0,0,165022,165023
17398,1,0,0,0,165020,165021
17399,10,0,0,0,211284,211285
17400,10,0,0,0,211282,211283
17401,7,0,0,0,182788,182789
17402,1,1,0,0,134367,134368
17403,1,0,0,0,165018,165019
17404,1,1,0,0,134369,134370
17405,10,1,0,0,210826,210827
17406,1,0,0,0,165016,165017
17407,1,1,0,0,134371,134372
17408,1,1,0,0,134373,134374
17409,1,0,0,0,165014,165015
17410,1,0,0,0,165012,165013
17411,1,0,0,0,165010,165011
17413,1,1,0,0,134375,134376
17415,10,1,0,0,210824,210825
17416,1,1,0,0,134377,134378
17417,1,1,0,0,134379,134380
17418,1,1,0,0,134381,134382
17419,1,1,0,0,134383,134384
17420,1,0,0,0,165008,165009
17421,9,0,0,0,319790,0
17422,17,0,0,0,319791,0
17423,17,0,0,0,319792,0
17424,7,1,0,0,118936,118937
17425,17,0,0,0,319793,0
17426,17,0,0,0,319794,0
17427,17,0,0,0,319795,0
17428,17,0,0,0,319796,0
17429,17,0,0,0,319797,0
17430,17,0,0,0,319798,0
17431,17,0,0,0,319799,0
17432,1,1,0,0,134385,134386
17433,1,0,0,0,165006,165007
17434,1,1,0,0,134387,134388
17435,1,0,0,0,165004,165005
17436,1,1,0,0,134389,134390
17437,1,1,0,0,134391,134392
17438,6,1,0,0,136505,136506
17439,2,0,0,0,171420,171421
17440,1,0,0,0,165002,165003
17441,3,1,0,0,117553,117554
17442,3,0,0,0,319800,319801
17443,3,1,0,0,117555,117556
17444,10,1,0,0,210822,210823
17445,1,1,0,0,134393,134394
17446,1,0,0,0,165000,165001
17447,5,0,0,0,190499,190500
17448,6,0,0,0,115650,115651
17449,4,0,0,0,174798,174799
17450,2,1,0,0,113873,113874
17451,3,0,0,0,319802,319803
17452,10,0,0,0,211280,211281
17453,1,1,0,0,134395,134396
17454,5,1,0,0,148110,148111
17455,5,0,0,0,190497,190498
17456,10,1,0,0,210820,210821
17457,3,0,0,0,319804,319805
17458,6,0,0,0,115653,115655
17459,1,0,0,0,164998,164999
17460,4,1,0,0,144075,144076
17461,8,1,0,0,177569,177570
17462,8,0,0,0,158228,158229
17463,8,0,0,0,158226,158227
17464,8,1,0,0,177567,177568
17465,8,1,0,0,177565,177566
17466,8,0,0,0,158224,158225
17467,8,0,0,0,158222,158223
17468,1,0,0,0,164996,164997
17469,1,1,6,0,134397,134398
17470,2,0,6,0,171418,171419
17471,11,0,6,0,131373,131374
17472,21,0,0,0,319806,0
17473,21,0,0,0,319807,0
17474,21,0,0,0,319808,0
17475,1,1,6,0,134399,134400
17476,11,0,0,0,131371,131372
17477,10,0,6,0,194844,211279
17478,4,0,6,0,174796,174797
17479,5,0,0,0,190495,190496
17480,7,1,0,0,118934,118935
17481,5,1,0,0,148112,148113
17482,2,1,0,0,113871,113872
17483,1,0,0,0,164994,164995
17484,1,0,0,0,164992,164993
17485,1,0,0,0,164990,164991
17486,1,0,0,0,164988,164989
17487,7,1,0,0,118932,118933
17488,10,0,0,0,211277,211278
17489,1,1,0,0,134401,134402
17490,1,0,0,0,164986,164987
17491,1,0,0,0,164984,164985
17492,1,0,0,0,164982,164983
17493,10,0,6,0,211275,211276
17494,3,0,0,0,319809,319810
17495,3,0,0,0,319811,319812
17496,3,0,0,0,319813,319814
17497,3,0,0,0,319815,319816
17498,10,1,0,0,210818,210819
17499,1,0,0,0,164980,164981
17500,10,0,0,0,211273,211274
17501,9,1,0,0,319817,0
17502,10,1,0,0,210816,210817
17503,1,1,0,0,134403,134404
17504,1,1,0,0,134405,134406
17505,10,0,0,0,211271,211272
17506,1,0,0,0,164978,164979
17507,1,1,0,0,134407,134408
17508,4,1,0,0,144073,144074
17509,3,0,0,0,319818,319819
17510,7,0,0,0,182786,182787
17511,11,0,0,0,131369,131370
17512,5,0,0,0,190493,190494
17513,2,0,0,0,171416,171417
17514,8,0,0,0,158220,158221
17515,10,1,0,0,210814,210815
17516,6,0,0,0,115656,115657
17517,1,0,0,0,164976,164977
17518,1,0,0,0,164974,164975
17519,5,0,0,0,190491,190492
17520,7,0,0,0,182784,182785
17521,11,0,0,0,131367,131368
17522,1,0,0,0,164972,164973
17523,2,1,0,0,113869,113870
17524,6,0,0,0,115658,115659
17525,4,0,0,0,174794,174795
17526,1,1,0,0,134409,134410
17527,2,0,0,0,171414,171415
17528,5,0,0,0,190489,190490
17529,8,0,0,0,158218,158219
17530,11,0,0,0,131365,131366
17531,2,1,0,0,113867,113868
17532,8,1,0,0,177563,177564
17533,8,0,0,0,158216,158217
17534,8,0,0,0,158214,158215
17535,4,0,0,0,174792,174793
17536,3,0,0,0,319820,319821
17537,7,1,0,0,118930,118931
17538,1,1,0,0,134411,134412
17539,8,0,0,0,158212,158213
17540,1,0,0,0,164970,164971
17541,4,1,0,0,144071,144072
17542,2,0,0,0,171412,171413
17543,6,0,0,0,115660,115661
17544,1,0,0,0,164968,164969
17545,2,0,0,0,171410,171411
17546,11,0,0,0,131363,131364
17547,6,0,0,0,115662,115663
17548,1,0,0,0,164966,164967
17549,1,1,0,0,134413,134414
17550,1,0,0,0,164964,164965
17551,1,1,0,0,134415,134416
17552,1,0,0,0,164962,164963
17553,6,0,0,0,115664,115665
17554,11,0,0,0,131361,131362
17555,2,1,0,0,113865,113866
17556,5,0,0,0,190487,190488
17557,2,1,0,0,113863,113864
17558,3,0,0,0,319822,319823
17559,1,1,0,0,134417,134418
17560,1,0,0,0,164960,164961
17561,1,1,0,0,134419,134420
17562,1,0,0,0,164958,164959
17563,1,1,0,0,134421,134422
17564,3,0,0,0,319824,319825
17565,1,1,0,0,134423,134424
17566,10,1,0,0,210812,210813
17567,9,1,0,0,319826,0
17568,10,1,0,0,210810,210811
17569,10,0,0,0,211269,211270
17570,10,0,0,0,211267,211268
17571,10,1,0,0,210808,210809
17572,10,1,0,0,210806,210807
17573,10,0,0,0,211265,211266
17574,1,0,0,0,164956,164957
17575,1,0,0,0,164954,164955
17576,4,1,0,0,144069,144070
17577,6,0,0,0,115666,115667
17578,17,0,0,0,319827,0
17579,17,0,0,0,319828,0
17580,1,1,0,0,134425,134426
17582,10,1,0,0,210804,210805
17583,5,0,0,0,190485,190486
17584,1,0,0,0,164952,164953
17585,2,0,0,0,171408,171409
17586,6,0,0,0,115670,115671
17587,11,0,0,0,131359,131360
17588,1,0,0,0,164950,164951
17589,3,0,0,0,319829,319830
17590,1,0,0,0,164948,164949
17591,5,1,0,0,148114,148115
17592,1,0,0,0,164946,164947
17593,1,0,0,0,164944,164945
17594,10,0,0,0,211263,211264
17595,10,0,0,0,211261,211262
17596,10,1,0,0,210802,210803
17597,10,1,0,0,210800,210801
17598,10,0,0,0,211259,211260
17599,10,0,0,0,211257,211258
17600,10,1,0,0,210798,210799
17601,10,1,0,0,210796,210797
17602,1,0,0,0,164942,164943
17603,7,0,0,0,182782,182783
17604,1,0,0,0,191330,191331
17605,1,0,0,0,164940,164941
17606,1,1,0,0,134427,134428
17607,7,0,0,0,182780,182781
17608,1,0,0,0,164938,164939
17609,1,1,0,0,134429,134430
17610,1,0,0,0,164936,164937
17611,1,0,0,0,164934,164935
17612,1,0,0,0,164932,164933
17613,1,0,0,0,164930,164931
17614,1,0,0,0,164928,164929
17615,1,1,0,0,0,134432
17616,1,0,0,0,164926,164927
17617,1,0,0,0,164924,164925
17618,1,0,0,0,164922,164923
17619,1,0,0,0,164920,164921
17620,1,0,0,0,164918,164919
17621,1,0,0,0,164916,164917
17622,1,0,0,0,164914,164915
17623,1,0,0,0,164912,164913
17624,1,1,0,0,134433,134434
17625,17,0,0,0,319831,0
17626,17,0,0,0,319832,0
17627,1,0,0,0,164910,164911
17628,1,0,0,0,164908,164909
17629,1,1,0,0,134435,134436
17630,1,1,0,0,134437,134438
17631,1,0,0,0,164906,164907
17632,1,0,0,0,164904,164905
17633,1,1,0,0,134439,134440
17634,1,1,0,0,134441,134442
17635,1,0,0,0,164902,164903
17637,1,0,0,0,164900,164901
17638,1,0,0,0,164898,164899
17639,1,1,0,0,134443,134444
17640,1,1,0,0,134445,134446
17641,1,1,0,0,134447,134448
17643,10,0,0,0,211255,211256
17644,10,1,0,0,210794,210795
17645,1,0,0,0,164896,164897
17646,1,0,0,0,164894,164895
17647,1,1,0,0,134449,134450
17648,1,1,0,0,134451,134452
17649,10,0,6,0,211253,211254
17650,5,0,0,0,190483,190484
17651,1,0,0,0,164892,164893
17652,11,1,6,0,150516,150517
17653,1,0,0,0,164890,164891
17654,11,0,0,0,131357,131358
17655,3,0,0,0,319833,319834
17656,7,1,0,0,118928,118929
17657,4,0,0,0,174790,174791
17658,8,0,6,0,158210,158211
17659,1,0,0,0,164888,164889
17660,1,0,0,0,164886,164887
17661,3,0,0,0,319835,319836
17662,10,0,0,0,211251,211252
17663,10,1,0,0,210792,210793
17664,1,0,0,0,164884,164885
17665,1,0,0,0,164882,164883
17666,4,0,0,0,174788,174789
17667,2,0,0,0,171406,171407
17668,6,0,0,0,115672,115673
17669,10,0,0,0,210506,210508
17670,11,0,0,0,131355,131356
17671,3,1,0,0,117557,117558
17672,5,1,0,0,148116,148117
17673,5,1,0,0,148118,148119
17674,5,0,0,0,190481,190482
17675,5,0,0,0,190479,190480
17676,16,0,0,0,253955,0
17677,9,1,0,0,319837,0
17678,9,0,0,0,319838,0
17679,9,0,0,0,319839,0
17680,9,0,0,0,319840,0
17681,9,0,0,0,319841,0
17682,9,1,0,0,319842,0
17683,9,1,0,0,319843,0
17684,9,0,0,0,319844,0
17685,9,1,0,0,319845,0
17686,6,0,6,0,115674,115675
17687,9,0,0,0,319846,0
17688,1,0,0,0,164880,164881
17689,3,0,0,0,319847,319848
17690,3,1,0,0,117559,117560
17691,1,0,0,0,164878,164879
17692,1,0,0,0,164876,164877
17693,1,1,0,0,134453,134454
17694,9,1,0,0,319849,0
17695,1,0,0,0,164874,164875
17696,1,0,0,0,164872,164873
17697,7,0,0,0,182778,182779
17698,1,0,0,0,164870,164871
17700,10,1,0,0,210790,210791
17701,1,0,0,0,164868,164869
17702,1,1,0,0,134455,134456
17703,1,1,0,0,134457,134458
17704,1,0,0,0,164866,164867
17705,1,0,0,0,0,164865
17706,9,0,0,0,319850,0
17708,1,0,0,0,164862,164863
17709,10,1,0,0,210788,210789
17710,4,0,0,0,174786,174787
17711,19,0,0,0,319851,0
17712,4,1,0,0,144067,144068
17713,10,0,0,0,210503,210505
17714,9,0,0,0,319852,0
17716,19,0,0,0,319853,0
17717,9,1,0,0,319854,0
17718,17,0,0,0,319855,0
17719,17,0,0,0,319856,0
17720,17,0,0,0,319857,0
17721,7,0,0,0,182776,182777
17723,1,1,0,0,134459,134460
17724,4,1,0,0,144065,144066
17725,3,0,0,0,319858,319859
17726,1,1,0,0,134461,134462
17727,9,1,0,0,319860,0
17728,7,1,0,0,118926,118927
17729,1,1,0,0,134463,134464
17730,1,1,0,0,134465,134466
17731,1,0,0,0,164860,164861
17732,9,0,0,0,319861,0
17733,8,1,0,0,0,177562
17734,9,1,0,0,319862,0
17735,9,0,0,0,319863,0
17736,9,0,0,0,319864,0
17737,7,0,0,0,182774,182775
17738,3,0,0,0,319865,319866
17739,3,0,0,0,319867,319868
17741,1,1,0,0,134467,134468
17742,1,0,0,0,164858,164859
17743,8,0,0,0,158208,158209
17744,17,0,0,0,319869,0
17746,1,0,0,0,164856,164857
17747,4,0,0,0,174784,174785
17748,10,1,0,0,210786,210787
17749,1,0,0,0,164854,164855
17750,1,1,0,0,134469,134470
17751,1,1,0,0,134471,134472
17753,1,0,0,0,164852,164853
17755,1,1,0,0,134473,134474
17756,1,1,0,0,134475,134476
17757,6,0,0,0,115676,115677
17758,3,0,0,0,319870,319871
17759,1,0,0,0,164850,164851
17760,3,0,0,0,319872,319873
17761,2,0,0,0,171404,171405
17762,5,0,0,0,190477,190478
17763,1,1,0,0,134477,134478
17764,1,1,0,0,134479,134480
17765,9,0,0,0,319874,0
17766,21,0,0,0,319875,0
17767,18,0,0,0,319876,0
17768,18,0,0,0,319877,0
17769,7,0,0,0,182772,182773
17770,5,0,0,0,190475,190476
17771,1,0,0,0,164848,164849
17772,1,1,0,0,134481,134482
17773,1,1,0,0,134483,134484
17774,18,0,0,0,319878,0
17775,18,0,0,0,319879,0
17776,18,0,0,0,319880,0
17777,18,0,0,0,319881,0
17778,1,0,0,0,164846,164847
17779,1,0,0,0,164844,164845
17780,10,1,0,0,210784,210785
17781,1,1,0,0,134485,134486
17782,3,0,0,0,319882,319883
17783,3,0,0,0,319884,319885
17784,3,0,0,0,319886,319887
17785,10,0,0,0,210500,210501
17786,3,0,0,0,319888,319889
17788,9,0,0,0,319890,0
17789,1,0,0,0,164842,164843
17790,1,0,0,0,164840,164841
17791,1,1,0,0,134487,134488
17792,3,0,0,0,319891,319892
17793,3,0,0,0,319893,319894
17794,1,0,0,0,164838,164839
17795,9,0,0,0,319895,0
17796,3,0,0,0,319896,319897
17797,3,0,0,0,0,319899
17798,3,0,0,0,319900,319901
17799,3,0,0,0,319902,319903
17800,2,1,0,0,113861,113862
17801,16,0,0,0,253954,0
17805,3,0,0,0,319904,319905
17806,3,0,0,0,319906,319907
17807,1,1,0,0,134489,134490
17808,3,0,0,0,319908,319909
17809,3,0,0,0,319910,319911
17810,3,1,0,0,117561,117562
17811,3,0,0,0,319912,319913
17812,2,0,0,0,171402,171403
17813,6,1,0,0,136507,136508
17815,8,1,0,0,177559,177560
17816,4,0,0,0,174782,174783
17817,11,1,0,0,150518,150519
17818,6,0,0,0,115678,115679
17819,10,1,0,0,210782,210783
17820,1,0,0,0,164836,164837
17821,3,0,0,0,319914,319915
17822,3,0,0,0,319916,319917
17823,2,0,0,0,171400,171401
17824,1,0,0,0,164834,164835
17825,1,0,0,0,164832,164833
17826,10,1,0,0,210780,210781
17827,1,0,0,0,164830,164831
17828,9,0,0,0,319918,0
17829,9,0,0,0,319919,0
17830,9,1,0,0,319920,0
17831,9,0,0,0,319921,0
17832,9,1,0,0,319922,0
17833,9,0,0,0,319923,0
17834,9,0,0,0,319924,0
17835,1,0,0,0,164828,164829
17836,2,0,0,0,171398,171399
17837,10,1,0,0,210778,210779
17838,16,0,0,0,253953,0
17839,16,0,0,0,253952,0
17840,3,0,0,0,319925,319926
17841,3,1,0,0,117563,117564
17842,3,0,0,0,319927,319928
17844,3,0,0,0,319929,319930
17845,3,1,0,0,117565,117566
17846,6,0,0,0,115680,115681
17847,2,0,0,0,171396,171397
17848,8,0,0,0,158206,158207
17849,5,1,0,0,148120,148121
17850,3,0,0,0,319931,319932
17851,19,0,0,0,319933,0
17852,17,0,0,0,319934,0
17853,17,0,0,0,319935,0
17854,17,0,0,0,319936,0
17855,17,0,0,0,319937,0
17856,17,0,0,0,319938,0
17857,17,0,0,0,319939,0
17858,6,1,0,0,136509,136510
17859,19,0,0,0,319940,0
17860,19,0,0,0,319941,0
17861,6,1,0,0,136511,136512
17862,19,0,0,0,319942,0
17863,19,0,0,0,319943,0
17864,19,0,0,0,319944,0
17867,1,0,6,0,164826,164827
17869,8,1,0,0,177557,177558
17870,19,0,0,0,319945,0
17871,19,0,0,0,319946,0
17872,19,0,0,0,319947,0
17873,19,0,0,0,319948,0
17874,19,0,0,0,319949,0
17875,17,0,0,0,319950,0
17876,16,0,0,0,253951,0
17877,1,1,0,0,134491,134492
17878,16,0,0,0,253950,0
17879,16,0,0,0,253949,0
17880,16,0,0,0,253948,0
17881,16,0,0,0,253947,0
17882,16,0,0,0,253946,0
17883,16,0,0,0,253945,0
17884,11,0,6,0,131353,131354
17885,1,0,6,0,164824,164825
17886,5,1,0,0,148122,148123
17887,2,0,6,0,171394,171395
17889,1,0,0,0,164822,164823
17890,1,0,6,0,164820,164821
17892,1,0,0,0,164818,164819
17893,1,0,0,0,164813,164814
17894,10,1,0,0,210776,210777
17895,9,0,0,0,319951,0
17896,6,0,6,0,115682,115683
17897,16,0,0,0,253944,0
17898,16,0,0,0,253943,0
17899,1,0,6,0,164811,164812
17900,1,0,0,0,164809,164810
17901,1,0,0,0,164807,164808
17902,7,1,0,0,118924,118925
17904,1,0,0,0,164805,164806
17905,21,0,0,0,319952,0
17906,8,0,0,0,158204,158205
17907,4,1,6,0,144063,144064
17908,2,0,0,0,171392,171393
17909,4,0,0,0,174780,174781
17910,1,0,0,0,164803,164804
17911,6,0,0,0,115684,115685
17912,11,1,0,0,150520,150521
17913,10,0,0,0,210497,210499
17914,10,0,0,0,210494,210495
17915,10,1,0,0,210774,210775
17916,3,0,0,0,319953,319954
17917,1,0,6,0,164801,164802
17918,2,0,6,0,171390,171391
17919,4,1,6,0,144061,144062
17920,8,1,6,0,177555,177556
17921,8,0,0,0,158202,158203
17922,20,0,0,0,319955,0
17923,20,0,0,0,319956,0
17924,20,0,0,0,319957,0
17925,9,0,0,0,319958,0
17926,9,0,0,0,319959,0
17927,9,1,0,0,319960,0
17928,9,1,0,0,319961,0
17929,1,0,0,0,164799,164800
17930,11,0,6,0,131351,131352
17931,1,0,0,0,164797,164798
17932,3,0,0,0,319962,319963
17933,10,0,0,0,210490,210492
17934,10,0,0,0,210487,210489
17935,1,0,0,0,164795,164796
17936,10,0,0,0,210484,210486
17937,10,0,0,0,210481,210483
17938,10,1,0,0,210772,210773
17939,10,1,0,0,210770,210771
17940,10,0,0,0,210478,210480
17941,10,0,0,0,210475,210477
17942,10,1,0,0,210768,210769
17943,10,1,0,0,210766,210767
17944,10,1,0,0,210764,210765
17945,10,1,0,0,210762,210763
17946,10,0,0,0,210472,210473
17947,10,0,0,0,210468,210470
17948,10,1,0,0,210760,210761
17949,10,1,0,0,210758,210759
17950,10,0,0,0,210465,210467
17951,10,1,0,0,210756,210757
17952,1,0,0,0,164793,164794
17953,10,0,0,0,210462,210463
17954,10,1,0,0,210754,210755
17955,10,0,0,0,210460,210461
17956,10,1,0,0,210752,210753
17957,10,0,0,0,210458,210459
17958,10,0,0,0,210456,210457
17959,10,0,0,0,210454,210455
17960,16,0,0,0,253942,0
17961,16,0,0,0,253941,0
17962,16,0,0,0,253940,0
17963,16,0,0,0,253939,0
17964,2,1,0,0,113859,113860
17966,10,1,6,0,210750,210751
17967,1,0,6,0,164791,164792
17968,5,1,0,0,148124,148125
17969,3,0,6,0,319964,319965
17970,1,0,0,0,164789,164790
17971,19,0,0,0,319966,0
17972,19,0,0,0,319967,0
17973,19,0,0,0,319968,0
17974,19,0,0,0,319969,0
17975,19,0,0,0,319970,0
17976,19,0,0,0,319971,0
17977,19,0,0,0,319972,0
17978,19,0,0,0,319973,0
17979,19,0,0,0,319974,0
17980,1,0,6,0,164787,164788
17981,6,0,0,0,115686,115687
17982,1,0,0,0,164785,164786
17983,1,0,0,0,164783,164784
17984,1,0,0,0,164781,164782
17985,19,0,0,0,319975,0
17986,1,1,0,0,134493,134494
17987,1,0,0,0,164779,164780
17988,1,0,0,0,164777,164778
17989,3,0,0,0,319976,319977
17990,1,1,0,0,134495,134496
17991,1,0,0,0,164775,164776
17992,1,0,0,0,164773,164774
17993,1,1,0,0,134497,134498
17994,3,1,0,0,117567,117568
17995,1,0,0,0,164771,164772
17996,7,0,0,0,182770,182771
17997,7,1,0,0,118922,118923
17998,3,0,0,0,319978,319979
17999,7,0,0,0,182768,182769
18000,1,0,0,0,164769,164770
18003,19,0,0,0,319980,0
18004,3,0,0,0,319981,319982
18005,10,1,0,0,210748,210749
18006,1,0,0,0,164767,164768
18007,1,1,0,0,134499,134500
18008,10,1,0,0,210746,210747
18009,10,1,0,0,210744,210745
18010,1,1,0,0,134501,134502
18011,1,0,0,0,164765,164766
18012,3,0,0,0,319983,319984
18013,1,0,0,0,164763,164764
18014,3,0,0,0,319985,319986
18016,1,0,0,0,164761,164762
18017,1,0,0,0,164759,164760
18018,2,0,0,0,171388,171389
18019,1,1,0,0,134503,134504
18020,7,1,0,0,118920,118921
18021,8,1,0,0,177553,177554
18023,5,1,0,0,148126,148127
18025,9,0,0,0,319987,0
18026,16,0,0,0,253938,0
18031,16,0,0,0,253937,0
18034,21,0,0,0,319988,0
18036,21,0,0,0,319989,0
18042,21,0,0,0,319990,0
18043,21,0,0,0,319991,0
18044,21,0,0,0,319992,0
18045,21,0,0,0,319993,0
18046,21,0,0,0,319994,0
18047,21,0,0,0,319995,0
18048,21,0,0,0,319996,0
18049,21,0,0,0,319997,0
18050,21,0,0,0,319998,0
18051,21,0,0,0,319999,0
18055,21,0,0,0,320000,0
18056,21,0,0,0,320001,0
18057,21,0,0,0,320002,0
18058,21,0,0,0,320003,0
18059,21,0,0,0,320004,0
18060,21,0,0,0,320005,0
18061,21,0,0,0,320006,0
18062,21,0,0,0,320007,0
18063,21,0,0,0,320008,0
18064,21,0,0,0,320009,0
18065,19,0,0,0,320010,0
18066,19,0,0,0,320011,0
18067,19,0,0,0,320012,0
18068,1,0,0,0,0,164758
18069,1,0,0,0,164755,164756
18070,1,0,0,0,164753,164754
18071,1,0,0,0,164751,164752
18072,1,1,0,0,134505,134506
18073,1,0,0,0,164749,164750
18074,1,0,0,0,164734,164735
18075,1,0,0,0,164732,164733
18076,7,1,6,0,118918,118919
18077,1,0,0,0,164730,164731
18079,3,0,0,0,320013,320014
18080,4,1,0,0,144059,144060
18081,7,1,0,0,118916,118917
18082,2,0,0,0,171386,171387
18083,8,1,0,0,177551,177552
18084,5,0,0,0,190473,190474
18085,6,1,0,0,136513,136514
18086,1,0,0,0,164728,164729
18087,21,0,0,0,320015,0
18088,1,0,0,0,164726,164727
18089,1,1,0,0,134507,134508
18090,8,1,0,0,177549,177550
18091,8,0,0,0,158198,158199
18092,1,1,0,0,134509,134510
18093,11,0,0,0,131349,131350
18094,2,1,0,0,113857,113858
18095,10,0,0,0,210452,210453
18096,3,1,0,0,117569,117570
18097,4,1,0,0,144057,144058
18098,5,1,0,0,148128,148129
18099,6,0,0,0,115689,115690
18100,8,0,0,0,158196,158197
18101,7,0,0,0,182766,182767
18102,8,0,0,0,158172,158173
18103,1,0,0,0,164724,164725
18104,4,1,0,0,144055,144056
18105,10,0,0,0,210450,210451
18106,2,1,0,0,113855,113856
18107,1,0,0,0,164722,164723
18108,1,0,0,0,164720,164721
18109,1,0,0,0,164718,164719
18110,1,0,0,0,164716,164717
18111,1,0,0,0,164714,164715
18112,2,0,0,0,171384,171385
18113,9,1,0,0,320016,0
18114,1,0,0,0,164712,164713
18115,16,0,0,0,253936,0
18116,16,0,0,0,253935,0
18117,16,0,0,0,253934,0
18118,16,0,0,0,253933,0
18119,1,0,0,0,164710,164711
18120,1,0,0,0,164708,164709
18121,1,0,0,0,164706,164707
18122,1,1,0,0,134511,134512
18123,1,0,0,0,164704,164705
18124,1,1,0,0,134513,134514
18125,1,1,0,0,0,134516
18126,1,0,0,0,164702,164703
18127,1,0,0,0,164700,164701
18128,1,0,0,0,164698,164699
18129,9,0,0,0,320017,0
18130,8,0,0,0,158170,158171
18131,8,1,0,0,177547,177548
18132,1,1,0,0,134517,134518
18133,5,0,0,0,190471,190472
18134,1,1,0,0,134519,134520
18135,4,0,0,0,174778,174779
18136,16,0,0,0,253932,0
18137,11,0,0,0,131347,131348
18138,3,1,0,0,117571,117572
18139,8,0,0,0,158168,158169
18140,5,0,0,0,190469,190470
18141,10,1,0,0,210742,210743
18142,5,1,0,0,148130,148131
18143,1,0,0,0,164696,164697
18144,4,1,0,0,144053,144054
18145,11,1,0,0,150524,150525
18146,3,0,0,0,320018,320019
18147,5,0,0,0,190467,190468
18148,10,0,0,0,210448,210449
18149,5,1,0,0,148132,148133
18150,8,1,0,0,177545,177546
18151,11,0,0,0,131345,131346
18152,21,0,0,0,320020,0
18153,16,0,0,0,253931,0
18154,21,0,0,0,320021,0
18155,21,0,0,0,320022,0
18156,7,0,0,0,182764,182765
18157,2,1,0,0,113853,113854
18158,1,0,0,0,164677,164678
18159,2,0,0,0,171382,171383
18160,1,1,0,0,134521,134522
18161,1,1,0,0,134523,134524
18162,16,0,0,0,253930,0
18163,1,1,0,0,134525,134526
18164,16,0,0,0,253929,0
18165,16,0,0,0,253928,0
18166,16,0,0,0,253927,0
18167,2,0,0,0,171380,171381
18169,2,0,0,0,171378,171379
18170,2,1,0,0,113851,113852
18171,8,0,0,0,158166,158167
18172,3,0,0,0,320023,320024
18173,3,0,0,0,320025,320026
18174,3,1,0,0,117573,117574
18175,3,1,0,0,117575,117576
18177,3,0,0,0,320027,320028
18178,2,0,0,0,171376,171377
18179,2,0,0,0,171374,171375
18180,2,1,0,0,113849,113850
18181,2,1,0,0,113847,113848
18183,21,0,0,0,320029,0
18184,21,0,0,0,320030,0
18185,21,0,0,0,320031,0
18186,2,0,0,0,171372,171373
18189,9,0,0,0,320032,0
18190,16,0,0,0,253926,0
18194,21,0,0,0,320033,0
18195,9,0,0,0,320034,0
18196,9,0,0,0,320035,0
18197,9,1,0,0,320036,0
18198,2,0,0,0,171370,171371
18199,21,0,0,0,320037,0
18200,2,0,0,0,171368,171369
18201,2,1,0,0,113845,113846
18202,8,1,0,0,177543,177544
18203,21,0,0,0,320038,0
18204,1,1,0,0,134527,134528
18205,3,0,0,0,320039,320040
18206,2,1,0,0,113843,113844
18207,9,0,0,0,320041,0
18208,8,1,0,0,177541,177542
18209,11,0,0,0,131343,131344
18210,1,0,0,0,164675,164676
18211,10,1,6,0,210740,210741
18212,2,0,6,0,171366,171367
18213,16,0,0,0,253925,0
18214,16,0,0,0,253924,0
18215,16,0,0,0,253923,0
18216,2,1,0,0,113841,113842
18217,1,0,0,0,164673,164674
18218,1,1,0,0,134529,134530
18219,7,1,0,0,118914,118915
18220,7,0,0,0,182762,182763
18221,8,0,0,0,158164,158165
18222,8,1,0,0,177539,177540
18223,6,0,0,0,115691,115692
18224,6,1,0,0,136515,136516
18225,5,0,0,0,190465,190466
18226,5,0,0,0,190463,190464
18227,5,1,0,0,148134,148135
18228,5,1,0,0,148136,148137
18229,1,0,0,0,164671,164672
18230,8,1,0,0,177537,177538
18231,1,0,0,0,164669,164670
18232,6,1,0,0,136517,136518
18233,5,0,0,0,190461,190462
18234,8,0,0,0,158162,158163
18235,4,1,6,0,144051,144052
18237,8,1,0,0,177535,177536
18238,2,0,0,0,171364,171365
18239,2,0,0,0,171362,171363
18240,2,1,0,0,113839,113840
18241,2,1,0,0,113837,113838
18242,8,1,0,0,177533,177534
18243,4,0,6,0,174776,174777
18244,4,0,6,0,174774,174775
18245,4,1,0,0,144049,144050
18246,4,0,6,0,174772,174773
18247,4,1,6,0,144047,144048
18248,3,0,0,0,320042,320043
18249,9,0,0,0,320044,0
18250,16,0,0,0,253922,0
18251,5,0,0,0,190459,190460
18252,10,0,6,0,210446,210447
18253,21,0,0,0,320045,0
18254,21,0,0,0,320046,0
18255,1,0,0,0,164667,164668
18257,2,1,0,0,113835,113836
18258,4,0,0,0,174770,174771
18259,5,1,0,0,148138,148139
18260,8,1,0,0,177531,177532
18261,10,0,0,0,210444,210445
18262,10,1,6,0,210738,210739
18263,1,0,6,0,164665,164666
18264,16,0,0,0,253921,0
18265,20,0,0,0,320047,0
18266,1,0,0,0,164663,164664
18267,1,1,0,0,134531,134532
18268,1,1,0,0,134533,134534
18269,1,0,0,0,164661,164662
18270,1,0,0,0,164659,164660
18271,1,1,0,0,134535,134536
18272,8,1,0,0,177529,177530
18273,16,0,0,0,253920,0
18274,16,0,0,0,253919,0
18275,1,0,0,0,164657,164658
18276,16,0,0,0,253918,0
18277,16,0,0,0,253917,0
18278,21,0,0,0,320048,0
18280,21,0,0,0,320049,0
18281,18,0,0,0,320050,0
18282,18,0,0,0,320051,0
18283,18,0,0,0,320052,0
18284,18,0,0,0,320053,0
18285,18,0,0,0,320054,0
18286,18,0,0,0,320055,0
18287,18,0,0,0,320056,0
18288,18,0,0,0,320057,0
18289,18,0,0,0,320058,0
18290,18,0,0,0,320059,0
18291,18,0,0,0,320060,0
18292,18,0,0,0,320061,0
18293,18,0,0,0,320062,0
18294,18,0,0,0,320063,0
18295,18,0,0,0,320064,0
18296,18,0,0,0,320065,0
18297,18,0,0,0,320066,0
18298,18,0,0,0,320067,0
18299,21,0,0,0,320068,0
18300,8,1,0,0,177527,177528
18301,8,1,0,0,177525,177526
18302,21,0,0,0,320069,0
18303,21,0,0,0,320070,0
18304,8,1,0,0,177523,177524
18305,21,0,0,0,320071,0
18306,8,1,0,0,177521,177522
18307,21,0,0,0,320072,0
18308,8,1,0,0,177519,177520
18309,21,0,0,0,320073,0
18310,8,1,0,0,177517,177518
18311,21,0,0,0,320074,0
18312,8,1,0,0,177515,177516
18313,21,0,0,0,320075,0
18314,21,0,0,0,320076,0
18316,8,1,0,0,177513,177514
18317,21,0,0,0,320077,0
18318,21,0,0,0,320078,0
18319,1,0,0,0,0,164656
18320,4,0,0,0,174768,174769
18321,1,1,0,0,134537,134538
18324,10,1,0,0,210736,210737
18325,5,0,0,0,190457,190458
18326,16,0,0,0,253916,0
18328,4,0,6,0,174766,174767
18329,4,1,6,0,144045,144046
18330,10,1,0,0,210734,210735
18331,2,0,0,0,171360,171361
18332,1,0,0,0,164653,164654
18333,1,0,0,0,164651,164652
18334,5,0,0,0,190455,190456
18335,2,0,6,0,171358,171359
18336,7,1,0,0,118912,118913
18337,9,1,0,0,320079,0
18338,10,0,0,0,210442,210443
18339,3,0,0,0,320080,320081
18340,20,0,0,0,320082,0
18341,16,0,0,0,253915,0
18342,1,0,0,0,164649,164650
18343,1,0,6,0,164647,164648
18344,10,0,0,0,210440,210441
18345,1,1,0,0,134539,134540
18346,10,1,0,0,210732,210733
18347,10,1,0,0,210730,210731
18348,10,0,0,0,210438,210439
18349,10,0,0,0,210436,210437
18350,1,0,6,0,164645,164646
18351,10,0,6,0,210434,210435
18352,4,0,6,0,174764,174765
18353,5,1,0,0,148140,148141
18354,11,0,0,0,131341,131342
18355,10,0,0,0,210432,210433
18356,1,0,0,0,164643,164644
18357,20,0,0,0,320083,0
18358,20,0,0,0,320084,0
18359,20,0,0,0,320085,0
18360,20,0,0,0,320086,0
18361,20,0,0,0,320087,0
18362,20,0,0,0,320088,0
18363,20,0,0,0,320089,0
18364,20,0,0,0,320090,0
18365,20,0,0,0,320091,0
18366,20,0,0,0,320092,0
18367,2,0,0,0,171356,171357
18368,1,0,0,0,164641,164642
18369,1,0,0,0,164639,164640
18370,5,0,0,0,190453,190454
18371,5,0,0,0,190451,190452
18372,5,0,0,0,190449,190450
18373,5,0,0,0,190447,190448
18374,5,1,0,0,148142,148143
18375,5,1,0,0,148144,148145
18376,5,1,0,0,148146,148147
18377,5,1,0,0,148148,148149
18378,1,0,0,0,0,164638
18379,2,1,0,0,113833,113834
18380,1,0,0,0,164635,164636
18381,1,0,0,0,164633,164634
18382,1,1,0,0,134541,134542
18383,1,0,0,0,164631,164632
18385,1,0,0,0,164629,164630
18388,10,0,0,0,210430,210431
18389,10,1,0,0,210728,210729
18391,1,1,0,0,134543,134544
18392,10,0,0,0,210428,210429
18393,10,1,0,0,210726,210727
18394,10,1,0,0,210724,210725
18395,10,0,0,0,210426,210427
18396,10,1,0,0,210722,210723
18397,10,0,0,0,210424,210425
18398,8,0,0,0,158160,158161
18399,2,0,0,0,171354,171355
18400,2,0,0,0,171352,171353
18401,2,1,0,0,113831,113832
18403,11,1,6,0,150526,150527
18404,8,0,6,0,158158,158159
18405,1,0,6,0,164627,164628
18406,10,0,6,0,210422,210423
18407,1,0,0,0,164625,164626
18408,9,1,0,0,320093,0
18409,9,0,0,0,320094,0
18410,9,0,0,0,320095,0
18411,9,0,0,0,320096,0
18412,1,0,0,0,164623,164624
18413,1,0,0,0,164621,164622
18414,1,0,0,0,164619,164620
18415,1,0,0,0,164617,164618
18416,1,0,0,0,164615,164616
18417,9,0,0,0,320097,0
18418,9,0,0,0,320098,0
18419,9,0,0,0,320099,0
18420,9,0,0,0,320100,0
18421,20,0,0,0,320101,0
18422,1,0,0,0,164613,164614
18423,1,0,0,0,164611,164612
18424,1,1,0,0,134545,134546
18425,1,0,0,0,164609,164610
18426,1,1,0,0,134547,134548
18427,1,1,0,0,134549,134550
18428,7,1,0,0,118910,118911
18429,9,0,0,0,320102,0
18430,16,0,0,0,253914,0
18431,1,1,0,0,134551,134552
18432,1,1,0,0,134553,134554
18433,1,0,0,0,164607,164608
18434,1,0,0,0,164605,164606
18435,1,0,0,0,164603,164604
18436,1,0,0,0,164601,164602
18437,1,0,0,0,164599,164600
18438,1,0,0,0,164597,164598
18439,17,0,0,0,320103,0
18440,17,0,0,0,320104,0
18441,17,0,0,0,320105,0
18442,17,0,0,0,320106,0
18443,1,0,0,0,164595,164596
18444,20,0,0,0,320107,0
18445,2,0,0,0,171350,171351
18446,2,0,0,0,171348,171349
18447,2,0,0,0,171346,171347
18448,2,0,0,0,171344,171345
18449,2,0,0,0,171342,171343
18450,2,0,0,0,171340,171341
18451,2,0,0,0,171338,171339
18452,2,0,0,0,171336,171337
18453,2,0,0,0,171334,171335
18454,1,1,0,0,134555,134556
18455,2,0,0,0,171332,171333
18456,2,0,0,0,171330,171331
18457,1,1,0,0,134557,134558
18458,19,0,0,0,320108,0
18459,6,1,0,0,136519,136520
18460,3,0,0,0,0,320110
18461,3,1,0,0,0,117578
18462,1,0,0,0,0,164594
18463,2,0,0,0,171328,171329
18464,2,0,0,0,171326,171327
18465,17,0,0,0,320111,0
18466,1,1,0,0,134559,134560
18467,1,1,0,0,134561,134562
18468,1,1,0,0,134563,134564
18469,1,0,0,0,164591,164592
18470,1,0,0,0,164589,164590
18471,1,0,0,0,164587,164588
18472,10,0,0,0,210420,210421
18473,10,0,0,0,210418,210419
18474,10,0,0,0,210416,210417
18475,1,0,6,0,164585,164586
18476,1,1,6,0,134565,134566
18477,1,1,0,0,134567,134568
18478,16,0,0,0,253913,0
18479,21,0,0,0,320112,0
18480,21,0,0,0,320113,0
18481,2,0,0,0,171324,171325
18482,2,0,0,0,171322,171323
18483,1,0,0,0,164583,164584
18484,1,0,0,0,164581,164582
18485,1,0,0,0,164579,164580
18486,1,0,0,0,164577,164578
18487,1,0,0,0,164575,164576
18488,1,0,0,0,164573,164574
18489,1,1,0,0,134569,134570
18490,21,0,0,0,320114,0
18491,1,0,0,0,164571,164572
18492,1,1,0,0,134571,134572
18493,21,0,0,0,320115,0
18494,21,0,0,0,320116,0
18495,21,0,0,0,320117,0
18496,21,0,0,0,320118,0
18497,21,0,0,0,320119,0
18498,21,0,0,0,320120,0
18499,21,0,0,0,320121,0
18500,21,0,0,0,320122,0
18501,21,0,0,0,320123,0
18502,10,0,0,0,210414,210415
18503,21,0,0,0,320124,0
18504,21,0,0,0,320125,0
18505,8,1,0,0,177511,177512
18506,8,1,0,0,177509,177510
18507,21,0,0,0,320126,0
18508,1,0,0,0,164569,164570
18509,8,1,0,0,177507,177508
18510,21,0,0,0,320127,0
18511,21,0,0,0,320128,0
18512,21,0,0,0,320129,0
18513,21,0,0,0,320130,0
18514,21,0,0,0,320131,0
18515,21,0,0,0,320132,0
18516,1,0,6,0,164567,164568
18517,21,0,0,0,320133,0
18518,21,0,0,0,320134,0
18519,21,0,0,0,320135,0
18520,21,0,0,0,320136,0
18521,21,0,0,0,320137,0
18522,1,0,0,0,164565,164566
18523,1,0,0,0,164563,164564
18524,1,0,0,0,164561,164562
18525,1,0,0,0,164559,164560
18526,8,1,0,0,177505,177506
18527,6,0,0,0,115693,115694
18528,2,0,0,0,171320,171321
18529,1,0,0,0,164557,164558
18530,1,1,0,0,134573,134574
18531,3,0,0,0,320138,320139
18532,1,1,0,0,134575,134576
18533,1,1,0,0,134577,134578
18534,1,1,0,0,134579,134580
18535,4,1,0,0,144043,144044
18536,1,0,0,0,164555,164556
18537,1,0,0,0,164553,164554
18538,2,0,0,0,171318,171319
18539,5,0,0,0,190445,190446
18540,3,0,6,0,192037,192038
18541,1,1,6,0,134581,134582
18542,8,0,6,0,158156,158157
18543,2,1,6,0,113829,113830
18544,2,0,0,0,171316,171317
18545,9,1,0,0,320140,0
18546,9,1,0,0,320141,0
18547,9,0,0,0,320142,0
18548,9,0,0,0,320143,0
18549,9,1,0,0,320144,0
18550,1,0,0,0,164551,164552
18551,1,1,0,0,134583,134584
18552,1,1,0,0,134585,134586
18553,8,1,0,0,177503,177504
18554,8,1,0,0,177501,177502
18555,1,1,0,0,134587,134588
18556,11,0,0,0,131339,131340
18557,6,0,0,0,115695,115696
18558,2,0,0,0,171314,171315
18559,7,1,0,0,118908,118909
18560,5,1,0,0,148150,148151
18561,3,1,0,0,117579,117580
18562,4,1,0,0,144041,144042
18563,8,0,0,0,158154,158155
18564,10,1,0,0,210720,210721
18565,7,0,0,0,182760,182761
18566,1,0,0,0,164549,164550
18567,5,0,0,0,190443,190444
18568,8,1,0,0,177499,177500
18569,10,0,0,0,210412,210413
18570,11,1,0,0,150528,150529
18571,9,0,0,0,320145,0
18575,7,0,0,0,182758,182759
18576,7,0,0,0,182756,182757
18577,7,1,0,0,118906,118907
18578,7,1,0,0,118904,118905
18579,9,0,0,0,320146,0
18580,9,1,0,0,320147,0
18581,9,1,0,0,320148,0
18582,9,0,0,0,320149,0
18583,2,0,0,0,171312,171313
18584,2,1,0,0,113827,113828
18585,2,1,0,0,113825,113826
18586,3,1,0,0,117581,117582
18587,3,1,0,0,117583,117584
18589,1,0,0,0,164547,164548
18590,1,1,0,0,134589,134590
18591,9,0,0,0,320150,0
18592,10,1,0,0,210718,210719
18593,1,1,0,0,134591,134592
18594,1,0,0,0,164545,164546
18595,1,1,0,0,134593,134594
18596,1,0,0,0,164543,164544
18597,10,0,0,0,210410,210411
18598,10,1,0,0,210713,210717
18599,20,0,0,0,320151,0
18600,20,0,0,0,320152,0
18601,11,0,6,0,131337,131338
18602,4,1,6,0,144039,144040
18603,6,1,6,0,136521,136522
18604,2,0,6,0,171310,171311
18605,3,0,0,0,320153,320154
18606,1,1,0,0,134595,134597
18607,3,0,0,0,320155,320156
18608,8,0,0,0,158152,158153
18609,1,0,0,0,164541,164542
18610,10,1,0,0,210711,210712
18611,7,0,0,0,182754,182755
18612,9,1,0,0,320157,0
18613,7,0,0,0,182752,182753
18614,7,0,0,0,182750,182751
18615,7,1,0,0,118902,118903
18616,7,1,0,0,118900,118901
18617,20,0,0,0,320158,0
18618,20,0,0,0,320159,0
18619,9,0,0,0,320160,0
18620,9,0,0,0,320161,0
18621,9,1,0,0,320162,0
18622,9,1,0,0,320163,0
18623,9,0,0,0,320164,0
18624,3,0,0,0,320165,320166
18625,1,0,0,0,164539,164540
18626,1,0,0,0,164537,164538
18627,1,1,0,0,134598,134599
18628,9,1,0,0,320167,0
18629,10,1,6,0,210709,210710
18630,1,1,0,0,134600,134601
18631,16,0,0,0,253912,0
18632,16,0,0,0,253911,0
18633,16,0,0,0,253910,0
18634,16,0,0,0,253909,0
18635,1,1,0,0,134602,134603
18636,1,0,0,0,164535,164536
18637,2,1,0,0,113823,113824
18638,16,0,0,0,253908,0
18639,16,0,0,0,253907,0
18640,16,0,0,0,253906,0
18641,16,0,0,0,253905,0
18642,16,0,0,0,253904,0
18643,1,0,0,0,164533,164534
18644,2,0,0,0,171308,171309
18645,3,1,0,0,117585,117586
18646,5,1,0,0,148152,148153
18647,8,0,0,0,158150,158151
18648,5,0,0,0,190441,190442
18649,10,0,6,0,210408,210409
18650,1,0,0,0,164531,164532
18651,4,0,0,0,174762,174763
18652,1,0,0,0,164529,164530
18653,1,0,0,0,164527,164528
18655,3,0,0,0,0,320169
18656,11,0,0,0,131335,131336
18657,11,0,0,0,131333,131334
18658,8,1,0,0,177497,177498
18659,9,0,0,0,320170,0
18660,1,0,0,0,164525,164526
18661,1,0,0,0,164523,164524
18662,1,0,0,0,164521,164522
18663,1,1,0,0,134604,134605
18664,3,0,0,0,320171,320172
18665,3,0,0,0,320173,320174
18666,3,1,0,0,117587,117588
18667,5,1,0,0,148154,148155
18668,5,0,0,0,190439,190440
18669,2,0,6,0,171306,171307
18670,3,1,0,0,117589,117590
18671,2,1,0,0,113821,113822
18672,1,0,0,0,164519,164520
18673,11,1,0,0,150530,150531
18674,7,0,0,0,182748,182749
18675,7,0,0,0,182746,182747
18676,1,0,0,0,164517,164518
18677,7,1,0,0,118898,118899
18678,10,1,0,0,210707,210708
18679,10,0,0,0,210406,210407
18680,1,0,0,0,164515,164516
18681,1,1,0,0,134606,134607
18682,10,0,0,0,210404,210405
18683,10,1,0,0,210705,210706
18684,10,1,0,0,210703,210704
18685,10,0,0,0,210402,210403
18686,1,1,0,0,134608,134609
18687,1,0,0,0,164513,164514
18688,10,0,0,0,210400,210401
18689,7,0,0,0,182744,182745
18690,1,0,0,0,164511,164512
18691,7,1,0,0,118896,118897
18692,1,0,0,0,164509,164510
18693,7,0,0,0,182742,182743
18694,10,1,0,0,210701,210702
18696,1,0,6,0,164507,164508
18697,2,0,6,0,171304,171305
18698,4,0,0,0,174760,174761
18699,1,0,0,0,164505,164506
18700,6,1,0,0,136523,136524
18701,7,1,0,0,118894,118895
18702,1,1,0,0,134610,134611
18703,7,0,0,0,182740,182741
18704,3,0,0,0,320175,320176
18705,10,1,0,0,210699,210700
18706,10,0,0,0,210398,210399
18707,3,0,0,0,320177,320178
18708,7,1,0,0,118892,118893
18709,2,1,0,0,113819,113820
18710,7,0,0,0,182738,182739
18711,8,1,0,0,0,177496
18712,1,0,0,0,164503,164504
18713,10,1,0,0,210697,210698
18714,1,0,0,0,164501,164502
18715,1,0,0,0,164499,164500
18716,4,1,0,0,144037,144038
18717,10,0,0,0,210396,210397
18718,1,1,0,0,134612,134613
18719,5,1,0,0,130201,130202
18720,10,1,0,0,210695,210696
18721,7,1,0,0,118890,118891
18722,7,1,0,0,118888,118889
18723,10,1,0,0,210693,210694
18724,7,0,0,0,182736,182737
18725,5,0,0,0,190437,190438
18726,11,1,0,0,150532,150533
18727,8,0,0,0,158148,158149
18728,1,1,0,0,134614,134615
18729,10,0,0,0,210394,210395
18730,2,0,0,0,171302,171303
18731,3,1,0,0,117591,117592
18732,2,0,0,0,171300,171301
18733,7,0,0,0,182734,182735
18734,1,1,0,0,134616,134617
18735,8,0,0,0,158146,158147
18736,4,0,0,0,174758,174759
18737,7,0,0,0,182732,182733
18738,6,0,0,0,115697,115698
18739,2,1,0,0,113817,113818
18740,17,0,0,0,320179,0
18742,10,1,0,0,210691,210692
18743,18,0,0,0,320180,0
18744,18,0,0,0,320181,0
18745,1,0,0,0,164497,164498
18746,21,0,0,0,320182,0
18747,2,1,0,0,113815,113816
18748,17,0,0,0,320183,0
18749,10,0,0,0,210392,210393
18750,10,0,0,0,210390,210391
18751,1,0,0,0,164495,164496
18752,8,0,0,0,158144,158145
18753,4,0,0,0,174756,174757
18754,7,0,0,0,182730,182731
18755,1,1,0,0,134618,134619
18756,5,0,0,0,190435,190436
18757,10,1,0,0,210689,210690
18758,2,1,0,0,113813,113814
18759,1,0,0,0,164493,164494
18760,3,1,0,0,117593,117594
18761,10,0,0,0,210388,210389
18762,5,1,0,0,148156,148157
18763,7,0,0,0,182728,182729
18764,4,1,0,0,144035,144036
18765,2,0,0,0,171298,171299
18766,6,1,0,0,136525,136526
18767,1,0,0,0,164491,164492
18768,1,1,0,0,134620,134621
18769,7,0,0,0,182726,182727
18770,1,1,0,0,134622,134623
18771,8,0,0,0,158142,158143
18772,8,0,0,0,158140,158141
18773,8,0,0,0,158138,158139
18774,8,0,0,0,158136,158137
18775,8,0,0,0,158134,158135
18776,8,0,0,0,158132,158133
18777,8,0,0,0,158130,158131
18778,8,0,0,0,158128,158129
18779,8,0,0,0,158126,158127
18780,8,1,0,0,177493,177494
18781,8,1,0,0,177491,177492
18782,8,1,0,0,177489,177490
18783,8,0,0,0,158124,158125
18784,8,1,0,0,177487,177488
18785,8,1,0,0,177485,177486
18786,8,0,0,0,158122,158123
18787,8,0,0,0,158120,158121
18788,8,0,0,0,158118,158119
18789,8,0,0,0,158116,158117
18790,8,0,0,0,158114,158115
18791,8,0,0,0,158112,158113
18792,8,0,0,0,158110,158111
18794,8,0,0,0,158108,158109
18795,8,1,0,0,177483,177484
18796,7,0,0,0,182724,182725
18797,1,0,0,0,164489,164490
18798,4,1,6,0,144033,144034
18799,4,1,0,0,144031,144032
18800,4,0,0,0,174754,174755
18801,4,0,0,0,174752,174753
18802,4,1,6,0,144029,144030
18803,17,0,0,0,320184,0
18804,17,0,0,0,320185,0
18805,11,1,6,0,150534,150535
18806,2,0,6,0,171296,171297
18807,4,1,11,0,0,144028
18808,6,0,11,0,0,115700
18809,4,0,0,0,174750,174751
18810,2,1,0,0,113811,113812
18811,7,1,0,0,118886,118887
18812,8,1,0,0,177481,177482
18813,3,0,0,0,320186,320187
18814,10,0,0,0,210386,210387
18815,3,1,0,0,117595,117596
18816,5,1,0,0,148158,148159
18817,1,1,0,0,134624,134625
18818,8,0,0,0,158106,158107
18819,11,0,0,0,131331,131332
18820,6,1,0,0,136527,136528
18821,1,0,0,0,164487,164488
18822,10,1,0,0,210687,210688
18823,2,0,0,0,171294,171295
18824,5,0,0,0,190433,190434
18825,8,0,0,0,158104,158105
18826,4,1,0,0,144025,144026
18827,4,1,0,0,144023,144024
18829,4,1,0,0,144021,144022
18830,4,0,0,0,174748,174749
18831,6,1,0,0,136529,136530
18832,8,0,0,0,158098,158099
18833,2,0,0,0,171292,171293
18834,7,1,0,0,118884,118885
18836,5,1,0,0,148160,148161
18837,5,1,0,0,148162,148163
18838,8,1,0,0,177479,177480
18839,1,1,0,0,134626,134627
18840,4,1,0,0,144019,144020
18841,5,0,0,0,190431,190432
18842,1,1,0,0,134628,134629
18843,5,1,0,0,148164,148165
18844,1,0,0,0,164485,164486
18845,9,0,0,0,320188,0
18846,9,1,0,0,320189,0
18847,4,1,0,0,144017,144018
18848,4,0,0,0,174746,174747
18849,4,0,0,0,174744,174745
18850,4,1,0,0,144015,144016
18851,4,1,0,0,144013,144014
18852,1,0,6,0,164483,164484
18853,1,0,0,0,164481,164482
18854,1,0,0,0,164479,164480
18855,9,0,0,0,320190,0
18856,5,0,0,0,190429,190430
18857,8,0,6,0,158096,158097
18858,7,0,6,0,182722,182723
18859,7,0,0,0,182720,182721
18860,7,0,0,0,182718,182719
18861,7,0,0,0,182716,182717
18862,8,0,0,0,158094,158095
18863,8,0,0,0,158092,158093
18864,8,1,0,0,177477,177478
18865,10,0,0,0,210384,210385
18866,10,1,0,0,210685,210686
18867,11,0,0,0,131329,131330
18868,8,1,0,0,177475,177476
18869,11,0,0,0,131327,131328
18870,6,0,0,0,115701,115702
18871,7,1,0,0,118882,118883
18872,7,0,0,0,182714,182715
18873,1,0,0,0,164477,164478
18874,4,1,0,0,144011,144012
18875,4,1,0,0,144009,144010
18876,2,0,0,0,171290,171291
18877,2,1,0,0,113809,113810
18878,11,1,0,0,150536,150537
18879,3,0,0,0,320191,320192
18880,4,1,0,0,144007,144008
18881,4,0,0,0,174742,174743
18882,4,1,0,0,144005,144006
18883,3,1,0,0,117597,117598
18884,2,0,0,0,171288,171289
18885,2,0,0,0,171286,171287
18886,2,1,0,0,113807,113808
18887,2,1,0,0,113805,113806
18888,6,1,0,0,136531,136532
18889,3,0,0,0,320193,320194
18890,2,0,0,0,171284,171285
18891,4,0,0,0,174740,174741
18892,4,0,0,0,174738,174739
18893,4,0,0,0,174736,174737
18894,4,0,0,0,174734,174735
18895,4,1,0,0,144003,144004
18896,1,1,0,0,134630,134631
18897,2,1,0,0,113803,113804
18898,8,0,0,0,158090,158091
18899,3,1,0,0,117599,117600
18900,7,0,0,0,182712,182713
18901,4,1,0,0,144001,144002
18902,5,0,0,0,190427,190428
18903,5,1,0,0,148166,148167
18904,4,0,0,0,174732,174733
18905,4,0,0,0,174730,174731
18906,4,0,0,0,174728,174729
18907,4,1,0,0,143999,144000
18908,4,1,0,0,143997,143998
18909,4,1,0,0,143995,143996
18910,1,1,0,0,134632,134633
18911,1,0,0,0,164475,164476
18912,1,0,0,0,164473,164474
18913,13,1,0,0,262211,0
18914,1,0,0,0,164471,164472
18915,13,0,0,0,258715,0
18916,13,1,0,0,262212,0
18917,13,0,0,0,258716,0
18918,13,1,0,0,262213,0
18919,13,1,0,0,262214,0
18920,13,0,0,0,258717,0
18921,5,0,0,0,190425,190426
18922,5,1,0,0,148168,148169
18923,9,0,6,0,320195,0
18924,4,0,0,0,174726,174727
18925,4,1,0,0,143993,143994
18927,6,1,0,0,136533,136534
18929,4,0,0,0,174724,174725
18930,4,1,0,0,143991,143992
18931,4,1,0,0,143989,143990
18932,4,1,0,0,143987,143988
18933,6,0,0,0,115703,115704
18934,6,1,0,0,136535,136536
18935,5,0,0,0,190423,190424
18936,10,1,0,0,210683,210684
18937,1,1,0,0,134634,134635
18938,10,0,0,0,210382,210383
18939,11,0,0,0,131325,131326
18940,11,1,0,0,150538,150539
18941,2,0,0,0,171282,171283
18942,2,0,0,0,171280,171281
18943,2,0,0,0,171278,171279
18944,2,1,0,0,113801,113802
18945,1,0,0,0,164469,164470
18946,10,0,0,0,210380,210381
18947,11,1,0,0,150540,150541
18948,3,0,0,0,320196,320197
18949,7,1,0,0,118880,118881
18950,4,0,0,0,174722,174723
18951,4,0,0,0,174720,174721
18952,2,1,0,0,113799,113800
18953,6,0,0,0,115705,115706
18954,8,1,0,0,177473,177474
18955,5,1,0,0,148170,148171
18956,7,0,0,0,182710,182711
18957,4,1,0,0,143985,143986
18958,4,1,0,0,143983,143984
18959,4,1,0,0,143981,143982
18960,4,1,0,0,143979,143980
18961,1,0,0,0,164467,164468
18962,1,1,0,0,134636,134637
18963,2,0,0,0,171276,171277
18964,2,0,0,0,171274,171275
18965,2,1,0,0,113797,113798
18966,6,0,0,0,115707,115708
18967,2,0,0,0,171272,171273
18968,2,0,0,0,171270,171271
18969,4,1,0,0,143977,143978
18970,4,1,0,0,143975,143976
18971,4,1,0,0,143973,143974
18972,4,1,0,0,143971,143972
18973,4,0,0,0,174718,174719
18974,6,0,0,0,115709,115710
18975,9,0,0,0,320198,0
18976,9,0,0,0,320199,0
18977,9,1,0,0,320200,0
18978,9,1,0,0,320201,0
18979,2,1,0,0,113795,113796
18980,10,0,0,0,210378,210379
18981,10,0,0,0,210376,210377
18982,10,1,0,0,210681,210682
18983,1,0,0,0,164465,164466
18984,10,1,0,0,210679,210680
18985,10,0,0,0,210374,210375
18986,10,0,0,0,210372,210373
18987,8,0,0,0,158088,158089
18988,1,0,0,0,164463,164464
18989,4,1,0,0,143969,143970
18990,4,1,0,0,143967,143968
18991,1,0,0,0,164461,164462
18992,2,1,0,0,113793,113794
18993,1,0,0,0,164459,164460
18994,5,0,0,0,190421,190422
18995,1,1,0,0,134638,134639
18996,10,1,0,0,210677,210678
18997,6,1,0,0,136537,136538
18998,1,1,0,0,134640,134641
18999,2,0,0,0,171268,171269
19000,4,1,6,0,143965,143966
19001,1,0,0,0,164457,164458
19002,10,0,0,0,210370,210371
19003,2,0,0,0,171261,171262
19004,1,0,0,0,164455,164456
19005,11,1,0,0,150542,150543
19006,7,1,0,0,118878,118879
19007,8,0,0,0,158086,158087
19008,3,0,0,0,320202,320203
19009,11,0,0,0,131323,131324
19010,6,0,0,0,115711,115712
19011,2,0,0,0,171259,171260
19012,11,1,0,0,150544,150545
19013,3,0,0,0,320204,320205
19014,2,1,0,0,113993,113994
19015,17,0,0,0,320206,0
19016,10,0,0,0,210368,210369
19017,10,0,0,0,210366,210367
19018,3,1,0,0,117601,117602
19019,3,0,0,0,320207,320208
19020,10,0,0,0,210364,210365
19021,7,0,0,0,182708,182709
19022,5,1,0,0,148398,148399
19023,5,0,0,0,190419,190420
19024,8,1,0,0,177471,177472
19025,4,1,0,0,143963,143964
19026,4,0,0,0,174716,174717
19027,2,0,6,0,171257,171258
19028,1,0,0,0,164453,164454
19029,1,0,0,0,164451,164452
19030,1,1,0,0,134642,134643
19031,10,0,0,0,210362,210363
19032,7,0,0,0,182706,182707
19033,10,0,0,0,210360,210361
19034,10,0,0,0,210358,210359
19035,10,1,0,0,210675,210676
19036,10,1,0,0,210673,210674
19037,10,1,0,0,210671,210672
19038,10,1,0,0,0,210670
19039,10,0,0,0,210356,210357
19040,10,1,0,0,210667,210668
19041,10,0,0,0,210354,210355
19042,10,0,0,0,210352,210353
19043,10,0,0,0,210350,210351
19044,10,0,0,0,210348,210349
19045,11,0,0,0,131321,131322
19046,11,0,0,0,131319,131320
19047,11,1,0,0,150546,150547
19048,11,1,0,0,150548,150549
19049,11,1,0,0,150550,150551
19050,11,0,0,0,131316,131317
19051,11,1,0,0,150552,150553
19052,11,1,0,0,150554,150555
19053,11,0,0,0,131314,131315
19054,11,0,0,0,131312,131313
19055,11,0,0,0,131310,131311
19056,1,0,0,0,164449,164450
19057,2,0,0,0,171255,171256
19058,3,0,0,0,0,320210
19059,4,1,0,0,143961,143962
19060,5,1,0,0,148400,148401
19061,11,0,0,0,131308,131309
19062,2,1,0,0,113991,113992
19063,3,1,0,0,117603,117604
19064,2,0,0,0,171253,171254
19065,1,0,0,0,164447,164448
19066,10,0,0,0,210346,210347
19067,11,1,0,0,150556,150557
19068,2,0,6,0,171251,171252
19069,4,1,6,0,143959,143960
19070,6,1,0,0,136539,136540
19071,7,0,0,0,182704,182705
19072,8,1,0,0,177469,177470
19073,10,1,0,0,210659,210660
19074,11,0,0,0,131306,131307
19075,6,0,0,0,115713,115714
19076,2,1,0,0,113989,113990
19077,5,0,0,0,190417,190418
19078,7,0,0,0,182702,182703
19079,7,0,0,0,182700,182701
19080,2,0,0,0,171249,171250
19081,2,0,0,0,171247,171248
19082,1,0,0,0,164445,164446
19083,3,0,0,0,320211,320212
19084,4,1,0,0,143957,143958
19085,5,0,0,0,190415,190416
19086,1,0,0,0,164443,164444
19087,1,1,0,0,134644,134645
19088,10,0,0,0,210344,210345
19089,10,1,0,0,210657,210658
19090,10,0,0,0,210342,210343
19091,10,0,0,0,210340,210341
19092,9,0,0,0,320213,0
19093,1,0,0,0,164441,164442
19094,1,1,0,0,134646,134647
19095,1,0,0,0,164439,164440
19096,3,0,0,0,320214,320215
19097,10,0,0,0,210338,210339
19098,11,1,0,0,150558,150559
19099,10,0,0,0,210336,210337
19100,10,1,0,0,210655,210656
19101,11,0,0,0,131304,131305
19102,11,0,0,0,131302,131303
19103,8,0,0,0,158084,158085
19104,6,1,0,0,136541,136542
19105,1,1,0,0,134648,134649
19106,7,1,0,0,118876,118877
19107,9,0,0,0,320216,0
19108,3,0,0,0,320217,320218
19109,2,1,0,0,113987,113988
19110,3,1,0,0,117605,117606
19111,7,1,0,0,118874,118875
19112,10,1,0,0,210653,210654
19113,1,0,0,0,164437,164438
19114,11,1,0,0,150560,150561
19115,1,0,0,0,164435,164436
19116,4,1,0,0,143955,143956
19117,8,0,0,0,158082,158083
19118,2,1,0,0,113985,113986
19119,3,1,0,0,117607,117608
19120,4,1,0,0,143953,143954
19121,17,0,0,0,320219,0
19122,17,0,0,0,320220,0
19123,1,0,0,0,0,164434
19124,1,1,0,0,0,134651
19125,7,0,0,0,0,182699
19126,10,1,0,0,0,210652
19129,2,0,0,0,171245,171246
19130,1,1,0,0,134652,134653
19131,2,1,0,0,113983,113984
19132,3,1,0,0,117609,117610
19133,4,1,0,0,143951,143952
19134,5,0,0,0,190413,190414
19135,6,1,0,0,136543,136544
19136,8,0,0,0,158080,158081
19137,10,0,0,0,210334,210335
19138,11,1,0,0,150562,150563
19139,1,1,0,0,134654,134655
19140,2,0,0,0,171243,171244
19141,3,1,0,0,117611,117612
19142,4,1,0,0,143949,143950
19143,5,1,0,0,148402,148403
19144,6,1,0,0,136545,136546
19145,6,0,0,0,115715,115716
19146,7,0,0,0,182696,182697
19147,8,0,0,0,158078,158079
19148,10,1,0,0,210649,210650
19150,11,1,0,0,150564,150565
19151,7,1,0,0,118872,118873
19152,7,1,0,0,118870,118871
19153,1,0,0,0,164431,164432
19154,1,0,0,0,164429,164430
19155,1,1,0,0,134656,134657
19160,10,0,0,0,210332,210333
19161,10,0,0,0,210330,210331
19162,10,0,0,0,210328,210329
19163,10,0,0,0,210326,210327
19164,1,0,0,0,164427,164428
19165,3,0,0,0,320221,320222
19166,10,0,0,0,210324,210325
19167,2,0,0,0,171241,171242
19168,2,1,0,0,113981,113982
19169,2,1,0,0,113979,113980
19170,3,0,0,0,320223,320224
19171,3,1,0,0,117613,117614
19172,4,1,0,0,143947,143948
19173,5,0,0,0,190411,190412
19174,5,1,0,0,148404,148405
19175,6,0,0,0,115717,115718
19176,7,1,0,0,118868,118869
19177,7,0,0,0,182694,182695
19178,8,0,0,0,158076,158077
19179,10,0,0,0,210322,210323
19180,5,0,0,0,190409,190410
19181,3,0,0,0,320225,320226
19182,4,1,0,0,143945,143946
19183,6,0,0,0,115719,115720
19184,7,0,0,0,182692,182693
19185,8,0,0,0,158074,158075
19186,10,0,0,0,210320,210321
19187,11,0,0,0,131300,131301
19188,11,1,0,0,150566,150567
19189,1,0,0,0,164425,164426
19190,5,0,0,0,190407,190408
19191,1,0,0,0,164423,164424
19192,3,0,0,0,320227,320228
19193,3,1,0,0,117615,117616
19194,3,0,0,0,320229,320230
19195,3,0,0,0,320231,320232
19196,3,0,0,0,320233,320234
19197,3,1,0,0,117617,117618
19198,3,0,0,0,320235,320236
19199,1,0,0,0,164421,164422
19200,1,1,0,0,134658,134659
19201,5,1,0,0,148406,148407
19202,2,0,0,0,171239,171240
19203,6,0,0,0,115721,115722
19204,10,1,0,0,210647,210648
19205,8,0,0,0,158072,158073
19206,1,0,0,0,164419,164420
19207,10,0,0,0,210318,210319
19208,1,0,0,0,164417,164418
19209,2,0,0,0,171237,171238
19210,2,0,0,0,171235,171236
19211,16,0,0,0,253903,0
19212,9,0,0,0,320237,0
19213,9,0,0,0,320238,0
19214,9,0,0,0,320239,0
19215,4,0,0,0,174714,174715
19216,5,0,0,0,190405,190406
19217,5,0,0,0,190403,190404
19218,5,1,0,0,148408,148409
19219,4,1,0,0,0,143944
19220,11,0,0,0,131298,131299
19221,2,0,0,0,171233,171234
19222,7,0,0,0,182690,182691
19223,2,0,0,0,171231,171232
19224,1,1,0,0,134660,134661
19225,1,0,0,0,164415,164416
19226,1,0,0,0,0,164414
19227,8,1,0,0,177467,177468
19228,2,0,0,0,171229,171230
19229,4,0,0,0,174712,174713
19230,4,1,0,0,143941,143942
19231,4,0,0,0,174710,174711
19232,2,0,0,0,171227,171228
19233,2,1,0,0,113977,113978
19234,8,0,6,0,158070,158071
19235,8,1,0,0,177465,177466
19236,10,1,0,0,210645,210646
19237,10,0,0,0,210316,210317
19238,10,1,0,0,210643,210644
19239,2,0,0,0,171225,171226
19240,8,0,0,0,158068,158069
19241,8,0,0,0,158066,158067
19242,8,1,0,0,177463,177464
19243,8,1,0,0,177461,177462
19244,2,0,0,0,171223,171224
19245,6,0,0,0,115723,115724
19246,6,0,0,0,115725,115726
19247,4,1,0,0,143939,143940
19248,4,1,0,0,143937,143938
19249,4,1,0,0,143935,143936
19250,3,0,0,0,320240,320241
19251,2,1,0,0,113975,113976
19252,11,1,0,0,150568,150569
19253,4,1,0,0,143933,143934
19254,2,0,0,0,171221,171222
19256,3,0,0,0,320242,320243
19257,3,0,0,0,320244,320245
19258,2,0,0,0,171219,171220
19259,4,1,0,0,143931,143932
19260,2,0,0,0,171217,171218
19261,2,0,0,0,171215,171216
19262,2,0,0,0,171213,171214
19263,4,0,0,0,174708,174709
19264,6,0,0,0,115727,115728
19265,6,1,0,0,136547,136548
19266,2,0,0,0,171211,171212
19267,6,0,0,0,115729,115730
19268,6,1,0,0,136549,136550
19269,5,0,0,0,190401,190402
19270,1,0,0,0,164411,164412
19271,2,0,0,0,171209,171210
19272,5,0,0,0,190399,190400
19273,2,0,0,0,171207,171208
19274,8,0,0,0,158064,158065
19275,8,0,0,0,158062,158063
19276,8,0,0,0,158060,158061
19277,2,0,0,0,171205,171206
19278,2,0,0,0,171203,171204
19279,8,0,0,0,158058,158059
19280,2,0,0,0,171201,171202
19281,2,0,0,0,171199,171200
19282,8,0,0,0,158056,158057
19283,5,0,0,0,190397,190398
19284,8,0,0,0,158039,158040
19286,5,0,0,0,190395,190396
19288,8,0,0,0,158037,158038
19289,8,0,0,0,158035,158036
19290,8,0,0,0,158033,158034
19291,8,0,0,0,158031,158032
19292,8,0,0,0,158029,158030
19293,2,0,0,0,171197,171198
19294,2,0,0,0,171195,171196
19295,5,0,0,0,190393,190394
19296,5,0,0,0,190391,190392
19297,6,0,0,0,115732,115734
19298,2,0,0,0,171193,171194
19299,8,0,0,0,158027,158028
19302,6,0,0,0,115735,115736
19303,3,0,0,0,320246,320247
19304,1,0,0,0,164409,164410
19305,5,0,0,0,190389,190390
19307,3,0,0,0,320248,320249
19308,1,1,0,0,134663,134664
19309,1,1,0,0,134665,134666
19310,7,1,0,0,118866,118867
19311,10,0,0,0,210314,210315
19312,10,0,0,0,210312,210313
19313,10,1,0,0,210641,210642
19314,10,1,0,0,210639,210640
19315,10,0,0,0,210310,210311
19316,1,1,0,0,134667,134668
19317,4,0,0,0,174706,174707
19318,4,0,0,0,174704,174705
19319,11,1,0,0,150570,150571
19320,11,1,0,0,150572,150573
19321,5,0,0,0,190387,190388
19322,5,1,0,0,148410,148411
19323,5,0,0,0,185288,185289
19324,3,0,0,0,320250,320251
19325,1,1,0,0,134669,134670
19326,4,0,0,0,174702,174703
19327,2,0,0,0,171191,171192
19328,6,0,0,0,115737,115738
19329,10,1,0,0,210637,210638
19330,11,1,0,0,150574,150575
19331,4,0,0,0,174700,174701
19332,9,0,0,0,320252,0
19333,4,0,0,0,190800,190801
19334,4,0,0,0,174698,174699
19335,4,0,0,0,174696,174697
19336,4,1,0,0,143929,143930
19337,4,0,0,0,0,174695
19338,4,0,0,0,174692,174693
19340,1,0,0,0,164407,164408
19341,1,1,0,0,134671,134672
19342,2,0,0,0,171189,171190
19343,2,1,0,0,113973,113974
19344,2,0,0,0,171187,171188
19345,7,0,0,0,182688,182689
19346,8,0,0,0,158025,158026
19347,2,0,0,0,171185,171186
19348,2,1,0,0,113971,113972
19349,2,1,0,0,113969,113970
19350,9,0,0,0,320253,0
19351,6,1,0,0,136551,136552
19352,6,0,0,0,115739,115740
19353,6,0,0,0,115741,115742
19354,6,1,0,0,136553,136554
19355,2,0,0,0,171183,171184
19357,2,0,0,0,171181,171182
19358,2,1,0,0,113967,113968
19359,5,0,0,0,185286,185287
19360,5,0,0,0,185284,185285
19361,4,0,0,0,174690,174691
19362,9,0,0,0,320254,0
19363,2,0,0,0,171179,171180
19364,9,0,0,0,320255,0
19365,2,0,0,0,171177,171178
19366,1,1,0,0,134673,134674
19367,9,0,0,0,320256,0
19369,4,0,0,0,174688,174689
19370,1,0,0,0,164405,164406
19371,4,1,0,0,143927,143928
19372,4,1,0,0,143925,143926
19373,4,1,0,0,143923,143924
19374,6,0,0,0,115743,115744
19375,8,0,0,0,158023,158024
19376,1,0,0,0,164403,164404
19377,4,0,0,0,174686,174687
19378,6,0,0,0,115745,115746
19379,4,0,0,0,174684,174685
19380,4,0,0,0,174682,174683
19381,2,0,0,0,171175,171176
19382,1,0,0,0,164401,164402
19383,1,0,0,0,164399,164400
19384,1,0,0,0,164397,164398
19385,8,1,0,0,177459,177460
19386,15,0,0,0,320257,0
19388,1,0,0,0,164395,164396
19389,1,1,0,0,134675,134676
19390,3,1,0,0,117619,117620
19391,2,0,0,0,171173,171174
19392,5,1,0,0,148412,148413
19393,6,1,0,0,136555,136556
19394,4,1,0,0,143921,143922
19396,9,0,0,0,320258,0
19397,9,1,0,0,320259,0
19398,2,0,0,0,171171,171172
19399,9,0,0,0,320260,0
19401,2,1,0,0,113965,113966
19402,9,0,0,0,320261,0
19403,9,0,0,0,320262,0
19404,9,0,0,0,320263,0
19405,9,0,0,0,320264,0
19406,9,1,0,0,320265,0
19407,9,0,0,0,320266,0
19408,9,0,0,0,320267,0
19409,9,0,0,0,320268,0
19410,1,1,0,0,134677,134678
19411,1,1,0,0,134679,134680
19412,1,0,0,0,164393,164394
19413,1,0,0,0,164391,164392
19414,1,0,0,0,164389,164390
19415,1,1,0,0,134681,134682
19416,5,1,0,0,148414,148415
19418,8,0,0,0,158021,158022
19419,6,1,0,0,136557,136558
19420,9,0,0,0,320269,0
19421,9,1,0,0,320270,0
19422,9,0,0,0,320271,0
19423,1,0,0,0,164387,164388
19424,1,1,0,0,134683,134684
19425,4,1,0,0,143919,143920
19426,1,1,0,0,134685,134686
19427,1,0,0,0,164385,164386
19428,1,1,0,0,134687,134688
19429,6,1,0,0,136559,136560
19430,6,1,0,0,136561,136562
19431,5,0,0,0,190385,190386
19432,4,1,0,0,143917,143918
19433,1,0,0,0,164383,164384
19434,9,0,0,0,320272,0
19435,9,0,0,0,320273,0
19436,9,1,0,0,320274,0
19437,9,1,0,0,320275,0
19438,8,0,0,0,158019,158020
19439,6,0,0,0,115747,115748
19440,6,1,0,0,136563,136564
19441,1,0,0,0,164381,164382
19442,1,0,0,0,164379,164380
19443,6,1,0,0,136565,136566
19444,5,0,0,0,190383,190384
19445,8,0,0,0,158017,158018
19446,7,0,0,0,182686,182687
19447,6,0,6,0,115749,115750
19448,11,0,0,0,131296,131297
19449,7,0,0,0,182684,182685
19450,1,0,0,0,164377,164378
19451,1,0,0,0,164375,164376
19452,19,0,0,0,320276,0
19453,19,0,0,0,320277,0
19454,17,0,0,0,320278,0
19455,3,0,0,0,320279,320280
19456,6,0,0,0,115751,115752
19457,3,1,0,0,117621,117622
19458,6,1,0,0,136567,136568
19459,1,0,0,0,164371,164373
19460,19,0,0,0,320281,0
19461,1,1,0,0,134689,134690
19462,4,1,0,0,143915,143916
19463,4,0,0,0,174680,174681
19464,5,1,0,0,148416,148417
19465,5,0,0,0,190381,190382
19466,19,0,0,0,320282,0
19467,1,1,0,0,134691,134692
19468,1,0,0,0,164369,164370
19469,8,0,0,0,158015,158016
19470,9,0,0,0,320283,0
19471,8,0,0,0,158013,158014
19472,8,0,0,0,158011,158012
19473,1,0,0,0,164367,164368
19474,18,0,0,0,320284,0
19475,18,0,0,0,320285,0
19476,8,1,0,0,177457,177458
19477,8,1,0,0,177455,177456
19478,9,0,0,0,320286,0
19482,6,0,0,0,115753,115754
19483,1,0,0,0,0,164366
19484,1,0,0,0,164363,164364
19485,1,0,0,0,164361,164362
19486,1,0,0,0,164359,164360
19487,9,1,0,0,320287,0
19488,1,0,0,0,164357,164358
19489,1,0,0,0,164355,164356
19490,1,1,0,0,134693,134694
19491,1,1,0,0,134695,134696
19492,1,0,0,0,164353,164354
19493,1,0,0,0,164351,164352
19494,9,0,0,0,320288,0
19495,9,0,0,0,320289,0
19496,9,0,0,0,320290,0
19497,9,0,0,0,320291,0
19498,9,1,0,0,320292,0
19499,9,1,0,0,320293,0
19500,9,1,0,0,320294,0
19501,10,1,0,0,210635,210636
19502,10,0,0,0,210308,210309
19506,1,0,0,0,164349,164350
19507,9,1,0,0,320295,0
19508,10,0,0,0,210306,210307
19509,10,1,0,0,210633,210634
19510,1,1,0,0,134697,134698
19511,9,1,0,0,320296,0
19512,9,0,0,0,320297,0
19513,17,0,0,0,320298,0
19514,17,0,0,0,320299,0
19515,17,0,0,0,320300,0
19516,10,1,0,0,210631,210632
19517,17,0,0,0,320301,0
19518,10,0,0,0,210304,210305
19519,10,0,0,0,210302,210303
19520,11,0,0,0,131294,131295
19521,1,0,0,0,164347,164348
19522,1,0,0,0,164345,164346
19523,1,1,0,0,134699,134700
19524,2,0,0,0,171169,171170
19525,2,1,0,0,113963,113964
19526,11,0,0,0,131292,131293
19529,4,0,0,0,174678,174679
19532,1,0,0,0,164337,164338
19533,1,1,0,0,134701,134702
19534,2,0,0,0,171167,171168
19536,3,1,0,0,117623,117624
19537,8,0,0,0,158009,158010
19538,10,0,0,0,210300,210301
19541,6,1,0,0,136569,136570
19542,5,0,0,0,190379,190380
19543,5,1,0,0,148418,148419
19544,11,0,0,0,131290,131291
19545,11,1,0,0,150576,150577
19546,10,0,0,0,210298,210299
19548,7,0,0,0,0,182683
19552,7,0,0,0,0,182681
19554,7,1,0,0,0,118865
19555,7,1,0,0,0,118863
19556,9,1,0,0,320302,0
19557,9,0,0,0,320303,0
19558,3,0,0,0,320304,320305
19559,11,1,0,0,150578,150579
19560,4,1,0,0,143913,143914
19561,3,0,0,0,320306,320307
19562,10,1,0,0,210629,210630
19563,6,0,0,0,115755,115756
19564,10,1,0,0,210627,210628
19565,4,1,6,0,143911,143912
19566,6,0,0,0,115757,115758
19567,8,1,0,0,177453,177454
19568,7,1,0,0,118860,118861
19569,4,1,0,0,143909,143910
19570,1,0,0,0,164335,164336
19571,1,1,0,0,134703,134704
19572,1,0,0,0,164333,164334
19573,11,0,0,0,131288,131289
19574,2,0,0,0,171165,171166
19575,1,1,0,0,134705,134706
19576,2,1,0,0,113961,113962
19577,2,1,0,0,113959,113960
19578,2,0,0,0,171163,171164
19579,2,0,0,0,171161,171162
19580,9,1,0,0,320308,0
19581,9,0,0,0,320309,0
19582,9,0,0,0,320310,0
19583,9,0,0,0,320311,0
19584,9,0,0,0,320312,0
19585,9,1,0,0,320313,0
19586,9,1,0,0,320314,0
19587,1,0,0,0,164331,164332
19588,1,0,0,0,164329,164330
19589,1,1,0,0,134707,134708
19590,14,0,0,0,320315,0
19591,3,0,0,0,320316,320317
19592,3,0,0,0,320318,320319
19593,11,0,0,0,131286,131287
19594,11,0,0,0,131284,131285
19595,2,0,0,0,171159,171160
19596,2,0,0,0,171157,171158
19597,10,0,0,0,210296,210297
19598,10,0,0,0,210294,210295
19599,6,0,0,0,115759,115760
19600,6,0,0,0,115761,115762
19601,9,0,0,0,320320,0
19602,9,0,0,0,320321,0
19603,9,1,0,0,320322,0
19604,9,1,0,0,320323,0
19605,1,0,0,0,164327,164328
19606,9,1,0,0,320324,0
19607,9,0,0,0,320325,0
19608,10,1,0,0,210625,210626
19609,9,0,0,0,320326,0
19610,10,0,0,0,210292,210293
19611,3,0,0,0,320327,320328
19612,3,1,0,0,117625,117626
19613,9,0,0,0,320329,0
19615,6,1,0,0,136571,136572
19617,8,0,0,0,158007,158008
19618,4,0,0,0,174676,174677
19619,4,1,0,0,143907,143908
19620,9,0,0,0,320330,0
19621,9,1,0,0,320331,0
19622,9,0,0,0,320332,0
19623,9,0,0,0,320333,0
19624,3,1,0,0,117627,117628
19625,3,0,0,0,320334,320335
19626,6,0,0,0,115763,115764
19627,8,1,0,0,177451,177452
19628,1,0,0,0,164325,164326
19629,1,0,0,0,164323,164324
19630,1,1,0,0,134709,134710
19631,3,0,0,0,320336,320337
19632,3,0,0,0,320338,320339
19633,11,0,0,0,131282,131283
19634,11,0,0,0,131280,131281
19635,11,1,0,0,150580,150581
19636,4,1,0,0,143905,143906
19637,7,0,0,0,182678,182679
19638,6,0,0,0,115765,115766
19639,6,0,0,0,115767,115768
19640,6,1,0,0,136573,136574
19641,8,0,0,0,158005,158006
19642,8,0,0,0,158003,158004
19643,8,0,0,0,158001,158002
19645,5,0,0,0,190377,190378
19646,5,0,0,0,190375,190376
19647,10,0,0,0,210290,210291
19648,10,0,0,0,210288,210289
19649,10,1,0,0,210623,210624
19650,2,0,0,0,171155,171156
19651,2,0,0,0,171153,171154
19652,4,1,0,0,143903,143904
19653,4,0,0,0,174674,174675
19654,4,1,0,0,143901,143902
19655,2,1,0,0,113957,113958
19656,9,1,0,0,320340,0
19657,9,0,0,0,320341,0
19658,9,0,0,0,320342,0
19659,9,0,0,0,320343,0
19660,9,1,0,0,320344,0
19661,9,1,0,0,320345,0
19662,9,1,0,0,320346,0
19663,9,1,0,0,320347,0
19664,9,0,0,0,320348,0
19665,9,0,0,0,320349,0
19666,9,1,0,0,320350,0
19667,9,1,0,0,320351,0
19668,4,0,0,0,174672,174673
19669,10,1,0,0,210621,210622
19670,10,0,0,0,210286,210287
19671,9,0,0,0,320352,0
19672,10,0,0,0,210284,210285
19673,10,0,0,0,210282,210283
19674,10,1,0,0,210619,210620
19675,10,1,0,0,210617,210618
19676,10,0,0,0,210280,210281
19677,10,0,0,0,210278,210279
19678,10,1,0,0,210615,210616
19679,10,1,0,0,210613,210614
19680,1,0,0,0,164321,164322
19681,1,1,0,0,134711,134712
19682,3,0,0,0,320353,320354
19683,1,0,0,0,0,164312
19684,9,0,0,0,320355,0
19685,9,1,0,0,320356,0
19686,11,1,0,0,150582,150583
19687,10,0,0,0,210276,210277
19688,4,1,0,0,143899,143900
19689,6,0,0,0,115769,115770
19690,10,1,0,0,210611,210612
19691,10,0,0,0,210274,210275
19692,4,0,0,0,174670,174671
19693,4,1,0,0,143897,143898
19694,10,0,0,0,210272,210273
19695,1,0,0,0,164309,164310
19696,1,0,0,0,164307,164308
19697,1,1,0,0,134713,134714
19698,1,1,0,0,134715,134716
19701,1,0,0,0,164305,164306
19702,1,1,0,0,134717,134718
19703,4,0,0,0,174668,174669
19704,1,0,0,0,164303,164304
19705,5,0,0,0,190373,190374
19706,4,1,0,0,143895,143896
19707,4,1,0,0,143893,143894
19708,4,1,0,0,143891,143892
19709,4,1,0,0,143889,143890
19710,5,0,0,0,190371,190372
19711,3,0,0,0,320357,320358
19712,7,0,0,0,182676,182677
19713,6,0,6,0,115771,115772
19714,6,0,0,0,115773,115774
19715,1,1,0,0,134719,134720
19716,19,0,0,0,320359,0
19717,1,0,0,0,164301,164302
19718,1,1,0,0,134721,134722
19719,3,1,0,0,117629,117630
19720,1,0,0,0,164299,164300
19721,1,0,0,0,164297,164298
19722,10,0,0,0,210270,210271
19723,10,0,0,0,210268,210269
19724,10,1,0,0,210609,210610
19725,10,1,0,0,210607,210608
19726,10,0,0,0,210266,210267
19727,10,0,0,0,210264,210265
19728,4,0,0,0,174666,174667
19729,4,1,0,0,143887,143888
19730,4,1,0,0,143885,143886
19731,4,0,0,0,174664,174665
19732,19,0,0,0,320360,0
19733,20,0,0,0,320361,0
19734,10,1,0,0,210605,210606
19735,10,1,0,0,210603,210604
19736,10,1,0,0,210601,210602
19737,10,1,0,0,210599,210600
19738,10,0,0,0,210262,210263
19739,10,0,0,0,210260,210261
19740,10,0,0,0,210258,210259
19741,10,1,0,0,210597,210598
19742,10,0,0,0,210256,210257
19743,10,1,0,0,210595,210596
19744,10,1,0,0,210593,210594
19745,10,1,0,0,210591,210592
19746,4,0,6,0,174662,174663
19747,4,1,6,0,0,143884
19748,4,1,6,0,143881,143882
19749,1,0,0,0,164295,164296
19750,1,0,0,0,164293,164294
19751,1,0,0,0,164291,164292
19752,10,0,0,0,210254,210255
19753,10,0,0,0,210252,210253
19754,10,1,0,0,210589,210590
19755,10,1,0,0,210587,210588
19756,10,0,0,0,210250,210251
19757,10,0,0,0,210248,210249
19758,10,1,0,0,210585,210586
19759,4,1,0,0,143879,143880
19760,10,1,0,0,210583,210584
19761,10,1,0,0,210581,210582
19762,10,0,0,0,210246,210247
19763,2,1,0,0,113955,113956
19764,6,1,0,0,136575,136576
19765,1,0,0,0,164289,164290
19766,2,1,0,0,113953,113954
19768,7,1,0,0,118858,118859
19769,5,0,0,0,190369,190370
19770,1,0,0,0,164287,164288
19771,9,1,0,0,320362,0
19772,2,0,0,0,171151,171152
19773,6,0,0,0,115775,115776
19774,3,0,0,0,320363,320364
19775,1,0,0,0,164285,164286
19776,1,1,0,0,134723,134724
19777,1,0,0,0,164283,164284
19778,2,0,0,0,171149,171150
19779,2,0,0,0,171147,171148
19780,2,0,0,0,171145,171146
19781,2,1,0,0,113951,113952
19782,7,0,0,0,182674,182675
19783,9,0,0,0,320365,0
19784,3,1,0,0,117631,117632
19785,4,1,0,0,143877,143878
19786,11,0,0,0,131278,131279
19787,7,0,0,0,182672,182673
19788,8,0,0,0,157999,158000
19789,10,1,0,0,210579,210580
19790,6,0,0,0,115777,115778
19791,5,0,0,0,190367,190368
19792,1,0,0,0,164281,164282
19793,10,1,0,0,210577,210578
19794,2,0,0,0,171143,171144
19795,9,1,0,0,320366,0
19796,9,0,0,0,320367,0
19797,9,0,0,0,320368,0
19798,9,0,0,0,320369,0
19799,9,0,0,0,320370,0
19800,6,1,0,0,136577,136578
19801,9,0,0,0,320371,0
19802,9,1,0,0,320372,0
19803,9,0,0,0,320373,0
19804,9,0,0,0,320374,0
19805,9,1,0,0,320375,0
19806,9,1,0,0,320376,0
19807,9,0,0,0,320377,0
19808,1,0,0,0,164279,164280
19809,2,0,0,0,171141,171142
19810,7,0,0,0,182670,182671
19811,4,1,0,0,143875,143876
19812,3,0,0,0,320378,320379
19813,1,0,0,0,164277,164278
19814,1,1,0,0,134725,134726
19815,1,1,0,0,134727,134728
19816,11,0,0,0,131276,131277
19817,7,1,0,0,118856,118857
19818,11,0,0,0,131274,131275
19819,11,0,0,0,131272,131273
19820,1,0,6,0,164275,164276
19821,11,1,0,0,150584,150585
19822,6,0,0,0,115779,115780
19823,5,1,0,0,148420,148421
19824,2,1,0,0,113949,113950
19825,5,0,0,0,190365,190366
19826,2,0,6,0,171139,171140
19827,2,0,0,0,171137,171138
19828,10,1,0,0,210575,210576
19829,10,0,0,0,210244,210245
19830,8,1,0,0,177449,177450
19831,6,0,0,0,115781,115782
19832,8,1,0,0,177447,177448
19833,2,0,0,0,171135,171136
19834,5,1,0,0,148422,148423
19835,2,0,0,0,171133,171134
19836,2,0,0,0,171131,171132
19837,2,0,0,0,171129,171130
19838,2,1,0,0,113947,113948
19839,1,0,0,0,164273,164274
19840,1,1,0,0,134729,134730
19841,2,0,0,0,171127,171128
19842,2,0,0,0,171125,171126
19843,2,0,0,0,171123,171124
19844,2,0,0,0,171121,171122
19845,2,0,0,0,171119,171120
19846,1,1,0,0,134731,134732
19847,1,1,0,0,134733,134734
19848,1,1,0,0,134735,134736
19849,1,0,0,0,164271,164272
19850,1,0,0,0,164269,164270
19851,1,1,0,0,134737,134738
19852,6,0,0,0,115783,115784
19853,4,1,0,0,143873,143874
19854,4,0,0,0,174660,174661
19855,4,1,0,0,143871,143872
19856,9,0,0,0,320380,0
19857,9,1,0,0,320381,0
19858,1,0,0,0,164266,164268
19859,9,1,0,0,320382,0
19860,1,0,0,0,164263,164264
19861,1,1,0,0,134739,134740
19862,1,0,0,0,164261,164262
19863,1,0,0,0,164259,164260
19865,7,0,0,0,182668,182669
19867,3,0,0,0,320383,320384
19868,10,1,0,0,210573,210574
19869,4,1,0,0,143869,143870
19870,4,0,0,0,174658,174659
19871,6,1,0,0,136579,136580
19872,6,1,0,0,136581,136582
19873,2,0,0,0,171117,171118
19874,1,0,0,0,164257,164258
19875,1,0,0,0,164255,164256
19876,1,0,0,0,164253,164254
19877,1,1,0,0,134741,134742
19878,2,0,0,0,171115,171116
19879,2,0,0,0,171113,171114
19880,2,0,0,0,171111,171112
19881,2,1,0,0,113945,113946
19882,2,0,6,0,171109,171110
19883,1,0,6,0,164251,164252
19884,5,0,0,0,190363,190364
19885,3,0,6,0,320385,320386
19886,7,0,0,0,182666,182667
19887,9,0,0,0,320387,0
19888,1,0,0,0,164249,164250
19889,1,0,0,0,164247,164248
19890,1,0,0,0,164245,164246
19891,1,1,0,0,134743,134744
19892,1,0,0,0,164243,164244
19893,9,0,0,0,320388,0
19895,2,0,0,0,171107,171108
19896,1,0,0,0,164241,164242
19897,5,1,0,0,148424,148425
19898,1,0,0,0,164239,164240
19899,1,0,0,0,164237,164238
19900,1,1,0,0,134745,134746
19901,1,1,0,0,134747,134748
19902,4,0,0,0,174656,174657
19903,4,0,0,0,174654,174655
19905,1,0,0,0,164235,164236
19906,9,0,0,0,320389,0
19907,5,0,0,0,185282,185283
19908,5,0,0,0,185280,185281
19909,5,1,0,0,148426,148427
19910,5,1,0,0,148428,148429
19911,9,1,0,0,320390,0
19912,10,1,0,0,210571,210572
19913,10,1,0,0,210569,210570
19914,2,0,0,0,171105,171106
19915,2,0,0,0,171103,171104
19916,2,1,0,0,113943,113944
19917,2,1,0,0,113941,113942
19918,10,0,0,1,210242,210243
19919,2,0,0,0,171101,171102
19920,2,0,0,0,171099,171100
19921,10,1,0,0,210567,210568
19922,6,0,0,0,115785,115786
19923,2,0,0,0,171097,171098
19924,10,0,6,0,210240,210241
19925,1,0,0,0,164233,164234
19926,9,1,0,0,320391,0
19927,9,0,0,0,320392,0
19928,10,0,0,0,210238,210239
19929,10,0,0,0,210236,210237
19930,1,1,6,0,134749,134750
19931,5,0,0,0,190361,190362
19932,8,1,0,0,0,177446
19933,7,0,0,0,182664,182665
19934,5,1,0,0,148430,148431
19935,9,0,0,0,320393,0
19937,5,0,0,0,190359,190360
19938,3,0,0,0,320394,320395
19939,5,0,0,0,185278,185279
19940,9,0,0,0,320396,0
19941,3,1,0,0,117633,117634
19942,9,0,0,0,320397,0
19943,7,0,0,0,182662,182663
19944,7,0,0,0,182660,182661
19945,7,1,0,0,118854,118855
19946,5,0,0,0,190357,190358
19947,5,0,0,0,190355,190356
19948,9,1,0,0,320398,0
19949,9,0,0,0,320399,0
19950,7,0,0,0,182658,182659
19951,1,1,0,0,134751,134752
19956,9,1,0,0,320400,0
19957,9,0,0,0,320401,0
19958,2,0,0,0,171095,171096
19959,1,0,0,0,164231,164232
19960,4,1,0,0,143867,143868
19961,9,0,0,0,320402,0
19965,1,0,0,0,164229,164230
19966,1,1,0,0,134753,134754
19967,1,1,0,0,134755,134756
19972,8,1,0,0,177443,177444
19973,10,0,0,0,210234,210235
19974,1,0,0,0,164227,164228
19979,2,1,0,0,113939,113940
19980,3,0,0,0,320403,320404
19981,7,1,0,0,118852,118853
19983,6,1,0,0,136583,136584
19984,6,0,0,0,115787,115788
19986,3,1,0,0,117635,117636
19988,1,1,0,0,134757,134758
19989,5,1,0,0,148432,148433
19990,4,0,0,0,174652,174653
19994,22,0,0,0,237367,0
19995,8,1,0,0,177441,177442
19996,3,0,0,0,320405,320406
19997,2,0,0,0,171093,171094
19998,2,0,0,0,171091,171092
19999,8,1,0,0,177439,177440
20000,2,1,0,0,113937,113938
20001,6,0,0,0,115793,115794
20002,8,0,0,0,157997,157998
20003,10,1,0,0,210565,210566
20004,5,1,0,0,148434,148435
20005,6,1,0,0,136585,136586
20006,3,0,0,0,320407,320408
20007,7,0,0,0,182656,182657
20008,1,1,0,0,134763,134764
20009,3,0,0,0,320409,320410
20010,4,0,0,0,174650,174651
20011,11,1,0,0,150591,150592
20012,1,0,0,0,164225,164226
20013,7,0,0,0,182654,182655
20014,2,1,6,0,113935,113936
20015,11,1,6,0,150593,150594
20016,10,0,6,0,210232,210233
20018,7,0,6,0,182652,182653
20019,4,1,0,0,143865,143866
20020,4,0,0,0,174648,174649
20021,4,0,0,0,174646,174647
20022,4,0,0,0,174644,174645
20023,10,1,6,0,210563,210564
20024,3,0,6,0,320411,320412
20025,9,0,0,0,320413,0
20026,5,0,0,0,190353,190354
20027,5,1,0,0,148436,148437
20031,2,1,0,0,113933,113934
20032,10,0,0,0,210230,210231
20033,1,0,0,0,0,164224
20034,1,0,0,0,164221,164222
20035,4,1,0,0,143863,143864
20036,4,1,0,0,143861,143862
20037,4,1,0,0,143859,143860
20038,4,0,0,0,174642,174643
20039,4,0,0,0,174640,174641
20040,1,1,0,0,134765,134766
20041,1,1,0,0,134767,134768
20042,1,0,0,0,164219,164220
20043,1,0,0,0,164217,164218
20044,1,1,0,0,134769,134770
20045,1,0,0,0,164215,164216
20046,1,0,0,0,164213,164214
20047,1,0,0,0,164211,164212
20048,1,0,0,0,164209,164210
20049,10,0,0,0,210228,210229
20050,1,0,0,0,0,164208
20051,1,1,0,0,134771,134772
20052,1,1,0,0,134773,134774
20053,1,0,0,0,0,164206
20054,1,1,0,0,134775,134776
20055,9,0,0,0,320414,0
20056,1,1,0,0,134777,134778
20057,11,0,0,0,131270,131271
20058,4,0,0,0,174638,174639
20059,4,0,0,0,174636,174637
20060,22,0,0,0,320415,0
20061,4,1,0,0,143857,143858
20062,1,0,6,0,164203,164204
20063,1,0,6,0,164201,164202
20064,5,1,0,0,148438,148439
20065,1,0,0,0,164199,164200
20066,9,0,0,0,320416,0
20067,4,0,6,0,174634,174635
20068,1,1,6,0,134779,134780
20069,1,0,0,0,164197,164198
20071,3,0,0,0,320417,320418
20073,3,0,0,0,320419,320420
20075,2,1,0,0,113931,113932
20076,5,1,0,0,148440,148441
20077,1,1,0,0,134781,134782
20078,2,0,0,0,171089,171090
20079,2,1,0,0,113929,113930
20080,5,0,0,0,190351,190352
20081,1,0,6,0,164195,164196
20082,20,0,0,0,320421,0
20084,10,0,0,0,210226,210227
20085,10,0,0,0,210224,210225
20086,1,1,6,0,134783,134784
20088,2,1,6,0,113927,113928
20089,4,1,0,0,143855,143856
20090,11,1,6,0,150595,150596
20091,10,0,6,0,210222,210223
20092,10,0,0,0,210220,210221
20093,6,0,0,0,115795,115796
20095,4,0,0,0,174632,174633
20096,2,0,0,0,171087,171088
20097,1,0,0,0,164193,164194
20098,11,1,0,0,150597,150598
20099,1,0,0,0,164191,164192
20100,4,1,0,0,143853,143854
20101,1,1,0,0,134785,134786
20102,5,0,0,0,185276,185277
20103,5,1,0,0,148442,148443
20104,5,0,0,0,185274,185275
20105,22,0,0,0,320422,0
20106,22,0,0,0,320423,0
20107,22,0,0,0,320424,0
20108,3,1,0,0,117637,117638
20109,20,0,0,0,320425,0
20110,20,0,0,0,320426,0
20111,10,0,0,0,210218,210219
20112,10,1,0,0,210561,210562
20113,9,0,0,0,320427,0
20114,9,0,0,0,320428,0
20115,9,1,0,0,320429,0
20116,9,0,0,0,320430,0
20117,9,0,0,0,320431,0
20118,1,0,0,0,164189,164190
20119,9,0,0,0,320432,0
20120,6,0,0,0,115797,115798
20121,1,1,0,0,134787,134788
20123,11,0,6,0,131268,131269
20124,2,1,6,0,113925,113926
20125,4,0,0,0,174630,174631
20126,22,0,0,0,320433,0
20127,2,0,0,0,171085,171086
20128,2,0,0,0,171083,171084
20129,4,0,0,0,174628,174629
20130,3,0,0,0,320434,320435
20131,4,1,0,0,143851,143852
20132,7,0,0,0,182650,182651
20133,1,0,0,0,164187,164188
20134,7,0,0,0,182648,182649
20135,1,1,0,0,134789,134790
20136,20,0,0,0,320436,0
20137,20,0,0,0,320437,0
20139,20,0,0,0,320438,0
20140,20,0,0,0,320439,0
20141,4,1,0,0,143849,143850
20142,4,1,0,0,143847,143848
20143,6,0,0,0,115799,115800
20144,7,0,0,0,182646,182647
20145,1,0,6,0,164185,164186
20146,10,0,6,0,210216,210217
20147,1,0,0,0,164183,164184
20148,3,0,0,0,320440,320441
20149,1,1,0,0,134791,134792
20150,3,1,0,0,117639,117640
20151,4,0,0,0,174626,174627
20152,11,0,0,0,131266,131267
20153,11,1,0,0,150599,150600
20154,4,0,0,0,174624,174625
20155,4,1,0,0,143845,143846
20156,1,0,0,0,164181,164182
20157,7,0,0,0,182644,182645
20158,1,1,0,0,134793,134794
20159,7,1,0,0,118850,118851
20160,2,0,0,0,171081,171082
20161,2,0,0,0,171079,171080
20162,2,1,0,0,113923,113924
20163,2,1,0,0,113921,113922
20164,6,0,0,0,115801,115802
20165,6,1,0,0,136587,136588
20166,8,0,0,0,157995,157996
20167,8,1,0,0,177437,177438
20168,10,0,0,0,210214,210215
20169,10,1,0,0,210559,210560
20170,5,0,0,0,185272,185273
20171,5,1,0,0,148444,148445
20172,6,0,0,0,115803,115804
20173,6,1,0,0,136589,136590
20174,6,0,0,0,115805,115806
20175,6,0,0,0,115807,115808
20176,6,1,0,0,136591,136592
20177,2,0,0,0,171077,171078
20178,14,0,0,0,320442,0
20179,4,0,0,0,174622,174623
20180,6,0,0,0,115809,115810
20181,9,0,0,0,320443,0
20182,9,0,0,0,320444,0
20183,9,0,0,0,320445,0
20184,9,1,0,0,320446,0
20185,2,0,0,0,171075,171076
20186,2,0,0,0,171073,171074
20187,5,0,0,0,190349,190350
20188,9,0,0,0,320447,0
20189,9,0,0,0,320448,0
20190,9,0,0,0,320449,0
20191,9,0,0,0,320450,0
20192,9,0,0,0,320451,0
20193,9,0,0,0,320452,0
20194,9,0,0,0,320453,0
20195,9,0,0,0,320454,0
20196,9,0,0,0,320455,0
20197,9,1,0,0,320456,0
20198,10,0,0,0,210212,210213
20199,10,1,0,0,210557,210558
20200,6,1,0,0,136593,136594
20202,6,1,0,0,136595,136596
20203,6,1,0,0,136597,136598
20204,6,1,0,0,136599,136600
20206,9,1,0,0,320457,0
20208,6,0,0,0,115811,115812
20209,6,0,0,0,115813,115814
20210,6,0,0,0,115815,115816
20211,9,0,0,0,320458,0
20212,9,1,0,0,320459,0
20214,3,1,0,0,117641,117642
20216,3,0,0,0,320460,320461
20217,4,0,6,0,174620,174621
20218,9,0,0,0,320462,0
20219,1,0,0,0,164179,164180
20220,9,0,0,0,320463,0
20221,9,0,0,0,320464,0
20222,1,0,0,0,164177,164178
20223,11,0,0,0,131264,131265
20224,11,1,0,0,150601,150602
20225,7,0,0,0,182642,182643
20226,3,1,0,0,117643,117644
20227,1,1,0,0,134795,134796
20228,1,0,0,0,164175,164176
20229,7,0,0,0,182640,182641
20230,7,1,0,0,118848,118849
20231,4,1,0,0,143843,143844
20232,4,0,0,0,174618,174619
20234,6,1,0,0,136601,136602
20235,2,0,0,0,171071,171072
20236,8,0,0,0,157993,157994
20237,5,1,0,0,148446,148447
20239,2,1,0,0,113919,113920
20240,8,1,0,0,177435,177436
20241,6,1,0,0,136603,136604
20242,6,0,0,0,115817,115818
20243,5,1,0,0,148448,148449
20244,10,0,6,0,210210,210211
20245,5,0,0,0,190347,190348
20246,2,1,0,0,113917,113918
20247,10,1,0,0,210555,210556
20248,8,0,0,0,157991,157992
20249,10,0,0,0,210208,210209
20250,10,1,0,0,210553,210554
20251,5,0,0,0,190345,190346
20252,5,0,0,0,190343,190344
20253,5,1,0,0,148450,148451
20254,9,0,0,0,320465,0
20255,5,1,0,0,148452,148453
20256,9,0,0,0,320466,0
20257,9,0,0,0,320467,0
20258,9,0,0,0,320468,0
20259,9,0,0,0,320469,0
20262,3,0,0,0,320470,320471
20263,3,1,0,0,117645,117646
20265,2,0,0,0,171069,171070
20266,1,0,0,0,164173,164174
20267,9,0,0,0,320472,0
20268,7,0,0,0,182638,182639
20269,6,1,0,0,136605,136606
20270,2,0,0,0,171067,171068
20271,3,0,0,0,320473,320474
20272,2,0,0,0,171065,171066
20273,2,0,0,0,171063,171064
20274,3,1,0,0,117647,117648
20275,6,0,0,0,115819,115820
20276,6,1,0,0,136607,136608
20277,2,0,0,0,171061,171062
20278,2,0,0,0,171059,171060
20279,2,0,0,0,171057,171058
20280,2,0,0,0,171055,171056
20281,2,0,0,0,171053,171054
20282,2,0,0,0,171051,171052
20283,1,0,0,0,164171,164172
20284,1,0,0,0,164169,164170
20285,1,1,0,0,134797,134798
20286,1,0,0,0,164167,164168
20287,1,0,0,0,164165,164166
20288,1,0,0,0,164163,164164
20289,1,1,0,0,134799,134800
20290,1,0,0,0,164161,164162
20292,3,0,0,0,320475,320476
20293,11,1,0,0,150603,150604
20294,2,0,0,0,171049,171050
20295,8,1,0,0,177433,177434
20296,10,1,0,0,210551,210552
20297,5,0,0,0,190341,190342
20299,1,1,0,0,134801,134802
20300,7,1,0,0,118846,118847
20301,9,0,0,0,320477,0
20302,9,0,0,0,320478,0
20303,9,0,0,0,320479,0
20304,9,0,0,0,320480,0
20305,9,0,0,0,320481,0
20306,6,0,0,0,115821,115822
20307,6,0,0,0,115823,115824
20309,22,0,0,0,320482,0
20310,22,0,0,0,320483,0
20311,22,0,0,0,320484,0
20312,2,0,0,0,171047,171048
20313,3,0,0,0,0,320486
20314,6,0,0,0,115825,115826
20315,6,0,0,0,115827,115828
20316,10,0,0,0,210206,210207
20317,1,0,0,0,164159,164160
20318,1,0,0,0,164157,164158
20319,1,0,0,0,164155,164156
20320,6,0,0,0,115829,115830
20321,6,0,0,0,115831,115832
20322,10,1,0,0,210549,210550
20323,10,1,0,0,210547,210548
20324,10,0,0,0,210204,210205
20325,10,0,0,0,210202,210203
20326,8,1,0,0,177431,177432
20327,3,0,0,0,320487,320488
20328,3,0,0,0,320489,320490
20329,3,1,0,0,117649,117650
20330,3,1,0,0,117651,117652
20331,4,1,0,0,143841,143842
20332,6,0,0,0,115833,115834
20333,6,0,0,0,115835,115836
20334,6,1,0,0,136609,136610
20335,6,1,0,0,136611,136612
20336,1,0,0,0,164153,164154
20337,1,0,0,0,164151,164152
20338,11,0,0,0,131262,131263
20339,1,1,0,0,134803,134804
20340,3,0,0,0,320491,320492
20341,3,0,0,0,320493,320494
20342,3,1,0,0,117653,117654
20343,3,0,0,0,320495,320496
20344,1,0,0,0,164149,164150
20345,1,0,0,0,164147,164148
20346,1,0,0,0,164145,164146
20347,1,1,0,0,134805,134806
20348,7,1,0,0,118844,118845
20349,7,0,0,0,182636,182637
20350,6,0,0,0,115838,115839
20353,6,1,0,0,136613,136614
20354,6,1,0,0,136615,136616
20355,20,0,0,0,320497,0
20356,20,0,0,0,320498,0
20357,10,0,6,0,210200,210201
20358,1,0,6,0,164143,164144
20359,3,0,6,0,320499,320500
20360,5,0,0,0,190339,190340
20361,9,0,0,0,320501,0
20363,9,1,0,0,320502,0
20364,8,0,0,0,157989,157990
20365,8,0,0,0,157987,157988
20366,10,0,0,0,210198,210199
20367,9,0,0,0,320503,0
20368,10,0,0,0,210196,210197
20369,10,1,0,0,210545,210546
20370,10,1,0,0,210543,210544
20371,19,0,0,0,320504,0
20372,19,0,0,0,320505,0
20373,19,0,0,0,320506,0
20374,6,1,0,0,136617,136618
20375,5,0,0,0,185270,185271
20376,6,1,0,0,136619,136620
20377,6,1,0,0,136621,136622
20378,6,0,0,0,115840,115841
20379,6,0,0,0,115842,115843
20380,10,0,0,0,210194,210195
20381,10,0,0,0,210192,210193
20382,10,1,0,0,210541,210542
20383,10,1,0,0,210539,210540
20384,1,0,0,0,164141,164142
20385,4,0,0,0,174616,174617
20386,3,0,0,0,320507,320508
20387,7,0,0,0,182634,182635
20388,1,1,0,0,134807,134808
20389,11,0,0,0,131260,131261
20390,11,1,0,0,150605,150606
20391,15,0,0,0,320509,0
20393,10,1,0,0,210537,210538
20394,10,1,0,0,210535,210536
20395,1,1,0,0,134809,134810
20396,1,0,0,0,164139,164140
20397,2,0,0,0,171045,171046
20398,5,0,0,0,190337,190338
20399,10,1,0,0,210533,210534
20400,5,1,0,0,148454,148455
20401,8,0,0,0,157985,157986
20402,6,0,0,0,115844,115845
20403,6,1,0,0,136623,136624
20404,2,0,0,0,171043,171044
20405,1,0,6,0,164137,164138
20406,5,1,0,0,148456,148457
20407,6,0,0,0,115846,115847
20408,6,0,0,0,115848,115849
20409,2,0,0,0,171041,171042
20410,2,1,0,0,113915,113916
20411,8,0,0,0,157983,157984
20412,6,1,0,0,136625,136626
20413,5,0,0,0,190335,190336
20414,10,0,0,0,210190,210191
20415,10,1,0,0,210531,210532
20416,1,1,0,0,134811,134812
20417,4,1,0,0,143839,143840
20418,4,0,0,0,174614,174615
20419,3,0,0,0,320510,320511
20420,11,0,0,0,131258,131259
20421,1,0,0,0,164135,164136
20422,11,1,0,0,150607,150608
20423,1,1,0,0,134813,134814
20424,7,1,0,0,118842,118843
20425,7,0,0,0,182632,182633
20426,1,0,0,0,164133,164134
20427,1,0,0,0,164131,164132
20429,5,0,0,0,190333,190334
20430,10,1,0,0,210529,210530
20431,10,0,0,0,210188,210189
20432,6,1,0,0,136627,136628
20433,11,1,0,0,150609,150610
20434,11,0,0,0,131256,131257
20435,1,1,0,0,134815,134816
20436,3,0,0,0,320512,320513
20437,4,0,0,0,174612,174613
20438,4,1,0,0,143837,143838
20439,1,0,0,0,164129,164130
20440,1,1,0,0,134817,134818
20441,7,0,0,0,182630,182631
20442,7,1,0,0,118840,118841
20443,1,0,0,0,164127,164128
20444,1,0,0,0,164125,164126
20445,10,0,0,0,210186,210187
20446,1,0,0,0,164123,164124
20447,2,0,0,0,171039,171040
20448,10,0,0,0,210184,210185
20449,1,0,0,0,164121,164122
20450,2,0,0,0,171037,171038
20451,1,0,0,0,164119,164120
20452,3,0,0,0,320514,320515
20453,1,0,0,0,164117,164118
20454,3,0,0,0,320516,320517
20455,9,0,0,0,320518,0
20456,2,0,0,0,171035,171036
20457,2,0,0,0,171033,171034
20458,2,1,0,0,113913,113914
20459,5,0,0,0,190331,190332
20460,5,0,0,0,190329,190330
20461,9,0,0,0,320519,0
20462,9,0,0,0,320520,0
20463,10,1,0,0,210527,210528
20464,5,0,0,0,190327,190328
20465,2,0,0,0,171031,171032
20466,1,0,0,0,164115,164116
20467,1,0,0,0,164113,164114
20468,1,1,0,0,134819,134820
20469,1,0,0,0,164111,164112
20470,6,0,0,0,115850,115851
20471,5,0,0,0,190325,190326
20472,2,0,0,0,171029,171030
20473,2,0,0,0,171027,171028
20474,6,0,0,0,115854,115855
20475,6,1,0,0,136629,136630
20476,6,1,0,0,136631,136632
20477,6,1,0,0,136633,136634
20478,1,0,0,0,0,164110
20479,1,0,0,0,164107,164108
20480,1,0,0,0,164105,164106
20481,1,1,0,0,134821,134822
20482,3,0,0,0,320521,320522
20483,1,0,0,0,0,164104
20484,9,0,0,0,320523,0
20485,9,1,0,0,320524,0
20486,2,0,0,0,171025,171026
20487,4,1,0,0,143835,143836
20488,4,0,0,0,174610,174611
20489,2,0,0,0,171023,171024
20490,2,1,0,0,113911,113912
20492,1,1,0,0,134823,134824
20493,1,0,0,0,164101,164102
20494,1,1,0,0,134825,134826
20495,7,0,0,0,182628,182629
20496,11,0,0,0,131254,131255
20497,11,1,0,0,150611,150612
20498,8,0,0,0,157981,157982
20499,10,1,0,0,210525,210526
20500,5,1,0,0,148458,148459
20501,2,0,0,0,171021,171022
20502,5,0,0,0,190323,190324
20503,1,0,0,0,164099,164100
20504,5,0,0,0,190321,190322
20505,2,1,0,0,113909,113910
20506,2,0,0,0,171019,171020
20507,2,0,6,0,171017,171018
20508,4,1,0,0,143833,143834
20509,10,0,0,0,210182,210183
20510,11,1,0,0,150613,150614
20511,3,0,0,0,320525,320526
20512,4,0,0,0,174608,174609
20514,5,0,0,0,185027,185028
20515,6,0,0,0,115856,115857
20516,2,0,0,0,171015,171016
20517,2,0,0,0,171013,171014
20518,1,0,0,0,164097,164098
20519,1,0,0,0,164095,164096
20520,2,0,0,0,171011,171012
20521,1,1,0,0,134827,134828
20522,1,1,0,0,134829,134830
20523,9,0,0,0,320527,0
20524,9,0,0,0,320528,0
20525,1,0,0,0,164093,164094
20526,1,0,0,0,164091,164092
20527,1,0,0,0,164089,164090
20528,3,0,0,0,0,320530
20529,2,0,0,0,171009,171010
20530,2,1,0,0,113907,113908
20531,8,0,0,0,157979,157980
20532,3,0,0,0,320531,320532
20533,3,0,0,0,320533,320534
20534,3,1,0,0,117655,117656
20535,3,1,0,0,117657,117658
20536,1,0,0,0,164087,164088
20537,2,0,0,0,171007,171008
20538,2,1,0,0,113905,113906
20539,1,0,0,0,164085,164086
20540,2,0,0,0,171005,171006
20541,10,1,0,0,210523,210524
20542,10,0,0,0,210180,210181
20543,10,0,0,0,210178,210179
20544,10,0,0,0,210176,210177
20545,5,0,0,0,190319,190320
20546,1,0,0,0,164083,164084
20547,5,1,0,0,148460,148461
20548,5,1,0,0,148462,148463
20549,2,0,6,0,171003,171004
20550,21,0,0,0,320535,0
20551,1,0,6,0,164081,164082
20552,2,0,6,0,171001,171002
20553,1,0,6,0,164079,164080
20554,4,1,6,0,143831,143832
20555,5,0,0,0,185268,185269
20556,20,0,0,0,320536,0
20557,4,1,0,0,143829,143830
20558,6,0,0,0,115858,115859
20559,1,0,0,0,164077,164078
20560,4,0,0,0,174606,174607
20561,10,0,0,0,210174,210175
20562,5,0,0,0,185266,185267
20563,7,1,0,0,118838,118839
20564,1,0,0,0,164075,164076
20565,2,0,0,0,170999,171000
20566,1,0,6,0,164073,164074
20567,7,0,6,0,182626,182627
20568,2,0,0,0,170997,170998
20569,1,0,0,0,164071,164072
20570,9,1,0,0,320537,0
20571,9,1,0,0,320538,0
20572,1,0,0,0,164069,164070
20573,10,0,0,0,210172,210173
20574,10,0,6,0,210170,210171
20575,1,0,0,0,164067,164068
20576,1,0,6,0,164065,164066
20577,3,0,0,0,320539,320540
20578,3,0,6,0,320541,320542
20579,5,0,0,0,190317,190318
20580,5,0,0,0,190315,190316
20581,2,0,6,0,170995,170996
20583,8,0,0,0,157977,157978
20584,8,0,0,0,157975,157976
20585,8,0,0,0,157973,157974
20586,8,0,0,0,157971,157972
20587,8,1,0,0,177429,177430
20588,8,1,0,0,177427,177428
20589,8,1,0,0,177425,177426
20590,8,1,0,0,177423,177424
20591,9,1,0,0,320543,0
20592,8,1,0,0,177421,177422
20593,8,0,0,0,157969,157970
20594,8,0,0,0,157967,157968
20595,8,0,0,0,157965,157966
20596,8,0,0,0,157963,157964
20597,8,1,0,0,177419,177420
20598,8,1,0,0,177417,177418
20599,8,1,0,0,177415,177416
20600,8,0,0,0,157961,157962
20601,8,0,0,0,157959,157960
20602,8,0,0,0,157957,157958
20603,8,1,0,0,177413,177414
20604,8,0,0,0,157955,157956
20605,8,0,0,0,157953,157954
20606,8,0,0,0,157951,157952
20607,8,0,0,0,157949,157950
20608,8,0,0,0,157947,157948
20609,8,0,0,0,157945,157946
20610,8,1,0,0,177411,177412
20611,8,0,0,0,157943,157944
20612,8,1,0,0,177409,177410
20613,8,0,0,0,157941,157942
20614,8,1,0,0,177407,177408
20615,20,0,0,0,320544,0
20616,8,1,0,0,177405,177406
20617,8,0,0,0,157939,157940
20618,8,0,0,0,157937,157938
20619,8,1,0,0,177403,177404
20620,8,1,0,0,177401,177402
20621,8,0,0,0,157935,157936
20622,8,0,0,0,157933,157934
20623,8,1,0,0,177399,177400
20624,8,1,0,0,177397,177398
20625,8,0,0,0,157931,157932
20626,2,0,0,0,170993,170994
20627,9,0,0,0,320545,0
20628,20,0,0,0,320546,0
20629,1,0,6,0,164063,164064
20630,20,0,0,0,320547,0
20631,1,0,0,0,164061,164062
20632,1,0,0,0,164059,164060
20633,2,0,0,0,170991,170992
20634,2,1,0,0,113903,113904
20635,2,0,0,0,170989,170990
20636,7,0,0,0,182624,182625
20637,3,0,0,0,320548,320549
20638,7,0,0,0,182622,182623
20639,10,1,0,0,210521,210522
20641,1,0,6,0,164057,164058
20642,1,0,6,0,164055,164056
20643,9,0,0,0,320550,0
20644,10,0,0,0,210168,210169
20645,1,1,0,0,134831,134832
20646,1,0,0,0,164053,164054
20647,9,0,0,0,320551,0
20648,9,1,0,0,320552,0
20649,1,0,0,0,164051,164052
20650,5,1,0,0,148464,148465
20651,1,0,0,0,164049,164050
20652,19,0,0,0,320553,0
20653,17,0,0,0,320554,0
20654,9,0,0,0,320555,0
20655,13,0,0,0,258718,0
20656,7,0,6,0,182620,182621
20657,7,0,6,0,182618,182619
20658,10,1,6,0,210519,210520
20659,10,1,6,0,210517,210518
20660,10,1,6,0,210515,210516
20661,10,0,6,0,210166,210167
20662,10,0,6,0,210164,210165
20663,10,0,6,0,210162,210163
20664,10,0,6,0,210160,210161
20665,10,0,6,0,210158,210159
20666,10,0,6,0,210156,210157
20667,10,0,6,0,210154,210155
20668,10,0,6,0,210152,210153
20669,10,1,6,0,210513,210514
20670,10,1,6,0,210511,210512
20671,10,0,6,0,210150,210151
20672,10,1,6,0,210509,210510
20673,1,0,0,0,164047,164048
20674,2,1,0,0,113901,113902
20675,1,0,0,0,164045,164046
20676,1,0,0,0,164043,164044
20677,3,0,0,0,320556,320557
20678,10,0,0,0,210148,210149
20679,10,0,6,0,210146,210147
20680,1,1,6,0,134833,134834
20681,1,0,6,0,164041,164042
20682,3,0,6,0,320558,320559
20683,1,0,6,0,164039,164040
20684,4,0,0,0,174604,174605
20685,8,0,0,0,157929,157930
20686,7,0,0,0,182616,182617
20687,22,0,0,0,320560,0
20688,9,0,0,0,320561,0
20689,9,1,0,0,320562,0
20690,9,1,0,0,320563,0
20691,3,0,0,0,320564,320565
20692,13,0,0,0,258719,0
20693,13,0,0,0,258720,0
20694,13,0,0,0,258721,0
20695,13,0,0,0,258722,0
20696,13,1,0,0,262215,0
20697,13,1,0,0,262216,0
20698,13,1,0,0,262217,0
20699,13,1,0,0,262218,0
20700,1,0,0,0,164037,164038
20701,1,0,0,0,164035,164036
20702,1,1,0,0,134835,134836
20703,1,0,0,0,164033,164034
20704,7,1,0,0,118836,118837
20705,6,0,0,0,115860,115861
20707,6,1,0,0,136635,136636
20708,13,0,0,0,258723,0
20709,13,0,0,0,258724,0
20710,13,1,0,0,262219,0
20711,13,1,0,0,262220,0
20712,9,1,0,0,320566,0
20713,1,0,0,0,164031,164032
20714,1,0,0,0,164029,164030
20715,1,1,0,0,134837,134838
20716,9,1,0,0,320567,0
20717,10,0,0,0,210144,210145
20718,6,0,0,0,115862,115863
20719,7,1,0,0,118834,118835
20720,1,0,0,0,164027,164028
20721,10,1,0,0,210504,210507
20722,3,0,0,0,320568,320569
20723,1,0,0,0,164025,164026
20724,1,0,0,0,164023,164024
20725,1,0,0,0,164021,164022
20726,1,0,0,0,164019,164020
20727,1,0,6,0,164017,164018
20728,7,1,0,0,118832,118833
20729,7,1,0,0,118830,118831
20730,9,0,0,0,320570,0
20731,2,0,0,0,170987,170988
20732,2,0,0,0,170985,170986
20733,8,0,0,0,157927,157928
20734,8,0,0,0,157925,157926
20735,2,0,0,0,170983,170984
20736,2,1,0,0,113899,113900
20737,8,0,0,0,157923,157924
20738,2,0,0,0,170981,170982
20739,2,0,0,0,170979,170980
20740,2,0,0,0,170977,170978
20741,1,0,0,0,164015,164016
20742,1,0,0,0,164013,164014
20743,1,0,0,0,164011,164012
20744,1,0,0,0,164009,164010
20745,1,0,0,0,164007,164008
20746,1,0,0,0,164005,164006
20747,7,0,0,0,182614,182615
20748,7,1,0,0,118828,118829
20749,7,0,0,0,182612,182613
20750,1,0,0,0,164003,164004
20751,5,0,0,0,190313,190314
20752,5,0,0,0,190311,190312
20753,5,0,0,0,190309,190310
20754,5,1,0,0,148466,148467
20755,10,0,0,0,210142,210143
20756,22,0,0,0,320571,0
20757,1,1,0,0,134839,134840
20758,1,0,0,0,164001,164002
20759,7,0,0,0,182610,182611
20760,22,0,0,0,320572,0
20761,1,0,0,0,163999,164000
20762,3,1,0,0,117659,117660
20763,8,0,0,0,157921,157922
20764,11,0,0,0,131252,131253
20765,8,0,0,0,157919,157920
20766,16,0,0,0,253902,0
20767,3,0,0,0,320573,320574
20768,3,0,0,0,320575,320576
20769,1,0,0,0,163997,163998
20770,1,0,0,0,163995,163996
20771,1,1,0,0,134841,134842
20772,8,0,0,0,157917,157918
20773,1,0,0,0,163993,163994
20774,2,1,0,0,113897,113898
20775,6,0,0,0,115864,115865
20776,18,0,0,0,320577,0
20777,3,0,0,0,320578,320579
20778,4,0,0,0,174602,174603
20779,4,1,0,0,143827,143828
20780,10,0,0,0,210140,210141
20781,10,1,0,0,210498,210502
20782,1,0,0,0,163991,163992
20783,22,0,0,0,320580,0
20784,6,0,0,0,115866,115867
20786,4,0,0,0,174600,174601
20787,6,1,0,0,136637,136638
20788,4,1,0,0,143825,143826
20789,8,0,0,0,157915,157916
20791,18,0,0,0,320581,0
20792,18,0,0,0,320582,0
20793,18,0,0,0,320583,0
20794,18,0,0,0,320584,0
20795,18,0,0,0,320585,0
20796,18,0,0,0,320586,0
20797,18,0,0,0,320587,0
20798,18,0,0,0,320588,0
20800,5,1,0,0,148468,148469
20801,5,0,0,0,190307,190308
20802,5,0,0,0,190305,190306
20803,5,0,0,0,0,190304
20804,5,0,0,0,190301,190302
20805,7,0,0,0,182608,182609
20806,5,0,0,0,190299,190300
20807,5,1,0,0,148470,148471
20808,5,0,0,0,190297,190298
20809,5,1,0,0,148472,148473
20810,5,0,0,0,190295,190296
20811,5,1,0,0,148474,148475
20812,5,0,0,0,190293,190294
20813,5,1,0,0,148476,148477
20814,5,0,0,0,190291,190292
20815,5,1,0,0,148478,148479
20817,10,0,0,0,210138,210139
20818,3,0,0,0,320589,320590
20819,1,0,0,0,163989,163990
20820,3,0,0,0,320591,320592
20821,3,0,0,0,320593,320594
20822,1,0,0,0,163987,163988
20823,1,0,0,0,163985,163986
20824,5,0,0,0,190289,190290
20826,22,0,0,0,320595,0
20827,1,1,0,0,134843,134844
20828,8,1,0,0,177395,177396
20829,8,0,0,0,157913,157914
20830,8,0,0,0,157911,157912
20831,1,0,0,0,163983,163984
20832,1,0,0,0,163981,163982
20833,1,1,0,0,134845,134846
20834,3,0,0,0,320596,320597
20836,8,0,0,0,157909,157910
20837,13,0,0,0,258725,0
20838,1,0,0,0,163979,163980
20839,7,1,0,0,118826,118827
20840,3,0,0,0,320598,320599
20841,9,0,0,0,320600,0
20842,9,0,0,0,320601,0
20843,3,0,0,0,320602,320603
20844,3,0,0,0,320604,320605
20845,3,0,0,0,320606,320607
20846,3,0,0,0,320608,320609
20847,1,0,0,0,163977,163978
20848,1,0,0,0,163975,163976
20849,1,0,0,0,163973,163974
20850,3,0,0,0,320610,320611
20851,7,0,6,0,182606,182607
20852,7,0,0,0,182604,182605
20853,7,1,0,0,118824,118825
20854,7,1,0,0,118822,118823
20855,5,0,0,0,190287,190288
20856,5,1,0,0,148480,148481
20857,7,0,0,0,182602,182603
20858,5,0,0,0,190285,190286
20859,7,0,0,0,182600,182601
20860,9,0,0,0,320612,0
20861,9,0,0,0,320613,0
20862,1,0,0,0,163971,163972
20863,1,0,0,0,163969,163970
20864,22,0,0,0,320614,0
20865,4,1,0,0,143823,143824
20866,1,1,0,0,134847,134848
20867,6,0,0,0,115868,115869
20868,9,0,0,0,320615,0
20869,3,0,0,0,320616,320617
20870,3,0,0,0,320618,320619
20871,3,0,0,0,320620,320621
20872,6,0,0,0,115870,115871
20873,6,0,0,0,115872,115873
20874,6,0,0,0,115874,115875
20875,6,1,0,0,136639,136640
20876,3,0,0,0,320622,320623
20877,3,0,0,0,320624,320625
20878,18,0,0,0,320626,0
20879,18,0,0,0,320627,0
20880,18,0,0,0,320628,0
20883,1,0,0,0,163967,163968
20884,8,0,0,0,157907,157908
20885,9,0,0,0,320629,0
20886,7,0,0,0,182598,182599
20887,3,1,0,0,117661,117662
20888,7,1,0,0,118820,118821
20889,7,1,6,0,118818,118819
20890,7,0,0,0,182596,182597
20891,7,0,0,0,182594,182595
20892,9,0,0,0,320630,0
20896,2,1,0,0,113895,113896
20897,2,0,0,0,170975,170976
20898,1,0,0,0,163965,163966
20899,1,0,0,0,163963,163964
20900,1,1,0,0,134849,134850
20902,7,0,0,0,182592,182593
20904,7,0,0,0,182590,182591
20905,4,1,0,0,143821,143822
20907,9,0,0,0,320631,0
20908,9,0,0,0,320632,0
20909,9,1,0,0,320633,0
20910,9,1,0,0,320634,0
20911,7,0,0,0,182588,182589
20912,9,0,0,0,320635,0
20913,2,0,0,0,170973,170974
20914,2,0,0,0,170971,170972
20915,9,1,0,0,320636,0
20916,9,1,0,0,320637,0
20917,6,1,0,0,136641,136642
20918,8,0,0,0,157905,157906
20919,1,0,0,0,163961,163962
20920,1,0,0,0,163959,163960
20921,3,0,0,0,320638,320639
20922,3,0,0,0,320640,320641
20923,3,0,0,0,320642,320643
20924,1,0,0,0,163957,163958
20925,1,1,0,0,134851,134852
20926,1,0,0,0,163955,163956
20927,1,1,0,0,134853,134854
20928,4,1,0,0,143819,143820
20929,1,0,0,0,163953,163954
20930,1,0,0,0,163951,163952
20931,1,0,0,0,163949,163950
20932,1,1,0,0,134855,134856
20933,1,0,0,0,163947,163948
20934,4,1,0,0,143817,143818
20935,7,0,0,0,182586,182587
20936,7,0,0,0,182584,182585
20937,2,0,0,0,170969,170970
20938,2,0,0,0,170967,170968
20939,8,1,0,0,177393,177394
20940,5,0,0,0,190283,190284
20941,2,0,0,0,170965,170966
20942,4,1,6,0,143815,143816
20944,4,1,0,0,143811,143812
20945,2,1,0,0,113893,113894
20947,1,1,0,0,134857,134858
20948,2,0,0,0,170963,170964
20949,2,0,0,0,170961,170962
20950,2,1,0,0,113891,113892
20951,8,0,0,0,157903,157904
20952,13,1,0,0,262221,0
20953,19,0,0,0,320644,0
20954,6,0,0,0,115876,115877
20955,1,0,0,0,163945,163946
20956,3,0,0,0,320645,320646
20957,1,0,0,0,163943,163944
20958,7,0,0,0,182582,182583
20959,11,0,0,0,131250,131251
20961,2,0,0,0,170959,170960
20962,1,0,0,0,163941,163942
20963,2,1,0,0,113889,113890
20964,4,1,0,0,143809,143810
20965,1,1,0,0,134859,134860
20966,7,0,0,0,182580,182581
20967,4,0,0,0,174598,174599
20968,6,1,0,0,136643,136644
20969,1,0,0,0,163939,163940
20970,1,0,0,0,163937,163938
20971,2,0,0,0,170957,170958
20972,9,1,0,0,320647,0
20973,2,0,0,0,170955,170956
20974,8,0,0,0,157901,157902
20975,2,0,0,0,170953,170954
20976,1,0,0,0,163935,163936
20977,1,1,0,0,134861,134862
20978,22,0,0,0,320648,0
20979,22,0,0,0,320649,0
20980,3,0,0,0,320650,320651
20981,4,0,0,0,174596,174597
20982,8,0,0,0,157899,157900
20983,2,0,0,0,170951,170952
20984,22,0,0,0,320652,0
20985,1,0,0,0,163933,163934
20986,11,0,6,0,131248,131249
20987,2,0,0,0,170949,170950
20988,2,1,0,0,113887,113888
20989,5,0,0,0,190281,190282
20990,2,0,0,0,170947,170948
20991,14,0,0,0,320653,0
20992,6,0,0,0,115878,115879
20994,2,0,0,0,170945,170946
20995,6,0,0,0,115880,115881
20996,1,0,0,0,163931,163932
20997,7,1,0,0,118816,118817
20998,1,0,0,0,163929,163930
20999,4,1,0,0,143807,143808
21000,6,0,0,0,115883,115884
21001,6,1,0,0,136645,136646
21002,1,0,0,0,163927,163928
21003,2,1,0,0,114142,114143
21004,2,0,0,0,170943,170944
21005,2,1,0,0,114140,114141
21006,2,0,0,0,170941,170942
21007,10,0,0,0,210136,210137
21008,6,0,0,0,115885,115886
21009,1,1,0,0,134863,134864
21010,11,1,0,0,114138,114139
21013,1,0,0,0,163925,163926
21014,2,0,0,0,170939,170940
21015,1,0,0,0,163923,163924
21016,2,0,0,0,170937,170938
21017,2,1,0,0,114136,114137
21018,2,1,0,0,114134,114135
21019,13,0,0,0,258726,0
21020,15,0,0,0,320654,0
21022,13,0,0,0,258727,0
21023,2,0,0,0,170935,170936
21024,2,1,0,0,114132,114133
21026,7,0,0,0,0,182579
21027,8,0,0,0,157897,157898
21028,8,1,0,0,177391,177392
21029,7,0,0,0,182576,182577
21030,7,0,0,0,123605,182575
21031,1,0,0,0,163921,163922
21032,1,1,0,0,134865,134866
21033,3,0,0,0,320655,320656
21034,6,0,0,0,115887,115888
21037,8,0,0,0,157895,157896
21038,14,0,0,0,320657,0
21039,11,1,0,0,150617,150618
21040,6,1,0,0,136647,136648
21041,2,1,0,0,114130,114131
21042,9,0,0,0,320658,0
21043,1,0,0,0,163919,163920
21044,1,1,0,0,134867,134868
21045,2,0,0,0,170933,170934
21046,1,0,0,0,163917,163918
21048,6,0,0,0,115889,115890
21049,6,0,0,0,115891,115892
21050,5,0,0,0,190279,190280
21051,1,0,0,0,163915,163916
21052,10,0,0,0,210134,210135
21054,1,0,0,0,163913,163914
21055,1,1,0,0,134869,134870
21056,1,1,0,0,134871,134872
21057,14,0,0,0,320659,0
21058,2,0,0,0,170931,170932
21059,6,0,0,0,115893,115894
21060,8,1,0,0,177389,177390
21061,2,0,0,0,170929,170930
21062,10,1,0,0,210493,210496
21063,6,1,0,0,0,136650
21064,4,1,0,0,143805,143806
21065,6,0,0,0,115895,115896
21066,6,0,0,0,115897,115898
21067,6,1,0,0,136651,136652
21068,6,1,0,0,136653,136654
21069,1,0,0,0,163911,163912
21070,6,0,0,0,115899,115900
21071,6,0,0,0,115901,115902
21072,6,1,0,0,136655,136656
21073,6,1,0,0,136657,136658
21074,1,1,0,0,134873,134874
21075,1,1,0,0,134875,134876
21076,1,0,0,0,163909,163910
21077,1,0,0,0,163907,163908
21078,1,0,0,0,163905,163906
21079,1,0,0,0,163903,163904
21080,7,0,0,0,123603,123604
21081,4,0,0,0,174594,174595
21082,7,0,6,0,123601,123602
21083,3,1,0,0,117663,117664
21084,7,1,0,0,118814,118815
21086,7,0,0,0,123599,123600
21087,7,0,0,0,123597,123598
21088,7,0,0,0,123595,123596
21089,7,0,0,0,123593,123594
21090,7,0,0,0,123591,123592
21091,4,0,0,0,174592,174593
21092,2,0,0,0,170927,170928
21093,4,1,0,0,143803,143804
21094,2,0,0,0,170925,170926
21095,4,1,0,0,143801,143802
21096,4,1,0,0,143799,143800
21097,4,1,0,0,143797,143798
21098,4,1,0,0,143795,143796
21099,7,0,0,0,123589,123590
21100,4,1,0,0,143793,143794
21101,2,0,0,0,170923,170924
21102,7,0,0,0,123587,123588
21103,7,0,0,0,123585,123586
21104,7,0,0,0,123583,123584
21105,7,0,0,0,123581,123582
21106,7,0,0,0,123579,123580
21107,7,0,0,0,123577,123578
21108,7,0,0,0,123575,123576
21109,7,1,0,0,118812,118813
21111,4,0,0,0,174590,174591
21112,4,0,0,0,174588,174589
21113,4,0,0,0,174586,174587
21114,4,1,0,0,143791,143792
21115,4,1,0,0,143789,143790
21116,1,0,0,0,163901,163902
21117,2,0,0,0,170921,170922
21118,9,1,0,0,320660,0
21119,7,0,0,0,123573,123574
21120,8,1,0,0,177387,177388
21121,2,1,0,0,114128,114129
21122,2,0,0,0,170919,170920
21123,8,0,0,0,157893,157894
21124,9,1,0,0,320661,0
21126,8,0,0,0,157891,157892
21128,8,1,0,0,177385,177386
21131,7,1,0,0,118810,118811
21132,8,0,0,0,157889,157890
21133,8,0,0,0,157887,157888
21134,8,1,0,0,177383,177384
21135,18,0,0,0,320662,0
21136,18,0,0,0,320663,0
21137,8,0,0,0,157885,157886
21138,8,0,0,0,157883,157884
21139,8,0,0,0,157881,157882
21140,8,0,0,0,157879,157880
21141,8,1,0,0,177381,177382
21142,8,0,0,0,157877,157878
21143,6,0,0,0,115903,115904
21144,4,1,0,0,143787,143788
21146,2,0,0,0,170917,170918
21147,4,1,0,0,143785,143786
21148,6,0,0,0,115905,115906
21149,6,0,0,0,115907,115908
21150,6,1,0,0,136659,136660
21151,6,1,0,0,136661,136662
21152,3,0,0,0,320664,320665
21153,1,0,0,0,163899,163900
21154,7,0,0,0,123571,123572
21155,13,0,0,0,258728,0
21156,13,0,0,0,258729,0
21157,13,0,0,0,258730,0
21158,13,0,0,0,258731,0
21159,13,1,0,0,262222,0
21160,13,1,0,0,262223,0
21161,13,1,0,0,262224,0
21162,13,1,0,0,262225,0
21163,13,0,0,0,258732,0
21164,13,0,0,0,258733,0
21166,8,0,0,0,157875,157876
21168,13,1,0,0,262226,0
21170,4,1,0,0,143783,143784
21171,13,0,0,0,258734,0
21172,8,0,0,0,157873,157874
21173,8,1,0,0,177379,177380
21174,8,0,0,0,157871,157872
21175,8,1,0,0,177377,177378
21176,8,0,0,0,157869,157870
21177,9,0,6,0,237380,0
21178,10,0,0,0,210132,210133
21179,10,1,0,0,210488,210491
21180,9,0,0,0,320666,0
21181,8,0,0,0,157867,157868
21182,8,1,0,0,177375,177376
21183,8,0,0,0,157865,157866
21184,8,1,0,0,177373,177374
21185,8,0,0,0,157863,157864
21187,5,0,0,0,190277,190278
21188,3,0,0,0,320667,320668
21189,9,0,0,0,320669,0
21190,9,0,0,0,320670,0
21191,2,1,0,0,114126,114127
21192,3,1,0,0,117665,117666
21193,9,0,0,0,320671,0
21194,1,0,0,0,163897,163898
21195,1,1,0,0,134877,134878
21197,1,0,0,0,163895,163896
21198,1,1,0,0,134879,134880
21199,3,0,0,0,320672,320673
21200,9,1,0,0,320674,0
21201,9,0,0,0,320675,0
21202,4,0,0,0,0,174585
21203,6,1,0,0,136663,136664
21204,1,0,0,0,163893,163894
21205,1,1,0,0,134881,134882
21206,9,0,0,0,320676,0
21207,8,0,0,0,157861,157862
21208,6,0,0,0,115909,115910
21209,7,1,0,0,118808,118809
21210,7,0,0,0,123569,123570
21211,7,0,0,0,123567,123568
21212,7,1,0,0,118806,118807
21213,7,1,0,0,118804,118805
21214,9,0,0,0,320677,0
21215,9,0,0,0,320678,0
21216,9,1,0,0,320679,0
21217,9,1,0,0,320680,0
21219,9,0,0,0,320681,0
21220,9,0,0,0,320682,0
21221,9,1,0,0,320683,0
21222,9,1,0,0,320684,0
21223,7,0,0,0,123565,123566
21224,7,0,0,0,123563,123564
21225,7,1,0,0,118802,118803
21226,7,1,0,0,118800,118801
21227,1,1,0,0,134883,134884
21228,9,1,0,0,320685,0
21229,1,0,0,0,163891,163892
21230,8,0,0,0,157859,157860
21231,7,1,0,0,118798,118799
21232,13,1,0,0,262227,0
21235,1,0,0,0,163889,163890
21236,1,0,0,0,163887,163888
21237,1,0,0,0,163885,163886
21238,1,0,0,0,163883,163884
21239,7,0,0,0,123561,123562
21240,9,0,0,0,320686,0
21241,9,0,0,0,320687,0
21242,9,1,0,0,320688,0
21244,4,0,0,0,174582,174583
21245,9,1,0,0,320689,0
21249,9,0,0,0,320690,0
21250,9,0,0,0,320691,0
21251,9,0,0,0,320692,0
21252,1,0,0,0,163881,163882
21253,9,0,0,0,320693,0
21254,1,1,0,0,134885,134886
21255,1,0,0,0,163879,163880
21256,1,0,0,0,163871,163872
21257,1,0,0,0,163869,163870
21258,1,0,0,0,163867,163868
21259,1,0,0,0,163865,163866
21260,7,0,0,0,123559,123560
21261,1,0,0,0,163863,163864
21262,9,0,0,0,320694,0
21263,9,0,0,0,320695,0
21264,1,0,0,0,163861,163862
21265,1,0,0,0,163610,163611
21266,1,0,0,0,163608,163609
21268,1,0,0,0,163606,163607
21269,4,0,0,0,174580,174581
21270,7,0,0,0,123557,123558
21271,22,0,0,0,320696,0
21272,1,0,0,0,163604,163605
21273,4,1,0,0,143781,143782
21274,1,0,0,0,163602,163603
21275,3,0,0,0,320697,320698
21276,1,0,0,0,163600,163601
21277,1,1,0,0,134887,134888
21278,4,0,0,0,174578,174579
21279,6,1,0,0,136665,136666
21280,1,0,0,0,163598,163599
21281,7,0,0,0,123555,123556
21282,7,0,0,0,123553,123554
21283,7,0,0,0,123551,123552
21284,7,0,0,0,123549,123550
21285,7,1,0,0,118796,118797
21286,7,1,0,0,118794,118795
21287,7,1,0,0,118792,118793
21288,7,1,0,0,118790,118791
21289,9,0,0,0,320699,0
21290,9,0,0,0,320700,0
21291,9,0,0,0,320701,0
21292,9,0,0,0,320702,0
21293,9,1,0,0,320703,0
21294,9,1,0,0,320704,0
21295,9,1,0,0,320705,0
21296,9,1,0,0,320706,0
21297,20,0,0,0,320707,0
21298,9,0,0,0,320708,0
21299,7,1,0,0,118788,118789
21300,6,0,0,0,115911,115912
21301,3,1,0,0,117667,117668
21302,3,0,0,0,320709,320710
21303,3,1,0,0,117669,117670
21304,10,0,0,0,210130,210131
21305,4,1,0,0,143779,143780
21307,3,1,0,0,117671,117672
21308,1,0,0,0,163596,163597
21309,2,1,0,0,114124,114125
21311,3,0,0,0,320711,320712
21312,3,0,0,0,320713,320714
21313,3,0,0,0,320715,320716
21314,6,1,0,0,136667,136668
21315,4,1,0,0,143777,143778
21316,2,0,0,0,170915,170916
21317,2,0,0,0,170913,170914
21318,2,0,0,0,170911,170912
21319,2,0,0,0,170909,170910
21320,9,0,0,0,320717,0
21321,9,1,0,0,320718,0
21322,10,1,0,0,210482,210485
21323,9,0,0,0,320719,0
21324,9,0,0,0,320720,0
21325,7,0,0,0,123547,123548
21326,7,0,0,0,123545,123546
21327,7,0,0,0,123543,123544
21328,7,0,0,0,123541,123542
21329,4,0,0,0,174576,174577
21330,1,0,0,0,163594,163595
21331,4,1,0,0,143775,143776
21332,4,0,0,0,174574,174575
21333,4,1,0,0,143773,143774
21334,7,1,0,0,118786,118787
21335,7,1,0,0,118784,118785
21336,4,0,0,0,174572,174573
21337,4,1,0,0,143771,143772
21338,2,0,0,0,170907,170908
21339,2,0,0,0,170905,170906
21340,2,0,0,0,170903,170904
21341,2,1,0,0,114122,114123
21342,2,0,0,0,170901,170902
21343,2,0,0,0,170899,170900
21344,2,0,0,0,170897,170898
21345,2,1,0,0,114120,114121
21346,2,0,0,0,170895,170896
21347,2,0,0,0,170893,170894
21348,2,1,0,0,114118,114119
21349,2,1,0,0,114116,114117
21350,2,0,0,0,170891,170892
21351,2,0,0,0,170889,170890
21352,2,0,0,0,170887,170888
21353,3,0,0,0,320721,320722
21354,8,0,0,0,157857,157858
21355,2,0,0,0,170885,170886
21356,2,0,0,0,170883,170884
21357,8,1,0,0,177371,177372
21358,6,0,0,0,115914,115915
21359,6,1,0,0,136669,136670
21360,5,0,0,0,190275,190276
21361,10,0,0,0,210128,210129
21362,9,0,0,0,320723,0
21363,2,0,0,0,170881,170882
21364,2,0,0,0,170879,170880
21365,10,1,0,0,210476,210479
21366,9,0,0,0,320724,0
21367,8,0,0,0,157855,157856
21368,4,0,0,0,174570,174571
21369,4,0,0,0,174568,174569
21370,4,0,0,0,174566,174567
21371,4,0,0,0,174564,174565
21372,4,0,0,0,174562,174563
21373,4,0,0,0,174560,174561
21374,2,0,0,0,170877,170878
21375,13,0,0,0,258735,0
21376,3,0,0,0,320725,320726
21377,4,0,0,0,174558,174559
21378,4,0,0,0,174556,174557
21379,6,0,0,0,115916,115917
21380,6,1,0,0,136671,136672
21381,8,1,0,0,177369,177370
21382,4,1,0,0,143769,143770
21383,4,1,0,0,143767,143768
21384,6,1,0,0,136673,136674
21385,4,0,0,0,174554,174555
21386,6,0,0,0,115918,115919
21387,4,0,0,0,174552,174553
21388,4,1,0,0,143765,143766
21389,1,0,0,0,0,163593
21390,22,0,0,0,320727,0
21391,4,0,0,0,174550,174551
21392,4,0,0,0,174548,174549
21393,4,1,0,0,143763,143764
21394,4,1,0,0,143761,143762
21395,8,0,0,0,157853,157854
21396,8,1,0,0,177367,177368
21397,8,0,0,0,157851,157852
21398,8,1,0,0,177365,177366
21399,8,1,0,0,177363,177364
21400,8,0,0,0,157849,157850
21401,8,0,0,0,157847,157848
21402,8,1,0,0,177361,177362
21403,8,1,0,0,177359,177360
21404,8,1,0,0,177357,177358
21405,3,0,0,0,320728,320729
21406,1,0,0,0,163590,163591
21407,8,0,0,0,157845,157846
21408,8,1,0,0,177355,177356
21409,3,1,0,0,117673,117674
21410,2,0,0,0,170875,170876
21411,2,0,0,0,170873,170874
21412,2,0,0,0,170871,170872
21413,2,0,0,0,170869,170870
21414,4,1,0,0,143759,143760
21415,4,1,0,0,143757,143758
21416,4,1,0,0,143755,143756
21417,4,1,0,0,143753,143754
21418,11,1,0,0,0,150620
21419,10,1,0,0,210471,210474
21420,1,1,0,0,134889,134890
21421,2,1,0,0,114114,114115
21422,2,0,0,0,170867,170868
21423,5,0,0,0,190273,190274
21424,8,0,0,0,157843,157844
21425,9,0,0,0,320730,0
21426,10,0,0,0,210126,210127
21427,10,1,0,0,210466,210469
21428,10,0,0,0,210124,210125
21429,7,0,0,0,123539,123540
21430,11,0,0,0,131246,131247
21431,2,0,0,0,170865,170866
21432,21,0,0,0,320731,0
21433,21,0,0,0,320732,0
21434,21,0,0,0,320733,0
21435,3,0,0,0,320734,320735
21436,3,0,0,0,320736,320737
21437,21,0,0,0,320738,0
21438,21,0,0,0,320739,0
21439,21,0,0,0,320740,0
21440,1,0,0,0,163588,163589
21441,1,0,0,0,163586,163587
21442,1,0,0,0,163584,163585
21443,1,0,0,0,163582,163583
21444,1,0,0,0,163580,163581
21445,15,0,0,0,320741,0
21446,15,0,0,0,320742,0
21447,15,0,0,0,320743,0
21448,9,0,0,0,320744,0
21449,4,0,0,0,174546,174547
21450,3,0,0,0,320745,320746
21451,6,0,0,0,115920,115921
21452,6,0,0,0,115922,115923
21453,4,1,0,0,143751,143752
21454,3,0,0,0,320747,320748
21455,21,0,0,0,320749,0
21456,21,0,0,0,320750,0
21457,21,0,0,0,320751,0
21458,1,0,0,0,163578,163579
21459,21,0,0,0,320752,0
21460,21,0,0,0,320753,0
21461,21,0,0,0,320754,0
21462,3,0,0,0,320755,320756
21463,3,0,0,0,320757,320758
21464,3,0,0,0,320759,320760
21465,3,0,0,0,320761,320762
21466,3,0,0,0,320763,320764
21467,6,1,0,0,136675,136676
21468,3,0,0,0,320765,320766
21469,3,0,0,0,320767,320768
21470,1,0,0,0,163576,163577
21471,3,0,0,0,320769,320770
21472,3,1,0,0,117675,117676
21473,3,0,0,0,320771,320772
21474,1,0,0,0,163574,163575
21475,1,0,0,0,163572,163573
21476,7,1,0,0,118782,118783
21477,22,0,0,0,320773,0
21478,1,1,0,0,134891,134892
21479,21,0,0,0,320774,0
21480,1,0,0,0,163570,163571
21481,7,0,0,0,123537,123538
21482,2,0,0,0,170863,170864
21483,8,0,0,0,157841,157842
21484,9,0,0,0,320775,0
21485,2,1,0,0,114112,114113
21486,1,0,0,0,163568,163569
21487,1,0,0,0,163566,163567
21488,3,0,0,0,320776,320777
21489,4,1,0,0,143749,143750
21490,3,0,0,0,320778,320779
21491,3,0,0,0,320780,320781
21492,1,0,0,0,163564,163565
21493,3,1,0,0,117677,117678
21494,13,1,0,0,262228,0
21495,13,0,0,0,258736,0
21496,13,0,0,0,258737,0
21497,6,0,0,0,115924,115925
21498,6,0,0,0,115926,115927
21499,6,0,0,0,115928,115929
21500,1,0,0,0,163562,163563
21501,1,1,0,0,134893,134894
21502,3,0,0,0,320782,320783
21503,3,1,0,0,117679,117680
21504,2,0,0,0,170861,170862
21505,2,1,0,0,114110,114111
21506,6,0,0,0,115930,115931
21507,18,0,0,0,320784,0
21508,7,0,0,0,123535,123536
21509,2,0,0,0,170859,170860
21510,6,0,0,0,115932,115934
21511,10,0,0,0,210122,210123
21512,8,0,0,0,157839,157840
21513,4,1,0,0,143747,143748
21514,3,1,0,0,117681,117682
21515,3,0,0,0,320785,320786
21516,9,0,0,0,320787,0
21517,9,1,0,0,320788,0
21518,9,0,0,0,320789,0
21519,3,0,0,0,320790,320791
21521,2,0,0,0,170857,170858
21522,3,0,0,0,320792,320793
21523,3,1,0,0,117683,117684
21524,1,0,0,0,163560,163561
21525,1,0,0,0,163558,163559
21526,1,0,0,0,163556,163557
21527,6,0,0,0,115935,115936
21528,6,0,0,0,115937,115938
21529,6,1,0,0,136677,136678
21530,6,1,0,0,136679,136680
21531,4,0,0,0,174544,174545
21532,4,1,0,0,143745,143746
21533,7,1,0,0,118780,118781
21534,9,0,0,0,320794,0
21535,9,0,0,0,320795,0
21536,9,1,0,0,320796,0
21537,9,1,0,0,320797,0
21538,1,1,0,0,134895,134896
21539,13,0,0,0,258738,0
21540,13,1,0,0,262229,0
21542,4,0,0,0,174542,174543
21543,6,0,0,0,115939,115940
21544,4,0,0,0,174540,174541
21545,6,0,0,0,115941,115942
21546,4,1,0,0,143743,143744
21547,4,0,0,0,174538,174539
21548,1,0,0,0,163554,163555
21549,1,0,0,0,163552,163553
21550,7,0,0,0,123533,123534
21551,4,1,0,0,143741,143742
21552,4,0,0,0,174536,174537
21553,4,0,0,0,174534,174535
21554,13,0,0,0,258739,0
21555,4,1,0,0,143739,143740
21556,4,1,0,0,143737,143738
21557,3,0,0,0,320798,320799
21558,3,0,0,0,320800,320801
21559,4,1,0,0,143735,143736
21560,2,0,0,0,170855,170856
21561,8,0,0,0,157837,157838
21562,8,1,0,0,177353,177354
21563,2,0,0,0,170853,170854
21564,4,1,0,0,143733,143734
21565,22,0,0,0,320802,0
21566,4,0,0,0,174532,174533
21567,4,0,0,0,174530,174531
21568,11,1,0,0,150621,150622
21569,2,0,0,0,170851,170852
21570,2,0,0,0,170849,170850
21571,2,0,0,0,170847,170848
21572,2,0,0,0,170845,170846
21573,2,0,0,0,170843,170844
21574,3,1,0,0,117685,117686
21575,3,0,0,0,320803,320804
21576,3,0,0,0,237381,237382
21577,22,0,0,0,320805,0
21578,22,0,0,0,320806,0
21579,22,1,0,0,320807,0
21580,1,0,0,0,163550,163551
21581,1,0,0,0,163548,163549
21583,3,0,0,0,320808,320809
21584,7,0,0,0,123531,123532
21585,3,0,0,0,320810,320811
21586,3,0,0,0,320812,320813
21587,3,0,0,0,320814,320815
21588,2,0,0,0,170841,170842
21589,2,0,0,0,170839,170840
21590,2,0,0,0,170837,170838
21591,2,0,0,0,170835,170836
21592,2,0,0,0,170833,170834
21593,2,0,0,0,170831,170832
21594,2,0,0,0,170829,170830
21595,2,0,0,0,170827,170828
21596,2,0,0,0,170825,170826
21597,2,0,0,0,170823,170824
21598,2,0,0,0,170821,170822
21599,2,0,0,0,170819,170820
21600,3,0,0,0,320816,320817
21601,13,0,0,0,258740,0
21602,13,1,0,0,262230,0
21603,13,1,0,0,262231,0
21604,13,0,0,0,258741,0
21605,3,0,0,0,320818,320819
21606,2,0,0,0,170817,170818
21607,5,0,0,0,190271,190272
21608,6,1,0,0,136681,136682
21609,8,1,0,0,177351,177352
21610,1,0,0,0,163366,163367
21611,11,0,0,0,131244,131245
21612,3,1,0,0,117687,117688
21613,4,1,0,0,143731,143732
21614,10,1,0,0,209625,210464
21615,7,0,0,0,123529,123530
21616,11,1,0,0,150623,150624
21617,1,0,0,0,163364,163365
21618,1,0,0,0,163362,163363
21619,16,0,0,0,125459,0
21620,1,0,0,0,163360,163361
21621,1,0,0,0,163358,163359
21623,7,0,0,0,123527,123528
21624,1,0,0,0,163356,163357
21625,2,0,0,0,170815,170816
21626,3,0,0,0,320820,320821
21627,2,0,0,0,170813,170814
21628,2,0,0,0,170811,170812
21629,6,1,0,0,136683,136684
21630,9,0,0,0,320822,0
21631,4,1,0,0,143729,143730
21632,4,0,0,0,174528,174529
21633,2,0,0,0,170809,170810
21634,10,1,0,0,209623,209624
21635,4,0,0,0,174526,174527
21636,4,1,0,0,143727,143728
21637,6,0,0,0,115943,115944
21639,2,0,0,0,170807,170808
21640,3,0,0,0,320823,320824
21641,2,0,0,0,170805,170806
21642,9,0,0,0,320825,0
21643,10,0,0,0,210120,210121
21644,5,0,0,0,185264,185265
21645,3,0,0,0,320826,320827
21646,3,0,0,0,320828,320829
21647,6,1,0,0,136685,136686
21648,3,0,0,0,320830,320831
21649,2,0,0,0,170803,170804
21650,3,0,0,0,320832,320833
21651,5,0,0,0,185262,185263
21652,2,0,0,0,170801,170802
21653,1,0,0,0,163354,163355
21654,5,0,0,0,190269,190270
21655,10,1,0,0,209621,209622
21656,13,0,0,0,258742,0
21657,10,0,0,0,210118,210119
21658,1,0,0,0,163352,163353
21659,10,0,0,0,210116,210117
21660,9,0,0,0,320834,0
21661,9,0,0,0,320835,0
21662,9,1,0,0,320836,0
21663,9,0,0,0,320837,0
21664,6,0,0,0,115945,115946
21665,6,1,0,0,136687,136688
21666,6,0,0,0,115947,115948
21667,6,0,0,0,115950,115952
21668,6,1,0,0,136689,136690
21669,1,0,0,0,163350,163351
21670,3,0,0,0,320838,320839
21672,1,0,0,0,163348,163349
21673,4,1,0,0,143725,143726
21674,11,0,0,0,131242,131243
21675,7,1,0,0,118778,118779
21676,2,0,0,0,170799,170800
21677,5,0,0,0,190267,190268
21678,2,1,0,0,114108,114109
21681,7,1,0,0,118776,118777
21682,1,0,0,0,163346,163347
21683,9,0,0,0,320840,0
21685,22,0,0,0,320841,0
21686,1,0,0,0,163344,163345
21687,1,1,0,0,134897,134898
21688,1,0,0,0,163342,163343
21689,9,0,0,0,320842,0
21691,9,0,0,0,320843,0
21692,1,0,0,0,163340,163341
21693,2,0,0,0,170797,170798
21694,3,1,0,0,117689,117690
21695,5,1,0,0,148482,148483
21696,4,1,0,0,143723,143724
21697,9,0,0,0,320844,0
21698,11,0,0,0,131240,131241
21699,10,1,0,0,209619,209620
21700,9,0,0,0,320845,0
21701,22,0,0,0,320846,0
21702,22,0,0,0,320847,0
21703,22,0,0,0,320848,0
21704,22,0,0,0,320849,0
21705,22,0,0,0,320850,0
21706,22,1,0,0,320851,0
21707,22,1,0,0,320852,0
21708,1,0,0,0,163338,163339
21709,3,0,0,0,320853,320854
21710,3,0,0,0,320855,320856
21711,7,1,0,0,118774,118775
21712,10,0,0,0,210114,210115
21713,11,1,0,0,150625,150626
21714,7,0,0,0,123525,123526
21715,8,1,0,0,177349,177350
21716,6,0,0,0,115953,115954
21717,1,1,0,0,134899,134900
21718,3,0,0,0,320857,320858
21719,9,1,0,0,320859,0
21720,7,0,0,0,123523,123524
21721,2,0,0,0,170795,170796
21722,2,1,0,0,114106,114107
21723,8,1,0,0,177347,177348
21724,10,0,0,0,210112,210113
21725,1,0,0,0,163336,163337
21726,1,0,0,0,163334,163335
21727,1,0,0,0,163332,163333
21728,7,1,0,0,118772,118773
21729,13,0,0,0,258743,0
21730,13,0,0,0,258744,0
21731,13,0,0,0,258745,0
21732,13,0,0,0,258746,0
21733,13,0,0,0,258747,0
21734,13,1,0,0,262232,0
21735,13,1,0,0,262233,0
21736,13,1,0,0,262234,0
21737,13,1,0,0,262235,0
21738,7,0,0,0,123521,123522
21739,13,1,0,0,262236,0
21740,22,0,0,0,320860,0
21741,7,1,0,0,118770,118771
21742,3,0,0,0,320861,320862
21743,1,0,0,0,163330,163331
21744,4,1,0,0,143721,143722
21745,7,0,0,0,123519,123520
21746,1,1,0,0,134901,134902
21747,9,0,0,0,320863,0
21748,1,0,0,0,163328,163329
21749,1,0,0,0,163326,163327
21750,1,0,0,0,163324,163325
21751,1,0,0,0,163322,163323
21752,1,0,0,0,163320,163321
21753,1,0,0,0,163318,163319
21754,1,1,0,0,134903,134904
21755,1,1,0,0,134905,134906
21756,1,1,0,0,134907,134908
21757,1,1,0,0,134909,134910
21758,1,0,0,0,163316,163317
21759,1,0,0,0,163314,163315
21760,1,0,0,0,163312,163313
21761,7,0,0,0,123517,123518
21762,7,0,0,0,123515,123516
21763,7,0,0,0,123513,123514
21764,7,0,0,0,123511,123512
21765,1,0,0,0,163310,163311
21766,10,0,0,0,210110,210111
21767,7,0,0,0,123509,123510
21768,1,0,0,0,163308,163309
21769,1,0,0,0,163306,163307
21770,7,0,0,0,123507,123508
21771,1,0,0,0,163304,163305
21772,1,0,0,0,163302,163303
21773,1,0,0,0,163300,163301
21774,1,0,0,0,163298,163299
21775,2,0,0,0,170793,170794
21776,1,0,0,0,0,163297
21777,1,0,0,0,163294,163295
21778,1,0,0,0,163292,163293
21780,1,0,0,0,163290,163291
21781,6,0,0,0,115955,115956
21783,7,1,0,0,118768,118769
21784,1,0,0,0,163288,163289
21785,1,0,0,0,163286,163287
21786,5,0,0,0,190265,190266
21787,6,1,0,0,136691,136692
21788,1,1,0,0,134911,134912
21789,1,1,0,0,134913,134914
21790,2,0,0,0,170791,170792
21791,2,0,0,0,170789,170790
21792,2,0,0,0,170787,170788
21793,1,0,0,0,163284,163285
21794,1,0,0,0,163282,163283
21795,1,0,0,0,163280,163281
21796,1,0,0,0,163278,163279
21797,11,0,0,0,131238,131239
21798,4,1,0,0,143719,143720
21799,3,0,0,0,320864,320865
21800,1,1,0,0,134915,134916
21801,1,0,0,0,163276,163277
21802,1,0,0,0,163274,163275
21803,1,0,0,0,163272,163273
21804,4,1,0,0,143717,143718
21805,2,0,0,0,170785,170786
21806,2,0,0,0,170783,170784
21807,10,0,0,0,210108,210109
21808,8,0,0,0,157835,157836
21809,2,0,0,0,170781,170782
21810,2,0,0,0,170779,170780
21811,2,0,0,0,170777,170778
21812,13,0,0,0,258748,0
21813,1,0,0,0,163270,163271
21814,1,0,0,0,163268,163269
21815,1,0,0,0,163266,163267
21816,1,1,0,0,134917,134918
21817,1,1,0,0,134919,134920
21818,1,1,0,0,0,134922
21819,1,0,0,0,163264,163265
21820,1,1,0,0,134923,134924
21822,13,1,0,0,262237,0
21823,9,0,0,0,320866,0
21824,7,0,0,0,123505,123506
21825,1,0,0,0,163262,163263
21826,1,1,0,0,134925,134926
21827,7,0,0,0,123503,123504
21828,7,0,0,0,123501,123502
21829,7,0,0,0,123499,123500
21830,7,1,0,0,118766,118767
21831,3,0,0,0,320867,320868
21832,2,0,0,0,170775,170776
21833,18,0,0,0,320869,0
21835,1,0,0,0,163260,163261
21836,7,0,0,0,123497,123498
21837,7,0,0,0,123495,123496
21838,7,0,0,0,123493,123494
21839,7,0,0,0,123491,123492
21840,18,0,0,0,320870,0
21842,18,0,0,0,320871,0
21844,3,0,0,0,320872,320873
21845,20,0,0,0,320874,0
21846,18,0,0,0,320875,0
21847,3,0,0,0,320876,320877
21848,3,0,0,0,320878,320879
21849,1,0,0,0,163258,163259
21850,18,0,0,0,320880,0
21851,11,1,0,0,150627,150628
21852,1,1,0,0,134927,134928
21853,9,0,0,0,320881,0
21854,8,1,0,0,177345,177346
21855,8,0,0,0,157833,157834
21856,11,0,0,0,131236,131237
21857,7,0,0,0,123489,123490
21858,5,0,0,0,190263,190264
21859,8,0,0,0,157831,157832
21860,8,1,0,0,177343,177344
21861,18,0,0,0,320882,0
21862,7,0,0,0,123487,123488
21863,2,0,0,0,170773,170774
21864,2,0,0,0,170771,170772
21865,2,0,0,0,170769,170770
21866,2,0,0,0,170767,170768
21867,2,0,0,0,170765,170766
21868,7,0,0,0,123485,123486
21869,2,0,0,0,170763,170764
21870,2,0,0,0,170761,170762
21871,22,0,0,0,320883,0
21872,2,0,0,0,170759,170760
21873,2,1,0,0,114104,114105
21874,2,0,0,0,170757,170758
21875,2,0,0,0,170755,170756
21876,2,0,0,0,170753,170754
21877,9,0,0,0,320884,0
21878,9,1,0,0,320885,0
21879,9,0,0,0,320886,0
21880,9,0,0,0,320887,0
21881,9,0,0,0,320888,0
21882,9,0,0,0,320889,0
21883,9,0,0,0,320890,0
21884,9,0,0,0,320891,0
21885,9,0,0,0,320892,0
21886,3,1,0,0,117691,117692
21887,1,0,0,0,163256,163257
21888,1,0,0,0,163254,163255
21889,1,1,0,0,134929,134930
21890,6,1,0,0,136693,136694
21891,1,0,0,0,163252,163253
21892,1,1,0,0,134931,134932
21893,3,0,0,0,320893,320894
21894,7,1,0,0,118764,118765
21895,4,0,0,0,174524,174525
21896,7,0,0,0,123483,123484
21897,8,0,0,0,157829,157830
21898,3,0,0,0,320895,320896
21899,7,0,0,0,123481,123482
21900,7,0,0,0,123479,123480
21901,7,0,0,0,123477,123478
21902,2,0,0,0,170751,170752
21903,2,1,0,0,114102,114103
21904,18,0,0,0,320897,0
21905,6,0,0,0,115957,115958
21906,2,0,0,0,170749,170750
21907,2,1,0,0,114100,114101
21908,6,1,0,0,136695,136696
21909,3,0,0,0,320898,320899
21910,6,0,0,0,115959,115960
21911,11,0,0,0,131234,131235
21912,3,1,0,0,117693,117694
21913,14,0,0,0,320900,0
21914,6,0,0,0,115961,115962
21915,14,0,0,0,320901,0
21916,3,0,0,0,320902,320903
21917,11,0,0,0,131232,131233
21918,2,0,0,0,170747,170748
21919,11,1,0,0,150629,150630
21920,8,0,0,0,157827,157828
21921,6,1,0,0,136697,136698
21922,1,0,0,0,163250,163251
21923,9,0,0,0,320904,0
21924,9,0,0,0,320905,0
21925,9,0,0,0,320906,0
21926,9,1,0,0,320907,0
21927,9,0,0,0,320908,0
21928,1,0,0,0,163248,163249
21929,8,0,0,0,157825,157826
21930,9,0,0,0,320909,0
21931,9,1,0,0,320910,0
21932,31,0,0,0,320911,0
21933,8,1,0,0,177341,177342
21934,9,0,0,0,320912,0
21935,8,0,0,0,157823,157824
21936,3,0,0,0,320913,320914
21937,8,1,0,0,177339,177340
21938,8,1,0,0,177337,177338
21939,2,0,0,0,170745,170746
21941,3,0,0,0,320915,320916
21942,9,0,0,0,320917,0
21943,9,0,0,0,320918,0
21944,3,0,0,0,320919,320920
21945,1,1,0,0,134933,134934
21946,3,1,0,0,117695,117696
21947,7,0,0,0,123475,123476
21948,1,1,0,0,134935,134936
21949,1,0,0,0,163246,163247
21950,5,0,0,0,190261,190262
21951,5,1,0,0,148484,148485
21952,5,1,0,0,148486,148487
21953,8,1,0,0,177335,177336
21954,9,1,0,0,320921,0
21955,10,1,0,0,209617,209618
21956,10,1,0,0,209615,209616
21957,10,1,0,0,209613,209614
21958,2,0,0,0,170743,170744
21959,1,1,0,0,134937,134938
21960,1,1,0,0,134939,134940
21961,1,0,0,0,163244,163245
21962,7,1,0,0,118762,118763
21963,2,0,0,0,170741,170742
21964,2,0,0,0,170739,170740
21965,1,0,0,0,163242,163243
21966,1,0,0,0,163240,163241
21967,3,0,0,0,320922,320923
21968,3,0,0,0,320924,320925
21969,5,0,0,0,190259,190260
21970,2,1,0,0,114098,114099
21971,2,0,0,0,170737,170738
21972,1,0,0,0,163238,163239
21973,8,0,0,0,157821,157822
21974,2,0,0,0,170735,170736
21975,2,1,0,0,114096,114097
21976,6,0,0,0,115963,115964
21977,3,0,0,0,320926,320927
21978,3,1,0,0,117697,117698
21979,2,0,0,0,170733,170734
21980,2,0,0,0,170731,170732
21981,2,0,0,0,170729,170730
21982,2,1,0,0,114094,114095
21983,2,1,0,0,114092,114093
21984,1,0,0,0,163236,163237
21985,1,1,0,0,134941,134942
21986,1,0,0,0,163234,163235
21987,1,0,0,0,163232,163233
21988,7,1,0,0,118760,118761
21990,11,0,0,0,131230,131231
21991,9,0,0,0,320928,0
21992,1,0,0,0,163230,163231
21993,1,1,0,0,134943,134944
21994,1,0,0,0,163228,163229
21995,1,1,0,0,134945,134946
21996,1,0,0,0,163226,163227
21997,1,0,0,0,163224,163225
21998,1,1,0,0,134947,134948
21999,9,0,0,0,320929,0
22000,1,0,0,0,0,163223
22001,4,1,0,0,143715,143716
22002,1,1,0,0,134949,134950
22003,5,0,0,0,190257,190258
22004,1,1,0,0,134951,134952
22005,2,0,0,0,170710,170711
22006,2,1,0,0,114090,114091
22007,2,0,0,0,170708,170709
22008,2,1,0,0,114088,114089
22009,2,0,0,0,170706,170707
22010,7,0,0,0,123473,123474
22011,7,0,0,0,123471,123472
22012,6,0,0,0,115966,115968
22013,8,0,0,0,157819,157820
22014,2,0,0,0,170704,170705
22015,11,0,0,0,131228,131229
22016,11,1,0,0,150631,150632
22017,14,0,0,0,320930,0
22018,3,0,0,0,320931,320932
22019,9,0,0,0,320933,0
22020,10,0,0,0,210106,210107
22021,2,1,0,0,114086,114087
22022,1,1,0,0,0,134954
22023,11,1,0,0,150633,150634
22024,9,1,0,0,320934,0
22025,22,1,0,0,320935,0
22026,9,0,0,0,320936,0
22027,9,0,0,0,320937,0
22028,9,1,0,0,320938,0
22029,6,0,0,0,115969,115970
22030,4,1,0,0,143713,143714
22031,31,0,0,0,157817,0
22032,6,0,0,0,115971,115972
22033,22,0,0,0,320939,0
22034,10,1,0,0,209611,209612
22035,4,1,0,0,143711,143712
22036,2,1,0,0,114084,114085
22037,5,1,0,0,148488,148489
22038,5,1,0,0,148490,148491
22039,1,0,0,0,163220,163221
22040,8,0,0,0,157815,157816
22041,5,0,0,0,190255,190256
22042,10,1,0,0,209609,209610
22043,5,1,0,0,148492,148493
22044,1,0,0,0,163218,163219
22045,2,1,0,0,114081,114083
22046,2,0,0,0,170702,170703
22047,7,1,0,0,118758,118759
22048,2,0,0,0,170700,170701
22049,1,0,0,0,163216,163217
22050,2,0,0,0,170698,170699
22051,6,0,0,0,115973,115974
22052,12,0,0,0,219759,0
22053,2,1,0,0,114079,114080
22054,2,0,0,0,170696,170697
22055,9,0,0,0,320940,0
22056,2,0,0,0,170694,170695
22057,3,1,0,0,117699,117700
22058,9,0,0,0,320941,0
22059,9,0,0,0,320942,0
22060,9,1,0,0,320943,0
22061,9,1,0,0,320944,0
22062,1,1,0,0,134955,134956
22063,1,1,0,0,134957,134958
22064,1,0,0,0,163214,163215
22065,1,0,0,0,163212,163213
22066,1,0,0,0,163210,163211
22067,3,0,0,0,320945,320946
22068,3,0,0,0,320947,320948
22069,3,0,0,0,320949,320950
22070,2,0,0,0,170692,170693
22071,2,0,0,0,170690,170691
22072,1,0,0,0,163208,163209
22073,1,0,0,0,163206,163207
22074,1,1,0,0,134959,134960
22075,1,1,0,0,134961,134962
22076,1,0,0,0,163204,163205
22077,3,0,0,0,320951,320952
22078,2,0,0,0,170688,170689
22079,2,1,0,0,114077,114078
22080,3,0,0,0,320953,320954
22081,1,0,0,0,163202,163203
22082,12,0,0,0,219758,0
22083,1,0,0,0,163198,163199
22084,1,0,0,0,163196,163197
22085,1,0,0,0,163194,163195
22086,9,0,0,0,320955,0
22087,7,0,0,0,123469,123470
22088,1,1,0,0,134963,134964
22089,1,0,0,0,163192,163193
22090,9,0,0,0,320956,0
22091,14,0,0,0,320957,0
22092,3,0,0,0,320958,320959
22093,3,0,0,0,320960,320961
22094,4,1,0,0,143709,143710
22095,1,0,0,0,0,163191
22096,9,0,0,0,320962,0
22097,4,0,0,0,174522,174523
22098,4,0,0,0,174520,174521
22099,4,1,0,0,143707,143708
22100,6,0,0,0,115975,115976
22101,4,0,0,0,174518,174519
22102,2,0,0,0,170686,170687
22103,3,0,0,0,320963,320964
22104,2,0,0,0,170684,170685
22105,2,1,0,0,114075,114076
22106,2,1,0,0,114073,114074
22107,2,0,0,0,170682,170683
22108,2,0,0,0,170680,170681
22109,2,0,0,0,170678,170679
22110,2,0,0,0,170676,170677
22111,2,0,0,0,170674,170675
22112,2,0,0,0,170672,170673
22113,2,0,0,0,170670,170671
22114,14,0,0,0,320965,0
22115,6,0,0,0,115977,115978
22116,4,1,0,0,143705,143706
22117,11,1,0,0,150635,150636
22118,4,0,0,0,174516,174517
22119,9,1,0,0,320966,0
22120,4,1,0,0,143703,143704
22121,4,0,0,0,174514,174515
22122,4,1,0,0,143701,143702
22123,4,0,0,0,0,174513
22124,4,1,0,0,143699,143700
22125,4,0,0,0,174510,174511
22126,4,0,0,0,174508,174509
22127,4,1,0,0,143697,143698
22128,7,0,0,0,182573,182574
22129,4,0,0,0,0,174507
22130,4,1,0,0,143695,143696
22131,4,1,0,0,143693,143694
22132,1,0,0,0,163188,163189
22133,1,0,0,0,163186,163187
22134,1,0,0,0,163184,163185
22135,1,0,0,0,163182,163183
22136,22,0,0,0,320967,0
22137,3,1,0,0,117701,117702
22138,3,0,0,0,320968,320969
22139,4,1,0,0,143691,143692
22140,4,1,0,0,143689,143690
22141,4,0,0,0,174504,174505
22142,4,0,0,0,174502,174503
22143,6,1,0,0,136699,136700
22144,1,0,0,0,163180,163181
22145,2,1,0,0,114071,114072
22146,2,1,0,0,114069,114070
22147,2,0,0,0,170668,170669
22148,2,0,0,0,170666,170667
22149,2,0,0,0,170664,170665
22150,2,0,0,0,170662,170663
22151,1,0,0,0,163178,163179
22152,4,1,0,0,143687,143688
22153,6,0,0,0,115979,115980
22154,4,0,0,0,174500,174501
22155,4,0,0,0,174498,174499
22156,6,0,0,0,115981,115982
22157,3,0,0,0,320970,320971
22158,1,0,0,0,163176,163177
22159,6,1,0,0,136701,136702
22160,2,1,0,0,114067,114068
22161,3,1,0,0,117703,117704
22162,6,1,0,0,136703,136704
22163,2,0,0,0,170660,170661
22164,3,0,0,0,320972,320973
22165,5,0,0,0,190253,190254
22166,6,0,0,0,115983,115984
22167,2,0,0,0,170658,170659
22168,2,1,0,0,114065,114066
22169,2,0,0,0,170656,170657
22170,2,1,0,0,114063,114064
22171,2,0,0,0,170654,170655
22172,2,0,0,0,170652,170653
22173,2,1,0,0,114061,114062
22174,2,1,0,0,114059,114060
22175,2,1,0,0,114057,114058
22176,2,0,0,0,170650,170651
22177,2,1,0,0,114055,114056
22178,2,0,0,0,170648,170649
22179,2,1,0,0,114053,114054
22180,22,0,0,0,320974,0
22181,22,0,0,0,320975,0
22182,1,0,0,0,163174,163175
22183,22,1,0,0,320976,0
22184,22,0,0,0,320977,0
22185,2,0,0,0,170646,170647
22186,1,0,0,0,163172,163173
22187,1,0,0,0,163170,163171
22188,1,1,0,0,134965,134966
22189,2,0,0,0,170644,170645
22190,2,1,0,0,114049,114051
22192,1,1,0,0,0,134968
22193,1,1,0,0,134969,134970
22194,1,1,0,0,134971,134972
22195,3,0,0,0,320978,320979
22196,1,1,0,0,134973,134974
22197,9,0,0,0,320980,0
22198,9,0,0,0,320981,0
22199,9,0,0,0,320982,0
22200,9,1,0,0,320983,0
22201,9,0,0,0,320984,0
22202,5,0,0,0,190251,190252
22203,22,0,0,0,320985,0
22204,22,0,0,0,320986,0
22205,22,0,0,0,320987,0
22206,22,0,0,0,320988,0
22207,22,0,0,0,320989,0
22208,22,0,0,0,320990,0
22209,22,1,0,0,320991,0
22210,6,1,0,0,136705,136706
22211,2,1,0,0,114046,114047
22212,1,1,0,0,134975,134976
22213,1,0,0,0,163168,163169
22214,1,0,0,0,163166,163167
22215,1,0,0,0,163164,163165
22216,22,0,0,0,320992,0
22217,5,1,0,0,148494,148495
22218,5,0,0,0,190249,190250
22221,5,0,0,0,190247,190248
22222,2,0,0,0,170642,170643
22223,9,1,0,0,237383,0
22224,3,0,0,0,320993,320994
22225,3,0,0,0,320995,320996
22226,2,0,0,0,170640,170641
22227,3,1,0,0,117705,117706
22228,9,0,0,0,320997,0
22229,9,0,0,0,320998,0
22230,10,1,0,0,209607,209608
22231,22,0,0,0,320999,0
22232,6,1,0,0,136707,136708
22233,6,0,0,0,115985,115986
22235,6,0,0,0,115987,115988
22236,9,1,0,0,321000,0
22237,9,1,0,0,321001,0
22238,9,1,0,0,321002,0
22239,1,1,0,0,134977,134978
22240,1,0,0,0,163162,163163
22241,1,0,0,0,163160,163161
22242,1,1,0,0,134979,134980
22243,1,1,0,0,134981,134982
22244,1,0,0,0,163158,163159
22245,6,1,0,0,136709,136710
22246,6,0,0,0,115989,115990
22247,2,0,0,0,170638,170639
22248,1,0,0,0,163156,163157
22249,1,0,0,0,163154,163155
22250,1,0,0,0,163152,163153
22251,22,0,0,0,321003,0
22252,22,1,0,0,321004,0
22253,1,0,0,0,163150,163151
22254,10,1,0,0,209605,209606
22255,1,0,0,0,163148,163149
22256,6,1,0,0,136711,136712
22257,6,0,0,0,115991,115992
22258,7,0,0,0,182571,182572
22259,1,1,0,0,134983,134984
22260,5,0,0,0,190245,190246
22261,3,0,0,0,321005,321006
22262,5,0,0,0,190243,190244
22263,18,0,0,0,321007,0
22264,18,0,0,0,321008,0
22265,5,1,0,0,148496,148497
22266,22,1,0,0,321009,0
22267,22,1,0,0,321010,0
22268,1,0,0,0,163146,163147
22269,1,0,0,0,163144,163145
22270,1,1,0,0,134985,134986
22271,1,0,0,0,163142,163143
22272,22,0,0,0,321011,0
22273,4,1,0,0,143685,143686
22274,22,0,0,0,321012,0
22275,22,0,0,0,321013,0
22276,4,1,0,0,143683,143684
22277,10,0,0,0,210104,210105
22278,22,0,0,0,321014,0
22279,4,0,0,0,174496,174497
22280,6,0,0,0,115993,115995
22281,6,0,0,0,115997,115998
22282,2,1,0,0,114043,114044
22283,2,1,0,0,114040,114041
22284,2,0,0,0,170636,170637
22285,2,1,0,0,114038,114039
22286,9,1,0,0,321015,0
22287,2,1,0,0,114036,114037
22288,2,0,0,0,170634,170635
22289,2,0,0,0,170632,170633
22290,1,0,0,0,163140,163141
22291,9,1,0,0,321016,0
22292,2,1,0,0,114034,114035
22293,2,0,0,0,170630,170631
22294,9,0,0,0,321017,0
22295,3,0,0,0,321018,321019
22296,3,0,0,0,321020,321021
22297,3,1,0,0,117707,117708
22298,3,1,0,0,117709,117710
22299,10,1,0,0,209603,209604
22301,2,1,0,0,114023,114024
22302,2,0,0,0,170628,170629
22303,3,0,0,0,321022,321023
22304,10,1,0,0,209601,209602
22305,9,0,0,0,321024,0
22306,2,0,0,0,170626,170627
22307,11,0,0,0,131226,131227
22308,1,0,0,0,163138,163139
22309,1,0,0,0,0,163137
22310,3,0,0,0,321025,321026
22311,1,1,0,0,134987,134988
22312,1,1,0,0,134989,134990
22313,5,0,0,0,185259,185261
22314,5,1,0,0,148498,148499
22315,3,0,0,0,321027,321028
22316,3,0,0,0,321029,321030
22317,22,0,0,0,321031,0
22318,22,0,0,0,321032,0
22319,22,1,0,0,321033,0
22320,22,1,0,0,321034,0
22321,3,0,0,0,321035,321036
22322,3,0,0,0,321037,321038
22323,7,0,0,0,182569,182570
22324,1,0,0,0,163134,163135
22325,11,1,0,0,150637,150638
22326,22,0,0,0,321039,0
22327,1,0,0,0,163132,163133
22328,2,1,0,0,114021,114022
22329,4,0,0,0,174494,174495
22330,4,0,0,0,174492,174493
22331,5,0,0,0,190241,190242
22332,10,0,0,0,210102,210103
22333,2,0,0,0,170624,170625
22334,3,0,0,0,321040,321041
22335,3,1,0,0,117711,117712
22336,1,0,0,4,0,163131
22337,3,0,0,0,321042,321043
22338,22,0,0,0,321044,0
22339,22,0,0,0,321045,0
22340,7,0,0,0,182567,182568
22341,3,0,0,0,321046,321047
22342,7,1,0,0,118756,118757
22343,22,0,0,0,321048,0
22344,22,1,0,0,321049,0
22345,5,1,0,0,148500,148501
22346,10,0,0,0,210100,210101
22347,1,1,0,0,134991,134992
22348,10,1,0,0,209599,209600
22349,10,0,0,0,210098,210099
22350,10,0,0,0,210096,210097
22351,1,0,0,0,163128,163129
22352,10,0,0,0,210094,210095
22353,2,0,0,0,170622,170623
22354,2,0,0,0,170620,170621
22355,2,0,0,0,170618,170619
22356,2,0,0,0,170616,170617
22357,22,1,0,0,321050,0
22358,1,0,0,0,163126,163127
22359,8,0,0,0,157813,157814
22360,8,1,0,0,177333,177334
22361,8,0,0,0,157811,157812
22362,9,0,0,0,321051,0
22363,9,0,0,0,321052,0
22364,9,0,0,0,321053,0
22365,9,1,0,0,321054,0
22366,9,0,0,0,321055,0
22367,9,1,0,0,321056,0
22368,9,0,0,0,321057,0
22369,1,0,0,0,163124,163125
22370,3,1,0,0,117713,117714
22371,1,1,0,0,134993,134994
22372,1,0,0,0,163122,163123
22373,3,1,0,0,117715,117716
22374,3,1,0,0,117717,117718
22376,1,1,0,0,134995,134996
22377,1,0,0,0,163120,163121
22379,1,1,0,0,134997,134998
22380,2,0,0,0,170614,170615
22381,1,0,0,0,163118,163119
22382,1,0,0,0,163116,163117
22383,1,0,0,0,163114,163115
22384,1,1,0,0,134999,135000
22385,1,0,0,0,163112,163113
22386,1,1,0,0,135001,135002
22387,1,1,0,0,135003,135004
22388,1,0,0,0,163110,163111
22389,1,0,0,0,163108,163109
22390,1,1,0,0,135005,135006
22391,1,0,0,0,163106,163107
22392,10,0,0,0,210092,210093
22393,1,1,0,0,135007,135008
22394,1,0,0,0,163104,163105
22395,22,1,0,0,321058,0
22396,22,1,0,0,321059,0
22397,1,1,0,0,135009,135010
22398,1,0,0,0,163102,163103
22399,6,0,0,0,115999,116000
22400,2,0,0,0,170612,170613
22401,1,0,0,0,163100,163101
22402,3,0,0,0,321060,321061
22403,1,0,0,0,163098,163099
22404,7,1,0,0,118754,118755
22405,1,0,0,0,163096,163097
22406,1,0,0,0,163094,163095
22407,3,0,0,0,321062,321063
22408,3,0,0,0,321064,321065
22409,6,0,0,0,116001,116002
22410,6,1,0,0,136713,136714
22411,6,0,0,0,116003,116004
22412,6,0,0,0,116005,116006
22413,2,0,0,0,170610,170611
22414,2,0,0,0,170608,170609
22415,3,0,0,0,321066,321067
22416,1,0,0,0,163092,163093
22417,1,1,0,0,135011,135012
22418,9,0,0,0,321068,0
22419,7,0,0,0,182565,182566
22420,3,1,0,0,117719,117720
22421,1,0,0,0,163090,163091
22422,2,0,0,0,170606,170607
22423,1,0,0,0,163088,163089
22424,1,0,0,0,163086,163087
22425,1,1,0,0,135013,135014
22426,6,0,0,0,116007,116008
22427,10,1,0,0,209597,209598
22428,10,1,0,0,209595,209596
22429,2,0,0,0,170604,170605
22430,10,0,0,0,210090,210091
22431,1,0,0,0,163084,163085
22432,1,0,0,0,163082,163083
22433,1,0,0,0,163080,163081
22434,1,1,0,0,135015,135016
22435,1,1,0,0,135017,135018
22436,1,1,0,0,135019,135020
22437,1,1,0,0,135021,135022
22438,3,1,0,0,117721,117722
22439,1,1,0,0,135023,135024
22440,1,1,0,0,135025,135026
22441,2,1,0,0,114019,114020
22442,2,0,0,0,170602,170603
22443,2,1,0,0,114017,114018
22444,2,0,0,0,170600,170601
22445,2,0,0,0,170598,170599
22446,5,0,0,0,0,190240
22447,8,0,0,0,157809,157810
22448,2,1,0,0,114015,114016
22449,4,1,0,0,143681,143682
22450,4,0,0,0,174490,174491
22451,1,1,0,0,135027,135028
22452,4,0,0,0,0,174489
22453,6,1,0,0,136715,136716
22454,6,0,0,0,116009,116010
22455,3,0,0,0,321069,321070
22456,3,1,0,0,117723,117724
22457,22,1,0,0,321071,0
22458,9,0,0,0,321072,0
22459,4,0,0,0,174486,174487
22461,22,1,0,0,321073,0
22462,22,1,0,0,321074,0
22463,3,0,0,0,321075,321076
22464,3,0,0,0,321077,321078
22465,3,0,0,0,321079,321080
22466,3,0,0,0,321081,321082
22467,7,1,0,0,118752,118753
22468,1,0,0,0,163078,163079
22469,10,0,6,0,210088,210089
22470,5,0,0,0,190237,190238
22471,5,0,0,0,190235,190236
22472,5,0,0,0,190233,190234
22473,5,1,0,0,148502,148503
22474,1,0,0,0,163076,163077
22475,1,0,0,0,163074,163075
22476,1,0,0,0,163072,163073
22477,1,1,0,0,135029,135030
22478,1,0,0,0,163070,163071
22479,1,0,0,0,163068,163069
22480,1,0,0,0,163066,163067
22481,1,0,0,0,163064,163065
22482,1,0,0,0,163062,163063
22483,1,0,0,0,163060,163061
22484,1,0,0,0,163058,163059
22485,1,0,0,0,163056,163057
22486,1,1,0,0,135031,135032
22487,2,0,0,0,170596,170597
22488,10,1,0,0,209593,209594
22489,4,0,0,0,174484,174485
22490,1,1,0,0,135033,135034
22491,1,0,0,0,163054,163055
22492,3,0,0,0,321083,321084
22493,2,0,0,0,170594,170595
22494,6,0,0,0,116011,116012
22495,1,0,0,0,163052,163053
22496,7,1,0,0,118750,118751
22497,1,0,0,0,163050,163051
22498,1,1,0,0,135035,135036
22499,1,0,0,0,163048,163049
22500,8,0,0,0,157736,157737
22501,1,0,0,0,163046,163047
22502,1,0,0,0,163044,163045
22503,1,1,0,0,135037,135038
22505,9,0,0,0,321085,0
22506,11,0,0,0,131224,131225
22507,10,1,0,0,209591,209592
22508,5,1,0,0,148504,148505
22509,1,0,0,0,163042,163043
22510,5,0,0,0,190231,190232
22511,10,0,6,0,210086,210087
22512,11,0,0,0,131222,131223
22513,6,1,0,0,136717,136718
22514,22,1,0,0,321086,0
22515,1,0,0,0,163040,163041
22516,5,0,0,0,190229,190230
22517,5,1,0,0,148506,148507
22518,1,0,0,0,163038,163039
22519,7,0,0,0,182563,182564
22520,1,1,0,0,135039,135040
22521,7,0,0,0,182561,182562
22522,22,0,0,0,321087,0
22523,22,0,0,0,321088,0
22524,22,0,0,0,321089,0
22525,22,0,0,0,321090,0
22526,22,1,0,0,321091,0
22527,22,1,0,0,321092,0
22528,22,1,0,0,321093,0
22529,22,1,0,0,321094,0
22530,3,0,0,0,321095,321096
22531,3,0,0,0,321097,321098
22532,3,1,0,0,117725,117726
22533,7,0,0,0,182559,182560
22534,7,0,0,0,182557,182558
22535,1,1,0,0,135041,135042
22536,1,0,0,0,163036,163037
22537,1,0,0,0,163034,163035
22538,1,0,0,0,163032,163033
22539,1,1,0,0,135043,135044
22540,1,0,0,0,163030,163031
22541,1,1,0,0,135045,135046
22542,1,0,0,0,163028,163029
22543,1,0,0,0,163026,163027
22544,1,0,0,0,163024,163025
22545,1,0,0,0,163022,163023
22546,1,1,0,0,135047,135048
22547,1,1,0,0,135049,135050
22548,1,1,0,0,135051,135052
22549,1,1,0,0,135053,135054
22550,5,0,0,0,185257,185258
22551,5,0,0,0,185255,185256
22552,5,0,0,0,185253,185254
22553,5,0,0,0,185251,185252
22554,5,1,0,0,148508,148509
22555,5,1,0,0,148510,148511
22556,5,1,0,0,148512,148513
22557,5,1,0,0,148514,148515
22558,5,0,0,0,185249,185250
22559,4,1,0,0,143679,143680
22560,4,1,0,0,143677,143678
22561,4,1,0,0,143675,143676
22562,4,1,0,0,143673,143674
22563,1,0,0,0,163020,163021
22564,1,1,0,0,135055,135056
22565,2,0,0,0,170592,170593
22566,2,0,0,0,170590,170591
22567,10,0,0,0,210084,210085
22568,1,1,0,0,135057,135058
22569,5,0,0,0,190227,190228
22570,7,1,0,0,118748,118749
22571,3,0,0,0,321099,321100
22572,9,0,0,0,321101,0
22573,8,1,0,0,177331,177332
22574,2,1,0,0,114013,114014
22575,1,0,0,0,163018,163019
22576,7,0,0,0,182555,182556
22577,2,1,0,0,114011,114012
22578,8,0,0,0,157734,157735
22579,9,0,0,0,321102,0
22580,2,1,0,0,114009,114010
22581,8,0,0,0,157732,157733
22582,1,1,0,0,135059,135060
22583,5,0,0,0,190225,190226
22584,5,1,0,0,148516,148517
22585,6,0,0,0,116014,116015
22586,3,0,0,0,321103,321104
22587,2,0,0,0,170588,170589
22588,6,1,0,0,136719,136720
22589,1,0,0,0,163016,163017
22590,6,1,0,0,136721,136722
22591,6,0,0,0,116016,116017
22592,6,1,0,0,136723,136724
22593,6,0,0,0,116019,116021
22594,5,0,0,0,185247,185248
22595,5,0,0,0,185245,185246
22596,5,0,0,0,185243,185244
22597,5,0,0,0,185241,185242
22598,5,1,0,0,148518,148519
22599,5,1,0,0,148520,148521
22600,5,1,0,0,148522,148523
22601,5,1,0,0,148524,148525
22602,1,0,0,0,163014,163015
22603,2,0,0,0,170586,170587
22604,6,1,0,0,136725,136726
22605,1,1,0,0,0,135062
22606,1,0,0,0,163012,163013
22607,5,0,0,0,190223,190224
22608,5,1,0,0,148526,148527
22609,5,0,0,0,190221,190222
22610,5,0,0,0,190219,190220
22611,5,1,0,0,148528,148529
22612,5,1,0,0,148530,148531
22613,3,0,0,0,321105,321106
22614,1,0,0,0,163010,163011
22615,1,1,0,0,135063,135064
22616,5,0,0,0,190217,190218
22617,5,1,0,0,148532,148533
22618,5,0,0,0,185239,185240
22619,22,0,0,0,321107,0
22620,22,0,0,0,321108,0
22621,22,1,0,0,321109,0
22622,22,1,0,0,321110,0
22623,3,0,0,0,321111,321112
22624,1,1,0,0,135065,135066
22625,1,0,0,0,163008,163009
22626,1,1,0,0,135067,135068
22627,6,1,0,0,136727,136728
22628,5,0,0,0,190215,190216
22629,5,0,0,0,190213,190214
22630,5,0,0,0,190211,190212
22631,1,1,0,0,135069,135070
22632,7,0,0,0,182553,182554
22633,5,0,0,0,190209,190210
22634,9,1,0,0,321113,0
22635,2,0,0,0,170584,170585
22636,1,0,0,0,163006,163007
22637,1,0,0,0,163004,163005
22638,1,0,0,0,163001,163003
22639,1,0,0,0,162999,163000
22640,1,1,0,0,135071,135072
22641,2,1,0,0,114007,114008
22642,11,0,0,0,131220,131221
22643,10,0,0,0,210082,210083
22644,1,0,0,0,162997,162998
22645,1,0,0,0,162995,162996
22646,1,1,0,0,135073,135074
22647,6,0,0,0,116022,116023
22648,6,1,0,0,136729,136730
22650,7,1,0,0,0,118747
22651,6,1,0,0,136731,136732
22652,6,1,0,0,136733,136734
22653,6,0,0,0,116024,116025
22654,6,0,0,0,116026,116027
22655,6,0,0,0,116028,116029
22656,6,1,0,0,136735,136736
22657,6,0,0,0,116030,116031
22658,6,1,0,0,136737,136738
22659,1,0,0,0,162993,162994
22660,3,1,0,0,0,117728
22661,9,0,0,0,321114,0
22662,9,0,0,0,321115,0
22663,9,1,0,0,321116,0
22664,9,0,0,0,321117,0
22665,9,1,0,0,321118,0
22666,9,1,0,0,321119,0
22667,10,1,0,0,0,209590
22668,9,0,0,0,321120,0
22669,9,0,0,0,321121,0
22670,5,0,0,0,0,190208
22671,9,1,0,0,321122,0
22672,9,1,0,0,321123,0
22673,9,0,0,0,321124,0
22674,9,0,0,0,321125,0
22675,9,1,0,0,321126,0
22676,9,1,0,0,321127,0
22677,1,0,0,0,162991,162992
22678,6,0,0,0,116033,116035
22679,1,0,0,0,162989,162990
22680,6,0,0,0,116036,116037
22681,6,0,0,0,116038,116039
22682,6,0,0,0,116040,116041
22683,6,0,0,0,116042,116043
22684,3,1,0,0,117729,117730
22685,8,1,0,0,177329,177330
22686,3,0,0,0,321128,321129
22688,10,1,0,0,209587,209588
22689,5,0,0,0,190205,190206
22690,1,1,0,0,135075,135076
22691,22,0,0,0,321130,0
22692,1,0,0,0,162987,162988
22693,22,0,0,0,321131,0
22694,22,0,0,0,321132,0
22695,5,0,0,0,185237,185238
22696,5,0,0,0,185235,185236
22697,5,1,0,0,148534,148535
22698,2,0,0,0,170582,170583
22699,2,0,0,0,170580,170581
22700,2,0,0,0,170578,170579
22701,2,0,0,0,170576,170577
22702,2,0,0,0,170574,170575
22703,2,1,0,0,114005,114006
22704,2,0,0,0,170572,170573
22705,1,0,0,0,162985,162986
22706,2,0,0,0,170570,170571
22707,2,1,0,0,114003,114004
22708,1,0,0,0,162983,162984
22709,3,0,0,0,321133,321134
22710,1,1,0,0,135077,135078
22711,7,1,0,0,118744,118745
22712,6,0,0,0,116044,116045
22713,10,0,0,0,210080,210081
22714,10,0,0,0,210078,210079
22715,10,0,0,0,210076,210077
22716,10,0,0,0,210074,210075
22717,1,0,0,0,162981,162982
22718,1,0,0,0,162979,162980
22719,1,0,0,0,162977,162978
22720,1,0,0,0,162975,162976
22721,1,0,0,0,162973,162974
22722,8,0,0,0,157730,157731
22723,9,0,0,0,321135,0
22724,1,1,0,0,135079,135080
22726,8,1,0,0,177327,177328
22727,8,0,0,0,157728,157729
22728,8,1,0,0,177325,177326
22729,8,0,0,0,157726,157727
22730,8,1,0,0,177323,177324
22731,8,0,0,0,157724,157725
22732,8,1,0,0,177321,177322
22733,22,0,0,0,321136,0
22734,22,0,0,0,321137,0
22735,22,0,0,0,321138,0
22736,22,0,0,0,321139,0
22737,22,0,0,0,321140,0
22738,22,1,0,0,321141,0
22739,8,0,0,0,157722,157723
22740,2,0,0,0,170568,170569
22741,2,0,0,0,170566,170567
22742,2,0,0,0,170564,170565
22743,2,0,0,0,170562,170563
22744,2,1,0,0,114001,114002
22745,2,0,0,0,170560,170561
22746,5,0,0,0,185233,185234
22747,5,0,0,0,185231,185232
22748,5,0,0,0,185229,185230
22749,5,0,0,0,185227,185228
22750,5,0,0,0,185225,185226
22751,5,0,0,0,185223,185224
22752,5,0,0,0,185221,185222
22753,1,0,0,0,162971,162972
22754,2,0,0,0,170558,170559
22755,8,0,0,0,157720,157721
22756,8,1,0,0,177319,177320
22757,8,1,0,0,177317,177318
22758,8,0,0,0,157718,157719
22759,8,1,0,0,177315,177316
22760,1,0,0,0,162969,162970
22761,8,0,0,0,157716,157717
22762,8,1,0,0,177313,177314
22763,3,0,0,0,321142,321143
22764,1,0,0,0,162967,162968
22765,8,0,0,0,157714,157715
22766,1,0,0,0,162965,162966
22767,3,0,0,0,321144,321145
22768,8,1,0,0,177311,177312
22769,7,1,0,0,118742,118743
22770,3,0,0,0,321146,321147
22771,11,1,0,0,150639,150640
22772,1,0,0,0,162963,162964
22773,1,1,0,0,135081,135082
22774,3,0,0,0,321148,321149
22775,3,0,0,0,321150,321151
22776,1,0,0,0,162961,162962
22777,3,0,0,0,321152,321153
22778,4,1,6,0,143671,143672
22779,2,0,0,0,170556,170557
22780,2,0,0,0,170554,170555
22781,2,1,0,0,113999,114000
22782,1,0,0,0,162959,162960
22783,1,0,0,0,162957,162958
22784,7,0,0,0,182551,182552
22785,1,0,0,0,162955,162956
22786,4,1,0,0,143669,143670
22787,1,0,0,0,162953,162954
22788,3,1,0,0,117731,117732
22789,1,0,0,0,162951,162952
22790,13,0,0,0,258749,0
22791,13,1,0,0,262238,0
22792,13,1,0,0,262239,0
22793,2,0,0,0,170552,170553
22794,2,0,0,0,170550,170551
22795,2,1,0,0,113997,113998
22796,1,0,0,0,162949,162950
22797,1,0,0,0,162947,162948
22798,3,0,0,0,321154,321155
22799,3,0,0,0,321156,321157
22800,22,0,0,0,321158,0
22801,22,0,0,0,321159,0
22802,1,0,0,0,162945,162946
22803,1,0,0,0,162943,162944
22804,1,0,0,0,162941,162942
22805,1,0,0,0,162931,162937
22806,1,0,0,0,162928,162929
22807,1,0,0,0,162926,162927
22808,3,0,0,0,321160,321161
22809,3,0,0,0,321162,321163
22810,9,0,0,0,321164,0
22811,14,0,0,0,321165,0
22812,5,0,0,0,185219,185220
22813,2,0,0,0,170548,170549
22814,22,0,0,0,185335,0
22815,22,0,0,0,185334,0
22816,22,0,0,0,185333,0
22817,22,0,0,0,185332,0
22818,22,1,0,0,185331,0
22819,22,1,0,0,185330,0
22820,22,1,0,0,185329,0
22821,22,1,0,0,185328,0
22822,9,1,0,0,321166,0
22823,9,1,0,0,321167,0
22824,9,1,0,0,321168,0
22825,9,1,0,0,321169,0
22826,9,0,0,0,321170,0
22827,9,0,0,0,321171,0
22828,9,0,0,0,321172,0
22829,9,0,0,0,321173,0
22830,9,0,0,0,321174,0
22831,4,1,0,0,143667,143668
22832,4,1,0,0,143665,143666
22833,6,0,0,0,116046,116047
22834,6,0,0,0,116048,116049
22835,5,0,0,0,185217,185218
22836,5,0,0,0,185215,185216
22837,5,1,0,0,148536,148537
22838,5,1,0,0,148538,148539
22839,3,0,0,0,321175,321176
22840,9,0,0,0,321177,0
22841,3,1,0,0,117733,117734
22842,9,0,0,0,321178,0
22843,9,1,0,0,321179,0
22844,7,0,0,0,182549,182550
22845,22,0,0,0,321180,0
22846,22,0,0,0,321181,0
22847,22,0,0,0,321182,0
22848,22,1,0,0,321183,0
22849,14,0,0,0,321184,0
22852,7,1,0,0,118740,118741
22854,9,1,0,0,321185,0
22857,9,0,0,0,237388,0
22858,5,0,0,0,185213,185214
22859,6,1,0,0,136739,136740
22860,2,0,0,0,170546,170547
22861,2,1,0,0,113995,113996
22862,10,0,0,0,210072,210073
22863,5,1,0,0,148540,148541
22864,9,0,0,0,321186,0
22865,3,1,0,0,117735,117736
22866,11,0,0,0,131218,131219
22872,5,0,0,0,185211,185212
22873,6,1,0,0,136741,136742
22874,1,0,0,0,162924,162925
22875,1,0,0,0,162922,162923
22876,3,0,0,0,321187,321188
22877,10,0,0,0,210070,210071
22878,22,1,0,0,321189,0
22879,18,0,0,0,321190,0
22880,1,0,0,0,162920,162921
22881,1,0,0,0,162918,162919
22882,1,1,0,0,135083,135084
22883,6,0,0,0,116050,116051
22884,1,0,0,0,162916,162917
22885,5,0,0,0,185209,185210
22886,5,0,0,0,185207,185208
22887,5,1,0,0,148542,148543
22888,5,1,0,0,148544,148545
22889,5,0,0,0,185205,185206
22890,5,0,0,0,185203,185204
22891,5,1,0,0,148546,148547
22892,5,1,0,0,148548,148549
22893,5,0,0,0,185201,185202
22894,5,0,0,0,185199,185200
22895,5,1,0,0,148550,148551
22896,5,1,0,0,148552,148553
22897,5,0,0,0,185197,185198
22898,5,0,0,0,185195,185196
22899,5,0,0,0,185193,185194
22900,5,1,0,0,148554,148555
22901,5,1,0,0,148556,148557
22902,5,0,0,0,185191,185192
22903,5,0,0,0,185189,185190
22904,5,1,0,0,148558,148559
22905,6,0,0,0,116052,116053
22906,5,1,0,0,148560,148561
22907,5,0,0,0,185187,185188
22908,5,0,0,0,185185,185186
22909,5,1,0,0,148562,148563
22910,5,1,0,0,185183,185184
22911,5,0,0,0,185181,185182
22912,5,0,0,0,185179,185180
22913,5,1,0,0,185177,185178
22914,5,1,0,0,185175,185176
22915,5,0,0,0,185173,185174
22916,5,0,0,0,185171,185172
22917,5,0,0,0,185169,185170
22918,5,1,0,0,185167,185168
22919,5,1,0,0,185165,185166
22920,5,0,0,0,185163,185164
22921,5,0,0,0,185161,185162
22922,5,1,0,0,185159,185160
22923,5,1,0,0,185157,185158
22924,5,0,0,0,185155,185156
22925,5,0,0,0,185153,185154
22926,5,1,0,0,185151,185152
22927,5,1,0,0,185149,185150
22928,5,0,0,0,185147,185148
22929,5,0,0,0,185145,185146
22930,5,1,0,0,185143,185144
22931,5,1,0,0,185141,185142
22932,5,0,0,0,185139,185140
22933,5,0,0,0,185137,185138
22934,5,0,0,0,185135,185136
22935,5,1,0,0,185133,185134
22936,5,1,0,0,185131,185132
22937,5,0,0,0,185129,185130
22939,9,0,0,0,321191,0
22940,1,0,0,0,0,162915
22941,1,1,0,0,0,135086
22942,5,0,0,0,185127,185128
22943,22,0,0,0,321192,0
22944,22,0,0,0,321193,0
22945,5,0,0,0,185125,185126
22946,22,0,0,0,321194,0
22947,22,1,0,0,321195,0
22948,22,1,0,0,321196,0
22949,22,0,0,0,321197,0
22950,22,0,0,0,321198,0
22951,1,1,0,0,135087,135088
22952,2,0,0,0,170544,170545
22953,3,0,0,0,321199,321200
22954,3,0,0,0,321201,321202
22955,9,0,0,0,321203,0
22956,9,0,0,0,321204,0
22957,3,0,0,0,321205,321206
22958,9,0,0,0,321207,0
22959,3,0,0,0,321208,321209
22960,3,1,0,0,117737,117738
22961,9,0,0,0,321210,0
22962,9,0,0,0,321211,0
22963,3,0,0,0,321212,321213
22964,9,1,0,0,321214,0
22965,9,0,0,0,321215,0
22966,10,1,0,0,209585,209586
22967,10,1,0,0,209583,209584
22968,9,0,0,0,321216,0
22969,9,0,0,0,321217,0
22970,9,0,0,0,321218,0
22971,4,0,0,0,174482,174483
22972,9,1,0,0,321219,0
22973,9,0,0,0,321220,0
22974,9,0,0,0,321221,0
22975,9,0,0,0,321222,0
22976,9,1,0,0,321223,0
22977,9,1,0,0,321224,0
22978,9,1,0,0,321225,0
22979,9,0,0,0,321226,0
22980,9,1,0,0,321227,0
22981,9,0,0,0,321228,0
22982,9,1,0,0,321229,0
22983,9,1,0,0,321230,0
22984,9,0,0,0,321231,0
22985,9,0,0,0,321232,0
22986,1,0,0,0,0,162913
22987,4,0,0,0,174480,174481
22988,1,0,0,0,162910,162911
22989,1,1,0,0,135089,135090
22990,1,0,0,0,162905,162909
22991,1,1,0,0,135091,135092
22994,2,0,0,0,170542,170543
22995,1,0,0,0,162871,162888
22996,3,0,0,0,321233,321234
22997,5,1,0,0,0,190204
22998,1,0,0,0,0,162853
22999,9,1,0,0,321235,0
23000,5,0,0,0,0,185124
23001,5,0,0,0,0,185122
23002,5,0,0,0,185119,185120
23003,5,0,0,0,185117,185118
23004,5,0,0,0,190201,190202
23005,2,0,0,0,170540,170541
23006,2,0,0,0,170538,170539
23007,6,0,0,0,116054,116055
23008,2,0,0,0,170536,170537
23009,1,0,0,0,162848,162849
23010,1,1,0,0,135093,135094
23011,1,0,0,0,162846,162847
23012,1,1,0,0,135095,135096
23013,1,0,0,0,162844,162845
23014,1,0,0,0,162842,162843
23015,1,1,0,0,135097,135098
23016,9,1,0,0,321236,0
23018,10,0,0,0,210068,210069
23019,3,0,0,0,321237,321238
23020,9,1,0,0,321239,0
23021,11,0,0,0,131216,131217
23022,5,0,0,0,190199,190200
23023,22,0,0,0,321240,0
23024,22,1,0,0,321241,0
23025,22,0,0,0,321242,0
23026,22,1,0,0,321243,0
23027,22,0,0,0,321244,0
23028,22,1,0,0,321245,0
23029,1,0,0,0,162840,162841
23030,22,0,0,0,321246,0
23031,9,0,0,0,321247,0
23032,9,0,0,0,321248,0
23033,9,0,0,0,321249,0
23034,5,0,0,0,185115,185116
23035,5,0,0,0,185113,185114
23037,2,0,0,0,170534,170535
23038,2,0,0,0,170532,170533
23039,2,0,0,0,170530,170531
23040,2,1,0,0,176685,176686
23041,5,1,0,0,185111,185112
23042,5,1,0,0,190197,190198
23043,10,0,0,0,210066,210067
23044,5,0,0,0,190195,190196
23045,1,0,0,0,162838,162839
23046,9,0,0,0,321250,0
23047,1,0,0,0,162836,162837
23048,9,0,0,0,321251,0
23050,9,1,0,0,321252,0
23051,22,0,0,0,321253,0
23052,22,0,0,0,321254,0
23053,1,0,0,0,162834,162835
23054,22,0,0,0,321255,0
23055,22,0,0,0,321256,0
23056,9,0,0,0,321257,0
23057,9,0,0,0,321258,0
23058,9,1,0,0,321259,0
23059,9,1,0,0,321260,0
23060,6,0,0,0,116056,116057
23061,4,0,0,0,174478,174479
23062,11,1,0,0,150641,150642
23063,22,0,0,0,321261,0
23064,22,0,0,0,321262,0
23067,1,0,0,0,162832,162833
23068,11,0,0,0,131214,131215
23069,3,0,0,0,321263,321264
23070,3,0,0,0,321265,321266
23071,3,0,0,0,321267,321268
23072,3,1,0,0,117739,117740
23073,7,0,0,0,182547,182548
23074,4,0,0,0,174476,174477
23075,3,0,0,0,321269,321270
23076,4,1,0,0,143663,143664
23077,9,0,0,0,321271,0
23078,9,0,0,0,321272,0
23079,1,0,0,0,162830,162831
23080,1,1,0,0,135099,135100
23081,1,0,0,0,162828,162829
23082,1,0,0,0,162826,162827
23083,1,0,0,0,162824,162825
23084,1,1,0,0,135101,135102
23085,1,1,0,0,135103,135104
23086,1,0,0,0,162822,162823
23087,3,0,0,0,321273,321274
23088,8,0,0,0,157712,157713
23089,8,0,0,0,157710,157711
23090,8,0,0,0,157708,157709
23091,8,1,0,0,177309,177310
23092,2,0,0,0,170528,170529
23093,2,0,0,0,170526,170527
23094,2,0,0,0,170524,170525
23095,2,1,0,0,176683,176684
23096,9,0,0,0,321275,0
23097,1,0,0,0,162820,162821
23098,1,0,0,0,162818,162819
23099,1,0,0,0,162816,162817
23100,8,0,0,0,0,157707
23101,11,1,0,0,0,150644
23102,5,0,0,0,185109,185110
23103,11,1,0,0,0,150646
23106,1,0,0,0,162814,162815
23108,10,0,0,0,210064,210065
23109,2,0,0,0,170522,170523
23110,2,0,0,0,170520,170521
23111,2,0,0,0,170518,170519
23112,2,1,0,0,176681,176682
23113,2,1,0,0,176679,176680
23114,3,0,0,0,321276,321277
23115,3,0,0,0,321278,321279
23116,3,1,0,0,117741,117742
23117,3,1,0,0,117743,117744
23118,9,0,0,0,321280,0
23119,9,0,0,0,321281,0
23120,22,0,0,0,321282,0
23121,3,0,0,0,321283,321284
23122,5,1,0,0,190193,190194
23123,1,1,0,0,135105,135106
23124,13,0,0,0,258750,0
23125,1,1,0,0,135107,135108
23126,7,1,0,0,118738,118739
23127,7,1,0,0,118736,118737
23128,9,0,0,0,321285,0
23129,7,1,0,0,118734,118735
23130,8,0,0,0,157704,157705
23131,8,0,0,0,157702,157703
23132,1,0,6,0,162812,162813
23133,1,0,0,0,162810,162811
23134,9,0,0,0,321286,0
23135,2,0,0,0,170516,170517
23136,5,0,0,0,190191,190192
23137,5,0,0,0,190189,190190
23138,5,1,0,0,190187,190188
23139,5,0,0,0,190185,190186
23140,5,0,0,0,190183,190184
23141,5,0,0,0,190181,190182
23142,5,1,0,0,190179,190180
23143,5,1,0,0,190177,190178
23144,5,0,0,0,190175,190176
23145,5,0,0,0,190173,190174
23146,5,1,0,0,190171,190172
23147,5,1,0,0,190169,190170
23148,5,0,0,0,190167,190168
23149,5,0,0,0,190165,190166
23150,5,1,0,0,190163,190164
23151,5,1,0,0,190161,190162
23152,5,0,0,0,190159,190160
23153,5,1,0,0,190157,190158
23154,5,0,0,0,190155,190156
23155,5,0,0,0,190153,190154
23156,5,1,0,0,190151,190152
23157,5,1,0,0,190149,190150
23158,5,0,0,0,190147,190148
23159,5,0,0,0,190145,190146
23160,5,1,0,0,190143,190144
23161,5,1,0,0,190141,190142
23162,5,0,0,0,190139,190140
23163,9,0,0,0,321287,0
23164,9,1,0,0,321288,0
23165,1,0,0,0,162808,162809
23166,1,0,0,0,162806,162807
23167,1,0,0,0,162804,162805
23168,1,0,0,0,162802,162803
23169,2,0,0,0,170514,170515
23170,5,0,0,0,190137,190138
23171,10,1,0,0,209581,209582
23172,10,1,0,0,209579,209580
23173,10,0,0,0,210062,210063
23174,10,0,0,0,210060,210061
23175,8,1,0,0,177307,177308
23176,11,0,0,0,131212,131213
23177,3,0,0,0,321289,321290
23178,3,0,0,0,321291,321292
23179,3,0,0,0,321293,321294
23180,3,0,0,0,321295,321296
23181,3,1,0,0,117745,117746
23184,4,0,0,0,174474,174475
23185,10,0,0,0,210058,210059
23186,10,0,0,0,210056,210057
23187,2,0,0,0,170512,170513
23188,1,0,0,0,162800,162801
23189,4,1,0,0,143661,143662
23190,1,0,0,0,162798,162799
23191,9,1,0,0,321297,0
23194,1,0,0,0,162796,162797
23195,2,1,0,0,176677,176678
23196,8,0,0,0,157700,157701
23197,2,0,0,0,170510,170511
23199,8,0,0,0,157698,157699
23200,5,1,0,0,190135,190136
23201,2,0,0,0,170508,170509
23202,8,1,0,0,177305,177306
23203,9,0,0,0,321298,0
23204,9,1,0,0,321299,0
23205,1,0,0,0,162794,162795
23206,1,0,0,0,162792,162793
23207,1,0,0,0,162790,162791
23208,2,0,0,0,170506,170507
23209,2,0,0,0,170504,170505
23210,9,1,0,0,321300,0
23211,9,0,0,0,321301,0
23212,9,1,0,0,321302,0
23213,9,0,0,0,321303,0
23214,9,0,0,0,321304,0
23215,9,0,0,0,321305,0
23216,1,0,0,0,162788,162789
23217,9,0,0,0,321306,0
23218,2,0,0,0,170502,170503
23219,2,1,0,0,176675,176676
23220,2,0,0,0,170500,170501
23221,2,1,0,0,176673,176674
23222,1,0,0,0,162786,162787
23223,2,1,0,0,176671,176672
23224,8,0,0,0,157696,157697
23225,3,1,0,0,117747,117748
23226,10,1,0,0,209577,209578
23227,7,0,0,0,182545,182546
23228,5,1,0,0,190133,190134
23229,10,0,0,0,210054,210055
23230,1,1,0,0,135109,135110
23231,3,0,0,0,321307,321308
23232,6,1,0,0,136743,136744
23233,1,0,0,0,0,162785
23234,7,0,0,0,182543,182544
23237,7,0,0,0,182541,182542
23238,7,0,0,0,182539,182540
23239,7,0,0,0,182537,182538
23240,7,0,0,0,182535,182536
23241,3,0,0,0,321309,321310
23242,10,0,0,0,210052,210053
23243,7,0,0,0,182533,182534
23244,7,0,0,0,182531,182532
23245,7,0,0,0,182529,182530
23246,7,0,0,0,182527,182528
23247,7,0,0,0,182525,182526
23248,7,0,0,0,182523,182524
23249,7,0,0,0,182521,182522
23250,7,0,0,0,182519,182520
23251,5,1,0,0,190131,190132
23252,1,1,0,0,135111,135112
23253,7,1,0,0,118732,118733
23254,7,0,0,0,182517,182518
23255,2,0,0,0,170498,170499
23256,2,0,0,0,170496,170497
23257,2,0,0,0,170494,170495
23258,2,0,0,0,170492,170493
23259,2,0,0,0,170490,170491
23260,2,1,0,0,176669,176670
23261,2,1,0,0,176667,176668
23262,2,1,0,0,176665,176666
23263,2,0,0,0,170488,170489
23264,2,0,0,0,170486,170487
23265,3,0,0,0,321311,321312
23266,3,0,0,0,321313,321314
23267,3,0,0,0,321315,321316
23268,3,0,0,0,321317,321318
23269,3,0,0,0,321319,321320
23270,3,0,0,0,321321,321322
23271,3,1,0,0,117749,117750
23272,1,0,6,0,162782,162783
23273,3,0,6,0,321323,321324
23274,2,0,6,0,170484,170485
23275,1,1,0,0,135113,135114
23276,7,0,0,0,182515,182516
23277,7,0,0,0,182513,182514
23278,1,0,0,0,162780,162781
23279,4,1,0,0,0,143660
23280,1,0,0,0,0,162779
23281,3,0,0,0,321325,321326
23282,3,0,0,0,321327,321328
23283,3,0,0,0,321329,321330
23284,1,1,0,0,0,135116
23285,1,0,0,0,162776,162777
23286,1,0,0,0,162774,162775
23287,1,0,0,0,162772,162773
23288,1,1,0,0,135117,135118
23289,1,1,0,0,135119,135120
23290,1,0,0,0,162770,162771
23291,1,0,0,0,162768,162769
23292,1,0,0,0,162766,162767
23293,1,0,0,0,162764,162765
23294,1,0,0,0,162762,162763
23295,1,0,0,0,162760,162761
23296,1,0,0,0,0,162759
23298,1,0,0,0,162756,162757
23299,19,0,0,0,321331,0
23300,11,1,0,0,150647,150648
23301,11,0,0,0,131210,131211
23302,22,1,0,0,321332,0
23303,2,0,0,0,170482,170483
23304,9,1,0,0,321333,0
23305,9,0,0,0,321334,0
23306,3,0,0,0,321335,321336
23307,3,1,0,0,117751,117752
23308,2,0,0,0,170480,170481
23310,5,0,0,0,190129,190130
23311,2,1,0,0,176663,176664
23312,2,0,0,0,170478,170479
23315,2,0,0,0,170476,170477
23316,3,0,0,0,321337,321338
23317,3,0,0,0,321339,321340
23318,3,1,0,0,117753,117754
23319,3,1,0,0,117755,117756
23320,1,0,0,0,162754,162755
23321,1,0,0,0,162752,162753
23322,1,0,0,0,162750,162751
23323,1,0,0,0,162748,162749
23324,7,0,0,0,182511,182512
23325,5,1,0,0,190127,190128
23326,3,0,0,0,321341,321342
23327,3,0,0,0,321343,321344
23328,3,1,0,0,117757,117758
23329,3,1,0,0,117759,117760
23330,7,0,0,0,182509,182510
23331,9,0,0,0,321345,0
23332,18,0,0,0,321346,0
23333,9,0,0,0,321347,0
23335,9,1,0,0,321348,0
23336,9,1,0,0,321349,0
23337,14,0,0,0,321350,0
23338,9,1,0,0,321351,0
23339,9,0,0,0,321352,0
23340,9,1,0,0,321353,0
23341,2,1,0,0,176661,176662
23342,9,0,0,0,321354,0
23343,3,0,0,0,321355,321356
23344,3,1,0,0,117761,117762
23345,10,0,0,0,210050,210051
23346,3,0,0,0,321357,321358
23347,3,0,0,0,321359,321360
23348,3,1,0,0,117763,117764
23349,7,1,0,0,118730,118731
23350,10,0,0,0,210048,210049
23351,10,1,0,0,209575,209576
23352,2,0,0,0,170474,170475
23353,6,1,0,0,136745,136746
23354,1,1,0,0,135121,135122
23355,7,0,0,0,182507,182508
23356,6,0,0,0,116058,116059
23357,2,1,0,0,176659,176660
23358,8,0,0,0,157694,157695
23359,1,1,0,0,135123,135124
23360,8,1,0,0,177303,177304
23361,2,1,0,0,176657,176658
23362,2,1,0,0,176655,176656
23364,2,0,0,0,170472,170473
23365,2,1,0,0,176653,176654
23366,2,1,0,0,176651,176652
23367,2,1,0,0,176649,176650
23368,2,0,0,0,170470,170471
23369,3,0,0,0,321361,321362
23370,3,0,0,0,321363,321364
23371,3,0,0,0,321365,321366
23372,3,0,0,0,321367,321368
23373,3,0,0,0,321369,321370
23374,3,0,0,0,321371,321372
23375,3,0,0,0,321373,321374
23376,3,0,0,0,321375,321376
23377,3,0,0,0,321377,321378
23378,3,0,0,0,321379,321380
23379,3,0,0,0,321381,321382
23380,3,0,0,0,321383,321384
23381,3,0,0,0,321385,321386
23382,2,0,0,0,170468,170469
23383,2,0,0,0,170466,170467
23384,2,0,0,0,170464,170465
23385,2,0,0,0,170462,170463
23386,3,0,0,0,321387,321388
23387,3,0,0,0,321389,321390
23388,3,0,0,0,321391,321392
23389,3,1,0,0,117765,117766
23390,3,1,0,0,117767,117768
23391,3,0,0,0,321393,321394
23392,3,0,0,0,321395,321396
23393,3,0,0,0,321397,321398
23394,3,1,0,0,117769,117770
23395,3,1,0,0,117771,117772
23396,3,1,0,0,117773,117774
23397,1,1,0,0,135125,135126
23398,3,0,0,0,185031,185032
23401,3,1,0,0,117775,117776
23402,3,1,0,0,117777,117778
23403,3,1,0,0,117779,117780
23404,3,0,0,0,321399,321400
23405,2,0,0,0,170460,170461
23406,2,0,0,0,170458,170459
23407,6,0,1,0,0,679732
23408,3,0,0,0,321401,321402
23409,3,0,0,0,321403,321404
23410,3,0,0,0,321405,321406
23411,3,0,0,0,321407,321408
23412,1,1,0,0,135127,135128
23413,1,0,0,0,162746,162747
23414,2,0,0,0,170456,170457
23415,2,0,0,0,170454,170455
23416,3,0,0,0,321409,321410
23417,22,0,0,0,321411,0
23418,22,1,0,0,321412,0
23420,2,1,0,0,176647,176648
23421,2,0,0,0,170452,170453
23422,9,1,0,0,321413,0
23423,22,1,0,0,321414,0
23424,2,0,0,0,170450,170451
23425,9,0,0,0,321415,0
23426,3,0,0,0,185029,185030
23427,3,1,0,0,117781,117782
23428,3,1,0,0,117783,117784
23430,11,1,0,0,150649,150650
23431,7,0,0,0,182505,182506
23432,1,0,0,0,162744,162745
23433,1,0,0,0,162742,162743
23434,1,0,0,0,162740,162741
23435,1,0,0,0,162738,162739
23436,22,0,0,0,321416,0
23437,1,0,0,0,162736,162737
23438,3,1,0,0,117785,117786
23439,3,0,0,0,321417,321418
23440,3,0,0,0,321419,321420
23441,3,0,0,0,321421,321422
23442,2,0,0,0,170448,170449
23444,9,1,0,0,321423,0
23445,9,1,0,0,321424,0
23446,9,1,0,0,321425,0
23447,2,0,0,0,170446,170447
23448,3,0,0,0,321426,321427
23449,2,0,0,0,170444,170445
23450,2,0,0,0,170442,170443
23451,8,0,0,0,157692,157693
23452,2,0,0,0,170440,170441
23453,2,0,0,0,170438,170439
23454,1,0,0,0,162734,162735
23455,1,0,0,0,162732,162733
23456,10,0,0,0,210046,210047
23457,10,0,0,0,210044,210045
23458,1,1,6,0,135129,135130
23459,2,0,0,0,170436,170437
23460,10,1,6,0,209573,209574
23462,3,1,0,0,117787,117788
23463,3,0,0,0,321428,321429
23464,2,0,0,0,170434,170435
23465,3,0,0,0,321430,321431
23466,3,0,0,0,321432,321433
23467,9,0,0,0,321434,0
23468,1,1,0,0,135131,135132
23469,1,0,0,0,162730,162731
23473,1,1,0,0,135133,135134
23474,1,0,0,0,162728,162729
23475,1,0,0,0,162726,162727
23476,10,1,0,0,209571,209572
23477,2,1,0,0,176645,176646
23478,1,1,0,0,135135,135136
23479,4,1,0,0,143657,143658
23480,10,0,0,0,210042,210043
23481,3,0,0,0,321435,321436
23482,9,0,0,0,321437,0
23483,3,0,0,0,321438,321439
23484,3,1,0,0,117789,117790
23485,3,1,0,0,117791,117792
23486,10,0,0,0,210040,210041
23487,7,0,0,0,182503,182504
23488,1,0,0,0,162724,162725
23489,22,0,0,0,321440,0
23490,9,0,0,0,321441,0
23491,3,0,0,0,321442,321443
23492,3,0,0,0,321444,321445
23493,1,1,0,0,135137,135138
23494,1,0,0,0,162722,162723
23495,1,1,0,0,135139,135140
23496,1,0,0,0,162720,162721
23497,1,0,0,0,162718,162719
23498,3,1,0,0,117793,117794
23499,1,0,0,0,162716,162717
23500,7,0,0,0,182501,182502
23501,11,0,0,0,131208,131209
23502,1,1,0,0,135141,135142
23504,4,0,0,0,174472,174473
23505,11,0,0,0,131206,131207
23506,1,0,0,0,162714,162715
23507,1,1,0,0,135143,135144
23508,3,0,0,0,0,321447
23509,2,1,0,0,176643,176644
23510,1,0,0,0,0,162713
23511,1,0,0,0,162710,162711
23512,3,0,0,0,0,321449
23513,3,0,0,0,321450,321451
23514,10,0,0,0,210038,210039
23515,10,0,0,0,210036,210037
23516,2,1,0,0,176641,176642
23517,1,0,0,0,162708,162709
23518,5,0,0,0,190125,190126
23519,6,1,0,0,136747,136748
23520,10,1,0,0,209569,209570
23521,11,0,0,0,131204,131205
23522,10,0,0,0,210034,210035
23523,10,1,0,0,209567,209568
23524,10,1,0,0,209565,209566
23525,10,0,0,0,210032,210033
23526,1,1,0,0,135145,135146
23527,1,1,0,0,135147,135148
23528,9,0,0,0,321452,0
23529,9,0,0,0,321453,0
23530,9,0,0,0,321454,0
23531,9,0,0,0,321455,0
23532,10,1,0,0,209563,209564
23533,1,0,0,0,162706,162707
23534,1,0,0,0,162704,162705
23535,1,0,0,0,162702,162703
23536,1,0,0,0,162700,162701
23537,2,0,0,0,170432,170433
23538,2,0,0,0,170430,170431
23539,2,1,0,0,176639,176640
23540,2,1,0,0,176637,176638
23541,2,0,0,0,170428,170429
23542,4,0,0,0,0,174471
23545,3,0,0,0,321456,321457
23546,1,0,0,0,162698,162699
23547,3,0,0,0,321458,321459
23548,3,1,0,0,117795,117796
23549,3,0,0,0,321460,321461
23550,3,0,0,0,321462,321463
23551,2,0,0,0,170426,170427
23552,1,0,0,0,162696,162697
23553,5,0,0,0,190123,190124
23554,1,0,0,0,162694,162695
23555,3,1,0,0,117797,117798
23557,14,0,0,0,321464,0
23559,2,1,0,0,176635,176636
23561,9,0,0,0,321465,0
23562,10,0,0,0,210030,210031
23563,1,1,0,0,135149,135150
23564,1,0,0,0,162692,162693
23565,1,0,0,0,162690,162691
23566,2,0,0,0,170424,170425
23567,2,0,0,0,170422,170423
23568,1,0,0,0,162688,162689
23569,1,0,0,0,162686,162687
23570,9,0,0,0,321466,0
23571,4,1,0,0,143655,143656
23572,10,1,0,0,209561,209562
23573,9,0,0,0,321467,0
23574,9,0,0,0,321468,0
23575,9,0,0,0,321469,0
23576,9,0,0,0,321470,0
23577,9,0,0,0,321471,0
23578,9,0,0,0,321472,0
23581,1,1,0,0,135151,135152
23582,10,1,0,0,209559,209560
23583,10,0,0,0,210028,210029
23584,14,0,0,0,321473,0
23585,14,0,0,0,321474,0
23586,14,0,0,0,321475,0
23587,14,0,0,0,321476,0
23588,14,0,0,0,321477,0
23589,14,0,0,0,321478,0
23590,5,0,0,0,190121,190122
23591,7,0,0,0,182499,182500
23592,1,1,0,0,135153,135154
23593,2,1,0,0,176633,176634
23595,2,0,0,0,170420,170421
23596,3,0,0,0,321479,321480
23597,4,1,0,0,143653,143654
23599,9,0,0,0,321481,0
23600,10,1,0,0,209557,209558
23601,1,0,0,0,162684,162685
23602,3,0,0,0,321482,321483
23603,2,0,0,0,170418,170419
23604,9,0,0,0,321484,0
23605,5,0,0,0,190119,190120
23606,2,1,0,0,176631,176632
23607,2,1,0,0,176629,176630
23608,3,0,0,0,321485,321486
23609,1,1,0,0,135155,135156
23610,8,1,0,0,177301,177302
23611,8,0,0,0,157690,157691
23612,5,1,0,0,190117,190118
23613,3,0,0,0,321487,321488
23615,1,0,0,0,162682,162683
23616,5,0,0,0,190115,190116
23617,3,1,0,0,117799,117800
23618,5,1,0,0,190113,190114
23619,5,0,0,0,190111,190112
23620,7,0,0,0,182497,182498
23621,4,1,0,0,143651,143652
23622,5,0,0,0,185107,185108
23623,22,0,0,0,185327,0
23624,2,0,0,0,170416,170417
23625,1,1,0,0,135157,135158
23626,2,1,0,0,176627,176628
23627,5,0,0,0,190109,190110
23628,10,0,0,0,185326,210027
23629,2,0,0,0,170414,170415
23630,5,0,0,0,185105,185106
23631,7,0,0,0,182495,182496
23632,7,1,0,0,118728,118729
23633,9,0,0,0,321489,0
23634,9,1,0,0,321490,0
23635,1,1,0,0,135159,135160
23636,1,1,0,0,135161,135162
23637,1,1,0,0,135163,135164
23638,10,1,0,0,209555,209556
23639,2,0,0,0,170412,170413
23640,4,0,0,0,174468,174469
23641,8,0,0,0,157688,157689
23642,2,1,0,0,176625,176626
23643,3,0,0,0,321491,321492
23644,1,1,0,0,135165,135166
23645,1,0,0,0,162680,162681
23646,2,0,0,0,170410,170411
23647,10,0,0,0,210025,210026
23648,1,0,0,0,162678,162679
23649,4,0,0,0,174466,174467
23650,3,0,0,0,321493,321494
23651,10,0,0,0,210023,210024
23652,1,0,0,0,162676,162677
23653,1,0,0,0,162674,162675
23655,9,1,0,0,321495,0
23656,9,0,0,0,321496,0
23657,7,0,0,0,182493,182494
23658,5,0,0,0,190107,190108
23659,9,1,0,0,321497,0
23660,1,1,0,0,135167,135168
23661,9,1,0,0,321498,0
23662,9,0,0,0,321499,0
23663,5,1,0,0,185103,185104
23664,5,0,0,0,185101,185102
23665,4,0,0,0,174464,174465
23666,4,1,0,0,143649,143650
23667,4,1,0,0,143647,143648
23668,4,0,0,0,174462,174463
23669,10,0,0,0,210021,210022
23670,10,1,0,0,209552,209553
23671,10,1,0,0,209550,209551
23672,3,0,0,0,321500,321501
23673,4,0,0,0,174460,174461
23674,11,1,0,0,150651,150652
23675,10,0,0,0,210019,210020
23676,6,0,0,0,116060,116061
23677,3,1,0,0,117801,117802
23678,10,1,0,0,209548,209549
23679,14,0,0,0,321502,0
23680,5,1,0,0,190105,190106
23681,5,0,0,0,190103,190104
23682,3,0,0,0,321503,321504
23683,3,1,0,0,117803,117804
23684,10,0,0,0,210017,210018
23685,10,1,0,0,0,209547
23686,6,1,0,0,136749,136750
23687,2,0,0,0,170408,170409
23688,5,1,0,0,190101,190102
23689,3,0,0,0,321505,321506
23690,1,1,0,0,135169,135170
23691,4,0,0,0,174458,174459
23692,1,0,0,0,162672,162673
23693,3,0,0,0,0,321508
23694,1,0,0,0,162670,162671
23695,3,0,0,0,321509,321510
23696,3,0,0,0,321511,321512
23697,1,1,0,0,135171,135172
23698,10,0,0,0,210015,210016
23699,6,0,0,0,116062,116063
23700,4,1,0,0,143645,143646
23701,9,1,0,0,321513,0
23702,7,0,0,0,182491,182492
23703,2,0,0,0,170406,170407
23704,22,0,0,0,321514,0
23705,2,0,0,0,170404,170405
23707,1,0,0,0,162668,162669
23708,2,1,0,0,176623,176624
23709,3,1,0,0,117805,117806
23710,5,1,0,0,0,185100
23711,2,0,0,0,170402,170403
23712,5,1,0,0,185097,185098
23713,2,0,0,0,170400,170401
23714,2,0,0,0,170398,170399
23715,2,1,0,0,176621,176622
23716,5,0,0,0,185095,185096
23717,5,0,0,0,185093,185094
23720,5,1,0,0,185091,185092
23722,22,0,6,0,321515,0
23723,5,0,0,0,190099,190100
23724,10,1,0,0,209544,209545
23725,1,0,0,0,162666,162667
23726,7,1,0,0,118726,118727
23727,5,1,0,0,190097,190098
23728,1,1,0,0,135173,135174
23729,6,0,6,0,116064,116065
23730,9,0,0,0,321516,0
23731,1,0,0,0,162664,162665
23732,1,0,0,0,162662,162663
23733,1,0,0,0,162660,162661
23734,1,0,6,0,162658,162659
23735,5,0,0,0,185089,185090
23736,1,1,6,0,135175,135176
23737,2,0,6,0,170396,170397
23738,8,0,6,0,157686,157687
23739,1,0,0,0,162656,162657
23740,2,0,0,0,170394,170395
23741,1,0,0,0,162654,162655
23742,8,1,0,0,177299,177300
23743,1,1,0,0,135177,135178
23744,8,0,0,0,157684,157685
23745,1,0,0,0,162652,162653
23746,1,0,0,0,162650,162651
23747,6,1,0,0,136751,136752
23748,1,1,0,0,135179,135180
23749,2,1,0,0,176619,176620
23750,3,0,0,0,0,321518
23751,2,0,0,0,170392,170393
23752,3,0,0,0,321519,321520
23753,2,0,0,0,170390,170391
23754,2,0,0,0,170388,170389
23755,2,0,0,0,170386,170387
23756,2,1,0,0,176617,176618
23757,3,0,0,0,321521,321522
23758,18,0,0,0,321523,0
23759,18,0,0,0,321524,0
23760,8,1,0,0,177297,177298
23761,18,0,0,0,321525,0
23762,18,0,0,0,321526,0
23763,8,1,0,0,177295,177296
23764,1,0,0,0,162648,162649
23765,2,0,0,0,170384,170385
23766,1,0,0,0,162646,162647
23767,2,1,0,0,176615,176616
23768,2,1,0,0,176613,176614
23769,18,0,0,0,321527,0
23770,2,0,0,0,170382,170383
23771,2,0,0,0,170380,170381
23772,2,0,0,0,170378,170379
23773,2,0,0,0,170376,170377
23774,2,0,0,0,170374,170375
23775,1,0,0,0,162644,162645
23776,2,0,0,0,170372,170373
23777,2,1,0,0,176611,176612
23778,2,0,0,0,170370,170371
23779,5,0,0,0,185087,185088
23780,2,1,0,0,176609,176610
23781,2,0,0,0,170368,170369
23782,20,0,0,0,185325,0
23783,10,0,0,0,210013,210014
23784,5,1,0,0,190095,190096
23785,7,0,0,0,182489,182490
23786,1,1,0,0,135181,135182
23787,4,0,0,0,174456,174457
23790,5,1,0,0,190093,190094
23791,5,1,0,0,190091,190092
23792,5,0,0,0,190089,190090
23793,5,0,0,0,190087,190088
23794,5,1,0,0,190085,190086
23795,5,0,0,0,190083,190084
23796,5,0,0,0,190081,190082
23797,5,1,0,0,190079,190080
23798,1,0,0,0,162641,162642
23799,5,0,0,0,185085,185086
23800,1,0,0,0,0,162640
23801,9,0,0,0,321528,0
23802,4,0,0,0,174454,174455
23803,3,0,0,0,321529,321530
23804,3,0,0,0,321531,321532
23805,3,0,0,0,321533,321534
23806,3,0,0,0,321535,321536
23807,3,0,0,0,321537,321538
23808,3,1,0,0,117807,117808
23809,1,0,0,0,162637,162638
23810,1,0,0,0,162635,162636
23811,1,0,0,0,162633,162634
23812,1,0,0,0,162631,162632
23813,1,0,0,0,162629,162630
23814,3,0,0,0,321539,321540
23815,10,0,0,0,210011,210012
23816,10,1,0,0,209542,209543
23817,1,1,0,0,135183,135184
23818,3,0,0,0,321541,321542
23819,3,0,0,0,321543,321544
23820,3,1,0,0,117809,117810
23821,7,0,0,0,182487,182488
23822,3,1,0,0,117811,117812
23823,3,0,0,0,321545,321546
23825,6,0,0,0,116066,116067
23828,4,0,0,0,174452,174453
23829,2,0,0,0,170366,170367
23830,1,0,0,0,162627,162628
23831,22,0,0,0,321547,0
23832,22,1,0,0,321548,0
23833,2,0,0,0,170364,170365
23834,9,1,0,0,321549,0
23835,7,0,0,0,0,182486
23836,10,1,0,0,209540,209541
23837,10,0,0,0,210009,210010
23838,9,1,0,0,321550,0
23839,5,0,0,0,185083,185084
23840,10,0,0,0,210007,210008
23841,9,0,0,0,321551,0
23842,9,0,0,0,321552,0
23843,9,0,0,0,321553,0
23844,1,0,0,0,162625,162626
23845,9,1,0,0,321554,0
23846,9,0,0,0,321555,0
23847,9,0,0,0,321556,0
23848,9,0,0,0,321557,0
23849,9,1,0,0,321558,0
23850,9,1,0,0,321559,0
23851,9,1,0,0,321560,0
23852,9,1,0,0,321561,0
23853,3,1,0,0,117813,117814
23854,9,1,0,0,321562,0
23855,3,0,0,0,321563,321564
23856,5,0,0,0,185081,185082
23857,5,1,0,0,185079,185080
23858,3,0,0,0,321565,321566
23859,3,0,0,0,321567,321568
23860,3,1,0,0,117815,117816
23861,3,1,0,0,117817,117818
23862,3,0,0,0,321569,321570
23863,3,0,0,0,321571,321572
23864,3,0,0,0,321573,321574
23865,3,1,0,0,117819,117820
23866,2,1,0,0,176607,176608
23867,2,0,0,0,170362,170363
23868,2,0,0,0,170360,170361
23869,1,0,0,0,162623,162624
23870,1,0,0,0,162621,162622
23871,1,0,0,0,162619,162620
23872,1,0,0,0,162617,162618
23873,1,0,0,0,162615,162616
23874,1,0,0,0,162613,162614
23875,1,0,0,0,162611,162612
23876,1,0,0,0,162609,162610
23877,1,0,0,0,162607,162608
23878,9,1,0,0,321575,0
23879,9,0,0,0,321576,0
23880,9,0,0,0,321577,0
23881,22,0,0,0,185324,0
23882,22,0,0,0,185323,0
23883,22,0,0,0,185322,0
23884,22,0,0,0,185321,0
23885,1,0,0,0,162605,162606
23886,1,0,0,0,162603,162604
23887,9,0,0,0,321578,0
23888,9,0,0,0,321579,0
23889,9,0,0,0,321580,0
23890,9,1,0,0,321581,0
23891,9,1,0,0,321582,0
23892,2,0,0,0,170358,170359
23893,2,1,0,0,176605,176606
23894,3,0,0,0,321583,321584
23895,3,0,0,0,321585,321586
23896,3,0,0,0,321587,321588
23897,3,0,0,0,321589,321590
23898,3,0,0,0,321591,321592
23899,3,0,0,0,321593,321594
23900,3,0,0,0,321595,321596
23901,3,0,0,0,321597,321598
23902,3,0,0,0,321599,321600
23904,9,1,0,0,321601,0
23905,9,1,0,0,321602,0
23906,22,0,0,0,321603,0
23907,22,0,0,0,321604,0
23908,22,1,0,0,321605,0
23909,3,0,0,0,321606,321607
23910,3,0,0,0,321608,321609
23911,3,0,0,0,321610,321611
23912,1,0,0,0,162601,162602
23913,9,0,0,0,321612,0
23914,9,0,0,0,321613,0
23915,9,0,0,0,321614,0
23916,9,0,0,0,321615,0
23917,3,0,0,0,321616,321617
23918,1,1,0,0,135185,135186
23919,1,1,0,0,135187,135188
23920,1,1,0,0,135189,135190
23921,1,1,0,0,135191,135192
23922,1,0,0,0,162599,162600
23923,1,0,0,0,162597,162598
23924,1,0,0,0,162595,162596
23925,22,0,0,0,321618,0
23926,9,0,0,0,321619,0
23927,1,0,0,0,162593,162594
23928,1,0,0,0,162591,162592
23929,1,0,0,0,162589,162590
23930,1,1,0,0,135193,135194
23931,1,0,0,0,162587,162588
23932,1,1,0,0,135195,135196
23933,1,0,0,0,162585,162586
23934,1,1,0,0,135197,135198
23935,9,0,0,0,321620,0
23936,9,1,0,0,321621,0
23937,5,0,0,0,190077,190078
23938,9,0,0,0,321622,0
23939,9,1,0,0,321623,0
23940,2,0,0,0,170356,170357
23941,22,0,0,0,321624,0
23942,22,0,0,0,321625,0
23943,22,0,0,0,321626,0
23944,22,0,0,0,321627,0
23945,22,0,0,0,321628,0
23946,22,0,0,0,321629,0
23947,1,0,0,0,162583,162584
23949,1,0,0,0,162581,162582
23950,4,0,0,0,174450,174451
23951,4,0,0,0,174448,174449
23952,4,1,0,0,143643,143644
23953,4,1,0,0,143641,143642
23954,6,1,0,0,136753,136754
23955,4,0,0,0,174446,174447
23956,4,1,0,0,143639,143640
23957,4,1,0,0,143637,143638
23958,6,1,0,0,136755,136756
23959,4,1,0,0,143635,143636
23960,4,0,0,0,174444,174445
23963,6,0,0,0,116068,116069
23964,6,0,0,0,116070,116071
23965,5,1,0,0,190075,190076
23966,5,0,0,0,190073,190074
23967,5,1,0,0,190071,190072
23968,5,1,0,0,190069,190070
23969,5,1,0,0,190067,190068
23970,5,1,0,0,190065,190066
23971,5,1,0,0,190063,190064
23972,10,0,0,0,210005,210006
23973,10,0,0,0,210003,210004
23974,4,0,0,0,174442,174443
23975,9,0,0,0,321630,0
23976,9,1,0,0,321631,0
23977,22,1,6,0,321632,0
23978,1,0,0,0,162579,162580
23979,9,0,0,0,321633,0
23980,9,0,0,0,321634,0
23981,9,0,0,0,321635,0
23982,9,0,0,0,321636,0
23983,9,1,0,0,321637,0
23984,9,1,0,0,321638,0
23985,9,1,0,0,321639,0
23986,9,1,0,0,321640,0
23987,4,1,0,0,143633,143634
23988,4,0,0,0,174440,174441
23989,4,0,0,0,174438,174439
23990,4,1,0,0,143631,143632
23991,4,1,0,0,143629,143630
23992,10,0,0,0,210001,210002
23993,10,0,0,0,209999,210000
23994,10,0,0,0,209997,209998
23995,10,0,0,0,209995,209996
23996,1,1,0,0,135199,135200
23997,1,0,0,0,162577,162578
23998,1,0,0,0,162575,162576
23999,1,0,0,0,162573,162574
24000,1,0,0,0,162571,162572
24001,1,1,0,0,135201,135202
24002,3,0,0,0,321641,321642
24003,3,0,0,0,321643,321644
24004,3,0,0,0,321645,321646
24005,3,0,0,0,321647,321648
24006,3,0,0,0,321649,321650
24007,3,0,0,0,321651,321652
24008,4,0,0,0,174436,174437
24011,2,0,0,0,170353,170355
24012,2,0,0,0,170350,170351
24013,1,1,0,0,135203,135204
24015,1,0,0,0,162569,162570
24016,9,0,0,0,321653,0
24019,3,0,0,0,185319,185320
24020,3,0,0,0,185317,185318
24021,3,1,0,0,117821,117822
24022,3,1,0,0,117823,117824
24023,3,0,0,0,185315,185316
24024,9,0,0,0,321654,0
24025,3,0,0,0,185313,185314
24026,3,0,0,0,185311,185312
24027,3,1,0,0,117825,117826
24028,3,1,0,0,117827,117828
24029,3,0,0,0,185309,185310
24030,3,0,0,0,185307,185308
24031,3,0,6,0,185305,185306
24032,9,1,0,0,321655,0
24033,9,1,0,0,321656,0
24034,9,1,0,0,321657,0
24035,9,1,0,0,321658,0
24036,9,1,0,0,321659,0
24037,9,1,0,0,321660,0
24038,9,1,0,0,321661,0
24039,9,1,0,0,321662,0
24040,9,1,0,0,321663,0
24041,9,0,0,0,321664,0
24042,1,0,0,0,162567,162568
24043,1,1,0,0,135205,135206
24045,3,1,0,0,117829,117830
24046,3,0,0,0,321665,321666
24047,3,0,0,0,321667,321668
24048,3,0,0,0,321669,321670
24049,3,1,0,0,117831,117832
24050,3,0,0,0,321671,321672
24051,3,0,0,0,321673,321674
24052,3,0,0,0,321675,321676
24053,3,0,0,0,321677,321678
24054,3,1,0,0,117833,117834
24055,20,0,0,0,321679,0
24056,3,0,0,0,185303,185304
24057,3,0,0,0,185301,185302
24058,7,0,0,0,119441,119442
24059,7,1,0,0,118724,118725
24060,9,0,0,0,321680,0
24061,9,0,0,0,321681,0
24062,9,0,0,0,321682,0
24063,9,0,0,0,321683,0
24064,5,0,0,0,190061,190062
24065,1,0,0,0,162565,162566
24066,3,0,0,0,185299,185300
24067,1,0,0,0,162563,162564
24068,5,0,0,0,185077,185078
24069,5,0,0,0,190059,190060
24070,5,0,0,0,190057,190058
24071,5,0,0,0,190055,190056
24072,5,0,0,0,185075,185076
24073,3,0,0,0,203764,203765
24074,3,0,0,0,321684,321685
24075,3,0,0,0,321686,321687
24076,3,0,0,0,321688,321689
24077,3,0,0,0,321690,321691
24078,3,0,0,0,321692,321693
24079,3,0,0,0,321694,321695
24080,3,0,0,0,321696,321697
24081,22,0,0,0,321698,0
24082,9,0,0,0,321699,0
24083,2,0,0,0,170348,170349
24084,22,0,0,0,321700,0
24085,3,0,0,0,321701,321702
24086,2,0,0,0,170346,170347
24087,9,0,0,0,321703,0
24088,5,0,0,0,185073,185074
24089,5,1,0,0,185071,185072
24090,5,0,0,0,185069,185070
24091,5,0,0,0,185067,185068
24092,5,0,0,0,185065,185066
24093,5,1,0,0,185063,185064
24094,5,1,0,0,190053,190054
24095,5,0,0,0,190051,190052
24096,5,0,0,0,190049,190050
24097,5,1,0,0,190047,190048
24098,5,0,0,0,190045,190046
24099,5,1,0,0,190043,190044
24100,5,1,0,0,190041,190042
24101,1,0,0,0,162561,162562
24102,5,1,0,0,185297,185298
24103,5,1,0,0,185295,185296
24104,5,0,0,0,185061,185062
24105,5,0,0,0,185059,185060
24106,5,0,0,0,185057,185058
24107,1,1,0,0,135207,135208
24108,17,0,0,0,321704,0
24109,9,0,0,0,321705,0
24110,9,0,0,0,321706,0
24111,2,0,0,0,170344,170345
24112,1,1,0,0,135209,135210
24113,5,0,0,0,190039,190040
24114,1,0,0,0,162559,162560
24116,7,0,0,0,119439,119440
24119,1,0,0,0,162557,162558
24120,9,0,0,0,321707,0
24121,9,0,0,0,321708,0
24122,9,1,0,0,321709,0
24123,9,1,0,0,321710,0
24124,2,1,0,0,176603,176604
24125,3,0,0,0,321711,321712
24126,3,0,0,0,321713,321714
24127,1,0,0,0,162555,162556
24128,2,0,0,0,170342,170343
24129,1,1,0,0,135211,135212
24130,3,0,0,0,321715,321716
24131,3,0,0,0,321717,321718
24132,3,0,0,0,321719,321720
24133,3,1,0,0,117835,117836
24134,9,0,0,0,321721,0
24135,9,0,0,0,321722,0
24136,9,1,0,0,321723,0
24137,5,0,0,0,190037,190038
24138,1,0,0,0,162553,162554
24139,4,0,0,0,174434,174435
24140,4,1,0,0,143627,143628
24141,9,0,0,0,185294,0
24142,5,0,0,0,190035,190036
24143,5,1,0,0,190033,190034
24144,5,0,0,0,190031,190032
24145,5,0,0,0,190029,190030
24146,5,0,0,0,190027,190028
24147,10,1,0,0,209538,209539
24148,1,0,0,0,162551,162552
24149,1,0,0,0,0,162550
24150,1,1,0,0,135213,135214
24151,1,0,0,0,162547,162548
24152,2,0,0,0,170340,170341
24153,2,0,0,0,0,170339
24154,1,0,0,0,162545,162546
24155,1,1,0,0,135215,135216
24156,1,0,0,0,162543,162544
24157,2,0,0,0,170336,170337
24158,1,1,0,0,135217,135218
24159,2,1,0,0,176601,176602
24160,2,1,0,0,176599,176600
24161,3,0,0,0,321724,321725
24162,3,1,0,0,117837,117838
24163,3,1,0,0,117839,117840
24164,7,0,0,0,119437,119438
24165,3,0,0,0,321726,321727
24166,5,1,0,0,190025,190026
24167,7,0,0,0,119435,119436
24168,3,0,0,0,321728,321729
24169,3,1,0,0,117841,117842
24170,3,1,0,0,117843,117844
24171,4,1,0,0,143625,143626
24172,4,1,0,0,143623,143624
24173,4,0,0,0,174432,174433
24174,4,1,0,0,143621,143622
24175,4,0,0,0,174430,174431
24179,5,1,0,0,190023,190024
24181,2,0,0,0,170334,170335
24182,2,0,0,0,170332,170333
24183,2,1,0,0,176597,176598
24184,2,1,0,0,176595,176596
24185,1,1,0,0,135219,135220
24186,1,1,0,0,135221,135222
24187,9,0,0,0,321730,0
24188,9,0,0,0,321731,0
24189,9,0,0,0,321732,0
24190,9,0,0,0,321733,0
24191,9,0,0,0,321734,0
24192,9,0,0,0,321735,0
24193,9,0,0,0,321736,0
24194,9,0,0,0,321737,0
24195,9,0,0,0,321738,0
24196,9,0,0,0,321739,0
24197,9,0,0,0,321740,0
24198,9,0,0,0,321741,0
24199,9,0,0,0,321742,0
24200,9,0,0,0,321743,0
24201,9,0,0,0,321744,0
24202,9,0,0,0,321745,0
24203,9,0,0,0,321746,0
24204,9,0,0,0,321747,0
24205,9,1,0,0,321748,0
24206,10,1,0,0,209536,209537
24207,5,0,0,0,190021,190022
24208,1,1,0,0,135223,135224
24209,1,0,0,0,162541,162542
24210,9,0,0,0,321749,0
24211,9,0,0,0,321750,0
24212,9,1,0,0,321751,0
24213,9,0,0,0,321752,0
24214,9,0,0,0,321753,0
24215,1,0,0,0,162539,162540
24216,3,1,0,0,117845,117846
24217,9,1,0,0,321754,0
24218,1,0,0,0,162537,162538
24219,10,0,0,0,209993,209994
24220,10,1,0,0,209534,209535
24221,1,0,0,0,162535,162536
24222,1,0,0,0,162533,162534
24223,1,1,0,0,135225,135226
24224,1,1,0,0,135227,135228
24225,1,0,0,0,162531,162532
24226,2,0,0,0,170330,170331
24227,1,1,0,0,135229,135230
24228,2,1,0,0,176593,176594
24229,8,1,0,0,177293,177294
24230,22,1,0,0,321755,0
24231,2,0,0,0,170328,170329
24232,1,0,0,0,162529,162530
24233,10,1,0,0,209532,209533
24234,10,1,0,0,209530,209531
24235,10,1,0,0,209528,209529
24236,9,0,0,0,321756,0
24237,9,0,0,0,321757,0
24238,9,0,0,0,321758,0
24239,9,0,0,0,321759,0
24240,6,1,0,0,136757,136758
24241,1,0,0,0,162527,162528
24242,10,0,0,0,209991,209992
24243,22,0,0,0,321760,0
24244,22,0,0,0,321761,0
24245,22,0,0,0,321762,0
24246,22,0,0,0,321763,0
24247,22,0,0,0,321764,0
24248,5,0,0,0,190019,190020
24249,5,0,0,0,190017,190018
24250,14,0,0,0,321765,0
24251,1,0,0,0,162525,162526
24252,22,0,0,0,321766,0
24253,7,1,0,0,118722,118723
24254,22,1,0,0,321767,0
24255,1,0,0,0,162523,162524
24256,1,1,0,0,135231,135232
24257,8,1,0,0,177291,177292
24258,22,0,0,0,321768,0
24259,22,0,0,0,321769,0
24260,22,0,0,0,321770,0
24261,22,1,0,0,321771,0
24262,5,1,0,0,185055,185056
24263,22,1,0,0,321772,0
24264,22,0,0,0,321773,0
24265,8,0,0,0,157682,157683
24266,8,1,0,0,177289,177290
24268,9,1,0,0,321774,0
24270,9,1,0,0,321775,0
24272,9,1,0,0,321776,0
24273,4,0,0,0,174428,174429
24274,7,0,0,0,119433,119434
24275,7,0,0,0,119431,119432
24276,1,0,0,0,162519,162521
24277,1,1,0,0,135233,135234
24278,1,1,0,0,135235,135236
24279,7,0,0,0,119429,119430
24280,4,0,0,0,174426,174427
24281,11,0,0,0,131202,131203
24282,1,0,0,0,162517,162518
24283,7,0,0,0,119427,119428
24284,3,1,0,0,117847,117848
24285,22,1,0,0,321777,0
24286,4,0,0,0,174424,174425
24287,1,0,0,0,162515,162516
24288,7,0,0,0,119425,119426
24289,3,0,0,0,321778,321779
24290,7,1,0,0,118720,118721
24291,1,0,0,0,162513,162514
24292,1,0,0,0,162511,162512
24293,1,0,0,0,162509,162510
24294,1,0,0,0,162507,162508
24295,3,0,0,0,321780,321781
24296,7,0,0,0,119423,119424
24297,1,1,0,0,135237,135238
24298,4,0,0,0,174422,174423
24299,2,0,0,0,170326,170327
24300,2,1,0,0,176591,176592
24301,5,0,0,0,190015,190016
24302,5,1,0,0,190013,190014
24303,22,1,0,0,321782,0
24304,10,0,0,0,209989,209990
24305,8,0,0,0,157680,157681
24306,10,1,0,0,209526,209527
24307,8,0,0,0,157678,157679
24308,8,1,0,0,177287,177288
24309,8,0,0,0,157676,157677
24310,8,1,0,0,177285,177286
24311,8,0,0,0,157674,157675
24312,22,0,0,0,321783,0
24313,3,1,0,0,117849,117850
24314,3,0,0,0,321784,321785
24315,3,1,0,0,117851,117852
24316,3,0,0,0,321786,321787
24317,3,0,0,0,321788,321789
24318,3,0,0,0,321790,321791
24319,3,0,0,0,321792,321793
24320,3,0,0,0,321794,321795
24321,3,1,0,0,117853,117854
24322,3,1,0,0,117855,117856
24323,8,0,0,0,157672,157673
24324,8,0,0,0,157670,157671
24325,8,0,0,0,157668,157669
24326,3,0,0,0,321796,321797
24327,3,0,0,0,321798,321799
24328,3,1,0,0,117857,117858
24329,3,0,0,0,321800,321801
24330,3,0,0,0,321802,321803
24331,3,0,0,0,321804,321805
24332,3,0,0,0,321806,321807
24335,4,0,0,0,174420,174421
24338,1,0,0,0,162505,162506
24339,10,1,0,0,209524,209525
24340,10,0,0,0,209987,209988
24341,10,0,0,0,209985,209986
24342,10,0,0,0,209983,209984
24343,10,1,0,0,209522,209523
24344,10,0,0,0,209981,209982
24345,4,0,0,0,174418,174419
24346,11,1,0,0,150653,150654
24347,10,0,0,0,209979,209980
24348,10,0,0,0,209977,209978
24349,10,1,0,0,209520,209521
24350,10,0,0,0,209975,209976
24351,10,0,0,0,209973,209974
24352,10,1,0,0,209518,209519
24353,2,1,0,0,176589,176590
24354,6,1,0,0,136759,136760
24355,22,1,0,0,321808,0
24356,6,0,0,0,116072,116073
24357,6,1,0,0,136761,136762
24358,2,0,0,0,170324,170325
24359,2,0,0,0,170322,170323
24360,8,0,0,0,130199,157667
24361,2,0,0,0,170320,170321
24362,2,0,0,0,170318,170319
24363,2,0,0,0,170316,170317
24364,2,1,0,0,176587,176588
24365,10,0,0,0,209971,209972
24366,10,0,0,0,209969,209970
24367,10,1,0,0,209516,209517
24368,10,1,0,0,209514,209515
24369,10,0,0,0,209967,209968
24370,10,1,0,0,209512,209513
24371,10,0,0,0,209965,209966
24372,11,1,0,0,150655,150656
24373,14,0,0,0,321809,0
24374,11,0,0,0,131200,131201
24375,11,1,0,0,150657,150658
24376,11,0,0,0,131198,131199
24377,11,1,0,0,150659,150660
24378,6,1,0,0,136763,136764
24379,6,1,0,0,136765,136766
24380,3,1,0,0,117859,117860
24381,3,1,0,0,117861,117862
24382,3,0,0,0,321810,321811
24383,3,0,0,0,321812,321813
24384,3,0,0,0,321814,321815
24385,3,1,0,0,117863,117864
24386,4,0,0,0,174416,174417
24387,4,1,0,0,143619,143620
24388,1,0,0,0,162503,162504
24389,10,0,0,0,209963,209964
24390,10,1,0,0,209510,209511
24391,10,0,0,0,209961,209962
24392,10,1,0,0,209508,209509
24393,10,1,0,0,209506,209507
24394,10,0,0,0,209959,209960
24395,10,0,0,0,209957,209958
24396,11,1,0,0,150661,150662
24397,11,0,0,0,131196,131197
24398,11,1,0,0,150663,150664
24399,11,0,0,0,131194,131195
24400,11,1,0,0,150665,150666
24401,14,0,0,0,321816,0
24402,14,0,0,0,321817,0
24403,14,0,0,0,321818,0
24404,4,0,0,0,174414,174415
24405,6,1,0,0,136769,136770
24406,11,0,0,0,131192,131193
24407,11,0,0,0,131188,131190
24408,10,1,0,0,209504,209505
24409,10,0,0,0,209955,209956
24410,3,1,0,0,117865,117866
24411,3,0,0,0,321819,321820
24412,3,1,0,0,117867,117868
24413,3,0,0,0,321821,321822
24414,3,0,0,0,321823,321824
24415,3,0,0,0,321825,321826
24416,3,0,0,0,321827,321828
24417,3,1,0,0,117869,117870
24418,3,0,0,0,321829,321830
24419,3,0,0,0,321831,321832
24420,3,0,0,0,321833,321834
24421,3,0,0,0,321835,321836
24422,1,0,0,0,162501,162502
24423,1,1,0,0,135239,135240
24424,1,0,0,0,162499,162500
24425,1,0,0,0,162497,162498
24426,3,1,0,0,117871,117872
24427,3,0,0,0,321837,321838
24428,3,0,0,0,321839,321840
24429,3,1,0,0,117873,117874
24430,9,0,0,0,321841,0
24431,9,1,0,0,321842,0
24432,9,0,0,0,321843,0
24433,9,1,0,0,321844,0
24434,9,0,0,0,321845,0
24435,2,1,0,0,176585,176586
24436,2,0,0,0,170314,170315
24437,2,1,0,0,176583,176584
24438,2,0,0,0,170312,170313
24439,2,0,0,0,170310,170311
24440,2,0,0,0,170308,170309
24441,2,0,0,0,170306,170307
24442,8,0,0,0,157665,157666
24443,6,1,0,0,136771,136772
24444,2,0,0,0,170304,170305
24445,8,1,0,0,177283,177284
24446,2,0,0,0,170302,170303
24447,10,1,0,0,209502,209503
24448,9,1,0,0,321846,0
24449,2,0,0,0,170300,170301
24450,2,0,0,0,170298,170299
24451,9,0,0,0,321847,0
24452,6,0,0,0,116074,116075
24453,4,1,0,0,143617,143618
24454,1,0,0,0,162495,162496
24455,11,0,0,0,131186,131187
24456,3,0,0,0,321848,321849
24457,7,1,0,0,118718,118719
24458,9,0,0,0,321850,0
24459,2,0,0,0,170296,170297
24460,10,1,0,0,209500,209501
24461,6,0,0,0,116076,116077
24462,5,0,0,0,190011,190012
24463,2,0,0,0,170294,170295
24464,2,0,0,0,170292,170293
24465,1,1,0,0,135241,135242
24466,22,1,0,0,321851,0
24467,1,1,0,0,135243,135244
24470,22,1,0,0,321852,0
24472,1,1,0,0,135245,135246
24473,22,1,0,0,321853,0
24474,1,1,0,0,135247,135248
24475,22,1,0,0,321854,0
24476,9,0,0,0,321855,0
24477,5,0,0,0,190009,190010
24478,9,0,0,0,321856,0
24479,5,0,0,0,190007,190008
24480,2,0,0,0,170290,170291
24481,9,0,0,0,321857,0
24482,9,0,0,0,321858,0
24483,10,0,0,0,209953,209954
24484,8,1,0,0,177281,177282
24485,5,0,0,0,190005,190006
24486,10,0,0,0,209951,209952
24487,11,0,0,0,131184,131185
24488,1,0,0,0,162493,162494
24489,3,0,0,0,321859,321860
24490,1,1,0,0,135249,135250
24491,11,1,0,0,150667,150668
24492,1,1,0,0,135251,135252
24493,1,1,0,0,135253,135254
24494,1,0,0,0,162491,162492
24495,1,0,0,0,162489,162490
24496,1,0,0,0,162487,162488
24497,1,1,0,0,135255,135256
24498,1,0,0,0,162485,162486
24499,1,1,0,0,135257,135258
24500,3,0,0,0,321861,321862
24501,3,0,0,0,321863,321864
24502,1,0,0,0,162483,162484
24503,3,1,0,0,117875,117876
24504,2,0,0,0,170288,170289
24505,2,0,0,0,170286,170287
24506,2,0,0,0,170284,170285
24507,2,1,0,0,176581,176582
24508,1,1,0,0,135259,135260
24509,1,0,0,0,162481,162482
24510,3,0,0,0,321865,321866
24511,1,0,0,0,0,162480
24512,1,1,0,0,135261,135262
24513,1,0,0,0,0,162478
24514,3,0,0,0,321867,321868
24515,11,0,0,0,131182,131183
24516,1,1,0,0,135263,135264
24517,5,0,0,0,190003,190004
24518,5,0,0,0,190001,190002
24519,1,1,0,0,135265,135266
24520,5,0,0,0,189999,190000
24521,5,0,0,0,189997,189998
24522,10,1,0,0,209498,209499
24523,2,1,0,0,176579,176580
24525,2,0,0,0,170282,170283
24526,1,0,0,0,162475,162476
24527,1,1,0,0,135267,135268
24528,1,0,0,0,162473,162474
24529,1,0,0,0,162471,162472
24531,2,0,0,0,170280,170281
24532,22,0,0,0,321869,0
24533,1,1,0,0,135269,135270
24534,1,1,0,0,135271,135272
24535,22,1,0,0,321870,0
24536,1,0,0,0,162469,162470
24537,1,1,0,0,135273,135274
24538,1,0,0,0,162467,162468
24539,1,0,0,0,162465,162466
24540,22,0,0,0,321871,0
24541,1,1,0,0,135275,135276
24542,1,1,0,0,135277,135278
24543,22,1,0,0,321872,0
24544,1,0,0,0,0,162464
24545,1,0,0,0,0,162462
24546,1,0,0,0,0,162460
24547,22,0,0,0,321873,0
24548,1,1,0,0,135279,135280
24549,1,1,0,0,135281,135282
24550,1,1,0,0,135283,135284
24551,22,1,0,0,321874,0
24552,10,1,0,0,209496,209497
24553,2,0,0,0,170278,170279
24554,2,0,0,0,170276,170277
24555,2,0,0,0,170274,170275
24556,2,1,0,0,176577,176578
24557,2,1,0,0,176575,176576
24560,9,0,0,0,321875,0
24563,9,0,0,0,321876,0
24564,9,0,0,0,321877,0
24565,1,0,0,0,162457,162458
24569,1,0,0,0,162455,162456
24570,1,0,0,0,162453,162454
24571,2,0,0,0,170272,170273
24573,3,1,0,0,117877,117878
24574,3,1,0,0,117879,117880
24575,3,1,0,0,117881,117882
24576,3,1,0,0,117883,117884
24577,3,1,0,0,117885,117886
24579,1,0,0,0,162451,162452
24580,2,0,0,0,170270,170271
24581,2,0,0,0,170268,170269
24582,3,1,0,0,117887,117888
24583,2,0,0,0,170266,170267
24584,6,0,0,0,116078,116079
24585,2,0,0,0,170264,170265
24586,2,0,0,0,170262,170263
24587,3,0,0,0,321878,321879
24588,3,0,0,0,321880,321881
24589,3,0,0,0,321882,321883
24590,6,0,0,0,116080,116081
24591,6,0,0,0,116082,116083
24592,2,1,0,0,176573,176574
24593,2,1,0,0,176571,176572
24594,1,0,0,0,162449,162450
24595,1,0,0,0,162447,162448
24596,1,0,0,0,162445,162446
24597,1,0,0,0,162443,162444
24598,1,1,0,0,135285,135286
24599,2,0,0,0,170260,170261
24600,2,1,0,0,176569,176570
24601,2,0,0,0,170258,170259
24603,1,1,0,0,135287,135288
24604,7,0,0,0,119421,119422
24605,2,0,0,0,170256,170257
24606,1,0,0,0,162441,162442
24607,1,0,0,0,162439,162440
24608,1,0,0,0,162437,162438
24609,1,0,0,0,162435,162436
24610,1,0,0,0,162433,162434
24611,1,0,0,0,162431,162432
24612,1,0,0,0,162429,162430
24613,1,0,0,0,162427,162428
24614,1,0,0,0,162425,162426
24615,1,0,0,0,162423,162424
24616,2,0,0,0,170254,170255
24617,2,0,0,0,170252,170253
24618,2,0,0,0,170250,170251
24619,1,0,0,0,162421,162422
24620,2,0,0,0,170248,170249
24621,2,0,0,0,170246,170247
24622,2,0,0,0,170244,170245
24623,2,0,0,0,170242,170243
24624,2,0,0,0,170240,170241
24625,2,0,0,0,170238,170239
24626,2,0,0,0,170236,170237
24627,2,0,0,0,170234,170235
24628,2,0,0,0,170232,170233
24629,1,0,0,0,162419,162420
24630,1,0,0,0,162417,162418
24631,1,0,0,0,162415,162416
24632,2,0,0,0,170230,170231
24633,2,0,0,0,170228,170229
24634,1,0,0,0,162413,162414
24635,1,0,0,0,162411,162412
24636,2,0,0,0,170226,170227
24637,2,0,0,0,170224,170225
24638,2,0,0,0,170222,170223
24639,1,0,0,0,162409,162410
24640,2,0,0,0,170220,170221
24641,1,0,0,0,162407,162408
24642,1,0,0,0,162405,162406
24643,9,0,6,0,321884,0
24644,1,0,0,0,162403,162404
24645,1,0,0,0,0,162402
24646,1,0,0,0,162399,162400
24647,1,0,0,0,162397,162398
24648,1,0,0,0,162395,162396
24649,1,0,0,0,162393,162394
24650,1,0,0,0,162391,162392
24651,1,0,0,0,162389,162390
24652,1,0,0,0,162387,162388
24653,1,0,0,0,162385,162386
24655,1,1,0,0,135289,135290
24656,1,0,0,0,162383,162384
24657,1,0,0,0,162381,162382
24658,1,0,0,0,162379,162380
24659,1,0,0,0,162377,162378
24660,20,0,0,0,321885,0
24661,1,0,0,0,162375,162376
24662,1,1,0,0,135291,135292
24663,2,1,0,0,176567,176568
24664,1,1,0,0,135293,135294
24665,5,0,0,0,189995,189996
24666,2,0,0,0,170218,170219
24667,6,0,0,0,116084,116085
24668,4,0,0,0,174412,174413
24669,5,1,0,0,189993,189994
24670,10,1,0,0,209494,209495
24671,3,0,0,0,321886,321887
24672,2,0,0,0,170216,170217
24673,2,0,0,0,170214,170215
24674,2,1,0,0,176565,176566
24675,2,1,0,0,176563,176564
24678,6,0,0,0,116086,116087
24679,6,0,0,0,116088,116089
24680,6,1,0,0,136773,136774
24681,6,1,6,0,136775,136776
24682,1,0,0,0,189991,189992
24683,3,0,0,0,321888,321889
24684,3,0,0,0,0,321891
24685,3,0,0,0,321892,321893
24686,3,0,0,0,0,321895
24688,4,0,0,0,174410,174411
24689,1,0,0,0,162373,162374
24690,9,0,0,0,321896,0
24691,13,0,0,0,258751,0
24692,13,0,0,0,258752,0
24693,1,1,0,0,135295,135296
24694,1,1,0,0,135297,135298
24695,1,0,0,0,162371,162372
24696,1,0,0,0,162369,162370
24697,1,0,0,0,162367,162368
24698,22,0,0,0,321897,0
24699,22,1,0,0,321898,0
24700,9,0,0,0,321899,0
24701,9,1,0,0,321900,0
24702,1,0,0,0,162365,162366
24703,13,1,0,0,262240,0
24704,13,1,0,0,262241,0
24705,3,0,0,0,321901,321902
24706,3,1,0,0,117889,117890
24708,11,1,0,0,150669,150670
24709,11,0,0,0,131180,131181
24711,1,0,0,0,162363,162364
24715,1,0,0,0,162361,162362
24716,10,0,0,0,209949,209950
24717,10,1,0,0,209492,209493
24718,1,1,0,0,135299,135300
24719,6,0,0,0,116090,116091
24720,6,1,0,0,136777,136778
24721,2,0,0,0,170212,170213
24722,2,1,0,0,176561,176562
24723,1,0,6,0,162359,162360
24725,10,1,0,0,209490,209491
24726,11,1,0,0,150671,150672
24729,6,1,0,0,136779,136780
24730,3,0,0,0,321903,321904
24731,4,1,0,0,143615,143616
24732,10,1,0,0,209488,209489
24733,1,1,0,0,135301,135302
24734,1,0,0,0,162357,162358
24735,9,0,0,0,321905,0
24736,9,0,0,0,321906,0
24737,9,0,0,0,321907,0
24738,11,0,0,0,131178,131179
24739,11,0,0,0,131176,131177
24740,11,0,0,0,131174,131175
24741,6,0,0,0,116092,116093
24742,6,0,0,0,116094,116095
24743,6,0,0,0,116096,116097
24744,10,0,0,0,209947,209948
24745,10,0,0,0,209945,209946
24746,10,0,0,0,209943,209944
24747,9,0,0,0,321908,0
24748,9,0,0,0,321909,0
24749,9,0,0,0,321910,0
24750,9,0,0,0,321911,0
24751,9,0,0,0,321912,0
24752,9,0,0,0,321913,0
24754,9,1,0,0,321914,0
24755,22,1,0,0,321915,0
24756,22,1,0,0,321916,0
24757,3,0,0,0,321917,321918
24758,3,0,0,0,321919,321920
24759,3,0,0,0,321921,321922
24760,22,1,0,0,321923,0
24761,22,1,0,0,321924,0
24762,22,1,0,0,321925,0
24763,22,1,0,0,321926,0
24764,22,1,0,0,321927,0
24765,22,1,0,0,321928,0
24766,22,1,0,0,321929,0
24767,22,1,0,0,321930,0
24768,3,0,0,0,321931,321932
24769,3,0,0,0,321933,321934
24770,3,0,0,0,321935,321936
24771,6,0,0,0,116098,116099
24772,9,0,0,0,321937,0
24773,9,0,0,0,321938,0
24774,9,0,0,0,321939,0
24775,1,0,0,0,162355,162356
24776,3,0,0,0,321940,321941
24777,9,0,0,0,321942,0
24778,9,0,0,0,321943,0
24779,9,0,0,0,321944,0
24780,7,0,0,0,119419,119420
24781,7,0,0,0,119417,119418
24782,10,0,0,0,209941,209942
24783,10,0,0,0,209939,209940
24784,10,0,0,0,209937,209938
24785,10,0,0,0,209935,209936
24786,10,0,0,0,209933,209934
24787,10,0,0,0,209931,209932
24788,9,0,0,0,321945,0
24790,9,0,0,0,321946,0
24791,9,0,0,0,321947,0
24792,9,0,0,0,321948,0
24793,9,0,0,0,321949,0
24794,9,0,0,0,321950,0
24795,8,0,0,0,157663,157664
24796,8,0,0,0,157661,157662
24797,8,0,0,0,157659,157660
24798,1,0,0,0,162353,162354
24799,1,0,0,0,162351,162352
24800,1,0,0,0,162349,162350
24801,3,0,0,0,321951,321952
24802,3,0,0,0,321953,321954
24803,3,0,0,0,321955,321956
24804,5,0,0,0,189989,189990
24805,5,0,0,0,189987,189988
24806,5,0,0,0,189985,189986
24807,3,0,0,0,321957,321958
24808,3,0,0,0,321959,321960
24809,3,0,0,0,321961,321962
24810,3,0,0,0,321963,321964
24811,3,0,0,0,321965,321966
24812,3,0,0,0,321967,321968
24813,1,0,0,0,189983,189984
24814,1,0,0,0,189981,189982
24815,1,0,0,0,189979,189980
24816,1,0,0,0,162347,162348
24817,1,0,0,0,162345,162346
24818,1,0,0,0,162343,162344
24819,8,0,0,0,157657,157658
24820,8,0,0,0,157655,157656
24821,8,0,0,0,157653,157654
24823,2,0,0,0,170210,170211
24824,2,0,0,0,170208,170209
24825,2,0,0,0,170206,170207
24827,10,0,0,0,209929,209930
24828,10,0,0,0,209927,209928
24829,10,0,0,0,209925,209926
24830,1,0,0,0,162341,162342
24831,1,0,0,0,162339,162340
24832,1,0,0,0,162337,162338
24833,3,0,0,0,321969,321970
24834,1,0,0,0,162335,162336
24835,1,0,0,0,162333,162334
24836,1,0,0,0,162331,162332
24837,1,0,0,0,162329,162330
24838,1,0,0,0,162327,162328
24839,1,0,0,0,162325,162326
24840,1,0,0,0,162323,162324
24841,3,0,0,0,321971,321972
24842,3,0,0,0,321973,321974
24843,3,0,0,0,321975,321976
24844,4,0,0,0,174408,174409
24845,4,0,0,0,174406,174407
24846,6,0,0,0,116100,116101
24847,6,0,0,0,116102,116103
24848,22,0,0,0,321977,0
24849,22,1,0,0,321978,0
24850,4,1,0,0,143613,143614
24851,9,0,0,0,321979,0
24852,9,0,0,0,321980,0
24853,9,0,0,0,321981,0
24854,9,0,0,0,321982,0
24855,9,0,0,0,321983,0
24856,5,0,0,0,189977,189978
24857,6,0,0,0,116104,116105
24860,6,0,0,0,116106,116107
24861,6,0,0,0,116108,116109
24862,6,1,0,0,136781,136782
24865,7,0,0,0,119415,119416
24866,10,1,0,0,209486,209487
24867,11,0,0,0,131172,131173
24868,9,0,0,0,321984,0
24869,8,0,6,0,157651,157652
24870,4,0,0,0,174404,174405
24871,5,0,0,0,189975,189976
24872,5,0,0,0,189973,189974
24873,5,0,0,0,185051,185054
24874,22,1,0,0,321985,0
24875,22,0,0,0,321986,0
24876,3,0,0,0,321987,321988
24877,3,0,0,0,321989,321990
24878,3,1,0,0,117891,117892
24879,3,1,0,0,117893,117894
24880,9,1,0,0,321991,0
24881,9,1,0,0,321992,0
24882,9,1,0,0,321993,0
24883,9,1,0,0,321994,0
24884,9,1,0,0,321995,0
24885,9,0,0,0,321996,0
24886,9,0,0,0,321997,0
24887,5,0,0,0,189971,189972
24888,5,0,0,0,189969,189970
24889,5,0,0,0,189967,189968
24890,5,1,0,0,189965,189966
24891,5,1,0,0,189963,189964
24892,5,1,0,0,189961,189962
24893,9,1,0,0,321998,0
24894,1,0,0,0,162321,162322
24896,5,1,0,0,189959,189960
24897,9,0,0,0,321999,0
24898,1,1,0,0,135303,135304
24900,10,1,0,0,209484,209485
24901,10,1,0,0,209482,209483
24902,10,0,0,0,209923,209924
24903,1,0,0,0,162319,162320
24904,4,1,0,0,143611,143612
24905,4,0,0,0,174402,174403
24906,7,1,0,0,118716,118717
24907,7,0,0,0,119413,119414
24908,2,0,0,0,170204,170205
24909,8,1,0,0,177279,177280
24910,8,0,0,0,157649,157650
24911,6,0,0,0,116110,116111
24912,6,1,0,0,136783,136784
24913,1,1,0,0,135305,135306
24922,1,0,0,0,162317,162318
24923,2,0,0,0,170202,170203
24924,10,0,0,0,209921,209922
24925,8,0,0,0,157647,157648
24926,8,1,0,0,177277,177278
24927,2,1,0,0,176559,176560
24928,2,1,0,0,176557,176558
24931,3,0,0,0,322000,322001
24932,3,0,0,0,322002,322003
24933,3,0,0,0,322004,322005
24934,22,0,0,0,322006,0
24935,22,1,0,0,322007,0
24936,3,0,0,0,322008,322009
24937,3,1,0,0,117895,117896
24941,8,0,0,0,157645,157646
24942,9,0,0,0,322010,0
24943,9,0,0,0,322011,0
24944,8,0,0,0,157643,157644
24947,1,0,0,0,162315,162316
24949,9,0,0,0,322012,0
24950,9,0,0,0,322013,0
24951,1,0,0,0,162313,162314
24952,1,1,0,0,135307,135308
24953,1,1,1,0,0,135310
24954,9,1,0,0,322014,0
24955,1,1,0,0,135311,135312
24956,1,0,0,0,162311,162312
24957,2,1,0,0,176555,176556
24958,2,1,0,0,176553,176554
24959,2,0,0,0,170200,170201
24960,2,0,0,0,170198,170199
24961,6,0,0,0,116112,116113
24962,3,1,0,0,117897,117898
24963,1,1,0,0,135313,135314
24964,4,0,0,0,174400,174401
24965,4,0,0,0,174398,174399
24966,4,0,0,0,174396,174397
24967,4,0,0,0,174394,174395
24968,4,0,0,0,174392,174393
24969,4,1,0,0,143609,143610
24970,4,1,0,0,143607,143608
24971,4,1,0,0,143605,143606
24972,4,1,0,0,143603,143604
24973,4,1,0,0,143601,143602
24974,5,1,0,0,189957,189958
24975,2,1,0,0,176551,176552
24976,1,0,0,0,162309,162310
24978,8,1,0,0,177275,177276
24981,5,0,0,0,189955,189956
24984,22,0,0,0,322015,0
24985,4,0,0,0,174390,174391
24986,4,1,0,0,143599,143600
24987,8,0,0,0,157641,157642
24988,1,1,0,0,135315,135316
24989,8,0,0,0,157639,157640
24991,8,0,0,0,157637,157638
24992,8,0,0,0,157635,157636
24993,8,0,0,0,157633,157634
24994,8,0,0,0,157631,157632
24995,8,1,0,0,177273,177274
24996,9,0,0,0,322016,0
24997,7,0,0,0,119411,119412
24998,2,0,0,0,170196,170197
24999,8,1,0,0,177271,177272
25000,2,1,0,0,176549,176550
25002,8,0,0,0,157629,157630
25003,8,0,6,0,157627,157628
25004,11,1,0,0,150673,150674
25005,11,0,0,0,131170,131171
25006,11,1,0,0,150675,150676
25007,8,1,0,0,177269,177270
25008,9,0,0,0,322017,0
25009,11,0,0,0,131168,131169
25010,9,0,0,0,322018,0
25011,9,0,0,0,322019,0
25012,2,1,0,0,176547,176548
25014,9,0,0,0,322020,0
25015,9,0,0,0,322021,0
25016,9,0,0,0,322022,0
25017,9,1,0,0,322023,0
25018,9,1,0,0,322024,0
25019,9,0,0,0,322025,0
25020,1,0,0,0,162307,162308
25022,6,1,0,0,136785,136786
25023,6,1,0,0,136787,136788
25024,4,0,0,0,174388,174389
25025,8,1,0,0,177267,177268
25026,3,0,0,0,322026,322027
25027,8,1,0,0,177265,177266
25028,8,1,0,0,177263,177264
25029,8,0,0,0,157625,157626
25030,8,0,0,0,157623,157624
25031,22,0,0,0,322028,0
25032,7,0,0,0,119409,119410
25033,10,1,0,0,209480,209481
25034,8,1,0,0,177261,177262
25035,8,0,0,0,157621,157622
25036,8,0,0,0,157619,157620
25037,1,1,0,0,135317,135318
25038,7,0,0,0,119407,119408
25039,7,0,0,0,119405,119406
25040,7,1,0,0,118714,118715
25041,1,0,0,0,162305,162306
25042,1,1,0,0,135319,135320
25043,1,0,0,0,162303,162304
25044,9,0,0,0,322029,0
25046,8,1,0,0,177259,177260
25047,8,1,0,0,177257,177258
25048,8,1,0,0,177255,177256
25049,8,1,0,0,177253,177254
25050,8,1,0,0,177251,177252
25051,8,1,0,0,177249,177250
25052,8,1,0,0,177247,177248
25053,8,1,0,0,177245,177246
25054,8,0,0,0,157617,157618
25055,8,0,0,0,157615,157616
25056,8,0,0,0,157613,157614
25057,8,0,0,0,157611,157612
25058,8,0,0,0,157609,157610
25059,8,0,0,0,157607,157608
25060,8,0,0,0,157605,157606
25061,8,0,0,0,157603,157604
25062,7,0,0,1,119403,119404
25063,22,0,0,1,322030,0
25064,11,0,0,1,131166,131167
25066,10,0,0,1,209919,209920
25067,2,0,0,1,170194,170195
25068,3,1,0,1,117899,117900
25069,4,1,0,1,143597,143598
25070,6,1,0,1,136789,136790
25071,8,1,0,1,177243,177244
25072,22,1,0,1,322031,0
25073,9,0,0,1,322032,0
25074,9,1,0,1,322033,0
25075,1,1,0,1,135321,135322
25076,1,0,0,1,162301,162302
25077,5,0,0,1,189953,189954
25078,5,1,0,1,189951,189952
25079,4,0,0,0,174386,174387
25080,4,1,0,0,143595,143596
25081,4,1,0,0,143593,143594
25082,10,0,0,0,209917,209918
25083,3,1,0,0,117901,117902
25084,3,0,0,0,322034,322035
25085,5,0,0,0,189949,189950
25086,5,1,0,0,189947,189948
25087,6,0,0,0,116114,116115
25089,8,0,6,0,157601,157602
25090,8,0,6,0,157599,157600
25091,8,0,6,0,157597,157598
25092,8,0,6,0,157595,157596
25093,8,0,0,0,157593,157594
25094,18,0,0,0,322036,0
25096,18,0,0,0,322037,0
25097,18,0,0,0,322038,0
25098,18,0,0,0,322039,0
25099,8,0,0,0,157591,157592
25100,8,1,0,0,177241,177242
25101,8,1,0,0,177239,177240
25102,8,1,0,0,177237,177238
25103,8,1,0,0,177235,177236
25104,8,0,0,0,157589,157590
25105,8,1,0,0,177233,177234
25106,8,0,0,0,157587,157588
25107,8,0,0,0,157585,157586
25108,8,0,0,0,157583,157584
25109,8,0,0,0,157581,157582
25110,8,0,0,0,157579,157580
25113,4,0,0,0,174384,174385
25114,4,1,0,0,143591,143592
25115,22,0,0,0,322040,0
25116,22,1,0,0,322041,0
25117,22,1,0,0,322042,0
25118,22,0,0,0,322043,0
25119,22,0,0,0,322044,0
25120,22,1,0,0,322045,0
25121,6,1,0,0,136791,136792
25122,6,0,0,0,116116,116117
25123,6,0,0,0,116118,116119
25124,6,0,0,0,116120,116121
25125,6,0,0,0,116122,116123
25126,6,0,0,0,116124,116125
25127,6,0,0,0,116126,116127
25129,6,1,0,0,136793,136794
25130,6,1,0,0,136795,136796
25131,4,0,0,0,174382,174383
25132,9,0,0,0,322046,0
25133,9,0,0,0,322047,0
25134,22,1,0,0,322048,0
25135,8,0,0,0,157577,157578
25136,1,1,0,0,135323,135324
25137,4,0,0,0,174380,174381
25138,3,0,0,0,322049,322050
25139,3,0,0,0,322051,322052
25144,6,0,0,0,116128,116129
25145,10,0,0,0,209915,209916
25146,5,0,0,0,189945,189946
25147,7,0,0,0,119401,119402
25148,10,1,0,0,209478,209479
25149,1,0,0,0,162299,162300
25150,5,1,0,0,189943,189944
25151,1,0,0,0,162297,162298
25152,4,0,0,0,174378,174379
25153,1,0,0,0,162295,162296
25154,1,1,0,0,135325,135326
25155,8,0,0,0,157575,157576
25156,8,0,0,0,157573,157574
25157,4,1,0,0,143589,143590
25158,4,0,0,0,174376,174377
25159,8,1,0,0,177231,177232
25160,8,1,0,0,177229,177230
25161,8,0,0,0,157571,157572
25162,8,0,0,0,157569,157570
25163,8,0,0,0,157567,157568
25164,8,0,0,0,157565,157566
25165,8,0,0,0,157563,157564
25166,8,0,0,0,157561,157562
25167,1,1,0,0,135327,135328
25168,21,0,0,0,322053,0
25172,21,0,0,0,322054,0
25179,21,0,0,0,322055,0
25183,21,0,0,0,322056,0
25187,21,0,0,0,322057,0
25188,21,0,0,0,322058,0
25189,21,0,0,0,322059,0
25190,21,0,0,0,322060,0
25191,5,1,0,0,189941,189942
25193,4,0,0,0,174374,174375
25195,18,0,0,0,322061,0
25196,18,0,0,0,322062,0
25197,18,0,0,0,322063,0
25198,18,0,0,0,322064,0
25199,18,0,0,0,322065,0
25200,8,1,0,0,177227,177228
25202,8,1,0,0,177225,177226
25203,8,1,0,0,177223,177224
25204,8,1,0,0,177221,177222
25205,9,0,0,0,322066,0
25206,6,0,0,0,116130,116131
25207,4,0,0,0,174372,174373
25208,9,0,0,0,322067,0
25209,1,1,0,0,135329,135330
25210,9,0,0,0,322068,0
25211,4,1,0,0,143587,143588
25212,8,1,0,0,177219,177220
25227,3,0,0,0,322069,322070
25228,9,0,0,0,322071,0
25246,22,1,0,0,322072,0
25247,22,1,0,0,322073,0
25250,3,0,0,0,322074,322075
25252,4,0,0,0,174370,174371
25253,4,0,0,0,174368,174369
25254,4,1,0,0,143585,143586
25255,4,0,0,0,174366,174367
25256,10,0,0,0,209913,209914
25257,10,0,0,0,209911,209912
25258,10,0,0,0,209909,209910
25259,10,0,0,0,209907,209908
25263,4,0,0,0,174364,174365
25264,10,1,0,0,209476,209477
25265,4,1,0,0,143583,143584
25268,3,0,0,0,322076,322077
25269,1,1,0,0,135331,135332
25270,1,0,0,0,162293,162294
25271,3,1,0,0,117903,117904
25272,1,1,0,0,135333,135334
25273,3,0,0,0,322078,322079
25274,1,0,0,0,162291,162292
25275,1,1,0,0,135335,135336
25278,5,1,0,0,126742,126743
25279,3,1,0,0,117905,117906
25280,1,0,0,0,162289,162290
25281,1,0,0,0,162287,162288
25287,5,1,0,0,189939,189940
25288,7,0,0,0,119399,119400
25289,7,0,0,0,119397,119398
25290,1,1,0,0,135337,135338
25294,1,1,0,0,0,135340
25297,4,0,0,0,174362,174363
25298,4,0,0,0,174360,174361
25299,4,0,0,0,174358,174359
25300,4,0,0,0,174356,174357
25301,4,0,0,0,174354,174355
25305,1,0,0,0,162285,162286
25306,10,1,0,0,209474,209475
25307,1,1,0,0,135341,135342
25308,11,1,0,0,150677,150678
25309,4,0,0,0,174352,174353
25310,4,1,0,0,143581,143582
25312,4,0,0,0,174350,174351
25313,5,1,0,0,189937,189938
25315,4,1,0,0,143579,143580
25316,4,0,0,0,174348,174349
25318,4,1,0,0,143577,143578
25319,4,0,0,0,174346,174347
25320,1,1,0,0,135343,135344
25321,1,1,0,0,135345,135346
25322,5,1,0,0,189935,189936
25324,5,1,0,0,189933,189934
25325,1,1,0,0,135347,135348
25326,2,1,0,0,176545,176546
25327,1,1,0,0,135349,135350
25328,4,1,0,0,143575,143576
25329,4,0,0,0,174344,174345
25330,4,1,0,0,143573,143574
25331,4,1,0,0,143571,143572
25332,4,0,0,0,174342,174343
25333,4,0,0,0,174340,174341
25334,4,1,0,0,143569,143570
25335,6,0,0,0,116132,116133
25336,6,1,0,0,136797,136798
25337,4,1,0,0,143567,143568
25339,4,1,0,0,143565,143566
25341,8,0,0,0,157559,157560
25342,1,0,0,0,162283,162284
25344,1,0,0,0,162281,162282
25345,1,0,0,0,162279,162280
25346,1,0,0,0,162277,162278
25347,1,0,0,0,162275,162276
25349,1,1,0,0,135351,135352
25350,1,1,0,0,135353,135354
25351,1,0,0,0,0,162274
25355,5,0,0,0,189931,189932
25356,2,0,0,0,170192,170193
25357,10,0,0,0,209905,209906
25358,4,0,0,0,174338,174339
25359,4,0,0,0,174336,174337
25362,1,0,0,0,162271,162272
25363,1,0,0,0,162269,162270
25364,1,0,0,0,162267,162268
25365,1,0,0,0,162265,162266
25366,1,0,0,0,162263,162264
25367,1,0,0,0,162261,162262
25368,1,0,0,0,162259,162260
25369,1,0,0,0,162257,162258
25372,1,0,0,0,162255,162256
25373,1,1,0,0,135355,135356
25374,1,1,0,0,135357,135358
25375,1,0,0,0,162253,162254
25376,4,0,0,0,174334,174335
25377,1,1,0,0,135359,135360
25378,4,0,0,0,174332,174333
25379,4,0,0,0,174330,174331
25380,4,1,0,0,143563,143564
25382,1,1,0,0,135361,135362
25383,11,1,0,0,150679,150680
25384,1,0,0,0,162251,162252
25386,22,1,0,0,322080,0
25388,3,0,0,0,322081,322082
25389,22,0,0,0,322083,0
25391,8,1,0,0,177217,177218
25392,2,1,0,0,176543,176544
25393,6,0,0,0,116134,116135
25394,5,0,0,0,189929,189930
25395,10,1,0,0,209472,209473
25396,5,1,0,0,189927,189928
25398,2,0,0,0,170190,170191
25399,4,0,0,0,0,174329
25400,4,1,0,0,143561,143562
25402,1,1,0,0,135363,135364
25411,7,1,0,0,118712,118713
25412,7,0,0,0,119395,119396
25413,1,0,0,0,162249,162250
25414,9,0,0,0,322084,0
25415,10,0,0,0,209903,209904
25416,1,0,0,0,162247,162248
25417,4,0,0,0,174326,174327
25418,4,0,0,0,174324,174325
25419,4,1,0,0,143559,143560
25420,4,1,0,0,143557,143558
25421,4,1,0,0,143555,143556
25424,4,0,0,0,174322,174323
25425,6,1,0,0,136799,136800
25426,9,0,0,0,322085,0
25441,8,0,0,0,157557,157558
25442,8,1,0,0,177215,177216
25443,22,0,0,0,322086,0
25444,22,1,0,0,322087,0
25445,4,0,0,0,174320,174321
25446,4,1,0,0,143553,143554
25447,6,0,0,0,116136,116137
25448,6,1,0,0,130470,130471
25449,7,0,0,0,0,119394
25450,7,0,0,0,0,119392
25451,7,0,0,0,0,119390
25452,7,0,0,0,0,119388
25453,1,0,0,0,162245,162246
25454,4,1,0,0,143551,143552
25455,3,0,0,0,322088,322089
25456,2,1,0,0,176541,176542
25458,1,1,0,0,135365,135366
25459,4,0,0,0,174318,174319
25460,3,0,0,0,322090,322091
25461,3,0,0,0,322092,322093
25462,3,0,0,0,322094,322095
25463,7,0,0,0,119385,119386
25464,7,0,0,0,119383,119384
25465,7,1,0,0,118710,118711
25466,7,1,0,0,118708,118709
25467,11,1,0,0,150681,150682
25468,11,1,0,0,150683,150684
25469,1,0,0,0,162243,162244
25470,1,0,0,0,162241,162242
25472,1,0,0,0,162239,162240
25473,1,0,0,0,162237,162238
25474,1,0,0,0,162235,162236
25475,1,1,0,0,135367,135368
25476,1,0,0,0,162233,162234
25477,1,0,0,0,162231,162232
25478,1,0,0,0,162229,162230
25479,3,0,0,0,322096,322097
25480,11,0,0,0,131164,131165
25481,1,0,0,0,162227,162228
25482,1,0,0,0,162225,162226
25483,1,1,0,0,135369,135370
25484,1,1,0,0,135371,135372
25485,1,0,0,0,162223,162224
25486,1,1,0,0,135373,135374
25487,3,0,0,0,322098,322099
25488,3,0,0,0,322100,322101
25493,4,1,0,0,143549,143550
25494,4,1,0,0,143547,143548
25495,4,1,0,0,143545,143546
25496,4,1,0,0,143543,143544
25497,4,0,0,0,174316,174317
25498,4,1,0,0,143541,143542
25499,4,1,0,0,143539,143540
25504,4,1,0,0,143537,143538
25505,4,1,0,0,143535,143536
25506,1,1,0,0,135375,135376
25507,3,0,0,0,322102,322103
25508,3,0,0,0,322104,322105
25509,1,1,0,0,135377,135378
25512,4,0,0,0,174314,174315
25513,4,0,0,0,0,174313
25514,4,0,0,0,174310,174311
25518,1,0,0,0,162221,162222
25519,1,0,0,0,162219,162220
25520,9,0,0,0,322106,0
25521,9,0,0,0,322107,0
25522,17,0,0,0,322108,0
25523,17,0,0,0,322109,0
25524,17,0,0,0,322110,0
25528,3,0,0,0,322111,322112
25529,10,0,0,0,209901,209902
25530,4,1,0,0,143533,143534
25531,4,0,0,0,174308,174309
25532,10,1,0,0,209470,209471
25533,3,0,0,0,322113,322114
25534,6,0,0,0,116138,116139
25535,10,0,0,0,209899,209900
25536,3,0,0,0,322115,322116
25537,9,1,0,0,322117,0
25538,9,0,0,0,322118,0
25539,10,1,0,0,209468,209469
25540,2,1,0,0,176539,176540
25541,8,0,0,0,0,157556
25542,7,1,0,0,118706,118707
25543,4,0,0,0,174306,174307
25544,5,1,0,0,185049,185050
25545,1,0,0,0,162217,162218
25546,4,1,0,0,143531,143532
25547,9,0,0,0,322119,0
25548,2,0,0,0,170188,170189
25549,1,0,0,0,162215,162216
25550,1,1,0,0,135379,135380
25551,2,1,0,0,176537,176538
25552,1,1,0,0,135381,135382
25553,1,1,0,0,135383,135384
25554,7,1,0,0,118704,118705
25555,11,0,0,0,131162,131163
25556,2,1,0,0,176535,176536
25557,1,1,0,0,135385,135386
25558,3,0,0,0,322120,322121
25559,3,0,0,0,322122,322123
25560,3,0,0,0,322124,322125
25561,3,0,0,0,322126,322127
25562,4,0,0,0,174304,174305
25563,4,1,0,0,143529,143530
25564,4,1,0,0,143527,143528
25565,11,1,0,0,150685,150686
25566,8,1,0,0,177213,177214
25567,1,0,0,0,162213,162214
25568,10,1,0,0,209466,209467
25569,5,0,0,0,189925,189926
25570,4,0,0,0,174302,174303
25571,6,0,0,0,116140,116141
25572,2,0,0,0,170186,170187
25573,7,0,0,0,119381,119382
25574,3,0,0,0,322128,322129
25575,9,0,0,0,322130,0
25578,22,0,0,0,322131,0
25579,3,0,0,0,322132,322133
25580,8,0,0,0,157553,157554
25581,1,1,0,0,135387,135388
25582,6,1,0,0,136801,136802
25583,11,0,0,0,131160,131161
25584,10,0,0,0,209897,209898
25585,8,0,0,0,157551,157552
25586,9,1,0,0,322134,0
25587,10,1,0,0,209464,209465
25588,10,1,0,0,209462,209463
25589,2,0,0,0,170184,170185
25590,4,0,0,0,174300,174301
25591,4,0,0,0,174298,174299
25594,1,1,0,0,135389,135390
25595,1,1,0,0,135391,135392
25598,4,1,0,0,143525,143526
25600,4,0,0,0,174296,174297
25601,1,0,0,0,162211,162212
25602,4,0,0,0,174294,174295
25603,9,0,0,0,322135,0
25605,4,1,0,0,143523,143524
25606,4,0,0,0,174292,174293
25607,4,0,0,0,174290,174291
25608,4,0,0,0,174288,174289
25610,5,1,0,0,185047,185048
25611,1,0,0,0,162209,162210
25623,1,0,0,0,162207,162208
25624,1,0,0,0,162205,162206
25625,22,0,0,0,322136,0
25626,3,0,0,0,322137,322138
25630,3,1,0,0,117907,117908
25631,3,0,0,0,322139,322140
25632,3,0,0,0,322141,322142
25633,3,0,0,0,322143,322144
25635,1,0,0,0,162203,162204
25638,1,0,0,0,162201,162202
25639,22,0,0,0,322145,0
25640,3,0,0,0,322146,322147
25641,2,0,0,0,170182,170183
25644,2,0,0,0,170180,170181
25645,2,0,0,0,170178,170179
25646,5,1,0,0,189923,189924
25647,5,0,0,0,0,189922
25650,2,0,0,0,0,170177
25651,5,1,0,0,189919,189920
25654,4,0,0,0,174286,174287
25655,1,0,0,0,162199,162200
25656,22,1,0,0,322148,0
25657,9,1,0,0,322149,0
25658,9,1,0,0,322150,0
25659,9,0,0,0,322151,0
25660,7,1,0,0,118702,118703
25661,7,0,0,0,119379,119380
25664,2,1,0,0,176533,176534
25665,10,1,0,0,209460,209461
25668,10,0,0,0,209895,209896
25669,10,0,0,0,209892,209893
25670,10,0,0,0,209890,209891
25671,10,0,0,0,209888,209889
25677,1,0,0,0,162197,162198
25678,1,1,0,0,135393,135394
25679,1,0,0,0,162195,162196
25682,1,0,0,0,162193,162194
25683,10,0,0,0,209886,209887
25684,6,0,0,0,116142,116143
25685,6,0,0,0,116144,116145
25688,1,0,0,0,162191,162192
25689,1,1,0,0,135395,135396
25690,1,1,0,0,135397,135398
25691,10,1,0,0,209458,209459
25692,1,1,0,0,135399,135400
25699,6,0,0,0,116147,116148
25704,1,1,0,0,135401,135402
25705,24,0,0,0,322152,0
25706,9,0,0,0,322153,0
25709,16,0,0,0,253901,0
25710,2,0,0,0,170174,170175
25711,1,1,0,0,135403,135404
25722,24,0,0,0,322154,0
25723,5,0,0,0,126880,126881
25726,25,0,0,0,322155,0
25727,24,0,0,0,322156,0
25728,24,0,0,0,322157,0
25729,24,0,0,0,322158,0
25730,24,0,0,0,322159,0
25731,24,0,0,0,322160,0
25732,24,0,0,0,322161,0
25733,24,0,0,0,322162,0
25734,24,0,0,0,322163,0
25735,24,0,0,0,322164,0
25736,24,0,0,0,322165,0
25737,24,0,0,0,322166,0
25738,24,0,0,0,322167,0
25739,24,0,0,0,322168,0
25740,24,0,0,0,322169,0
25741,24,0,0,0,322170,0
25742,24,0,0,0,322171,0
25743,24,0,0,0,322172,0
25744,24,0,0,0,322173,0
25745,25,0,0,0,322174,0
25746,25,0,0,0,322175,0
25747,25,0,0,0,322176,0
25749,25,0,0,0,322177,0
25750,24,0,0,0,322178,0
25751,26,0,0,0,322179,0
25752,24,0,0,0,322180,0
25753,1,0,0,0,162189,162190
25754,1,1,0,0,135405,135406
25758,6,1,0,0,136803,136804
25759,25,0,0,0,322181,0
25761,4,0,0,0,174284,174285
25764,2,0,0,0,170172,170173
25765,2,1,0,0,176531,176532
25766,6,0,0,0,116149,116150
25767,4,1,0,0,143521,143522
25768,10,1,0,0,209456,209457
25769,10,0,0,0,209884,209885
25770,25,0,0,0,322182,0
25771,24,0,0,0,322183,0
25772,24,0,0,0,322184,0
25773,24,0,0,0,322185,0
25774,24,0,0,0,322186,0
25775,25,0,0,0,322187,0
25776,24,0,0,0,322188,0
25777,24,0,0,0,322189,0
25778,24,0,0,0,322190,0
25779,24,0,0,0,322191,0
25780,24,0,0,0,322192,0
25781,24,0,0,0,322193,0
25782,24,0,0,0,322194,0
25783,24,0,0,0,322195,0
25784,24,0,0,0,322196,0
25785,24,0,0,0,322197,0
25786,24,0,0,0,322198,0
25787,24,0,0,0,322199,0
25788,24,0,0,0,322200,0
25789,24,0,0,0,322201,0
25790,24,0,0,0,322202,0
25791,24,0,0,0,322203,0
25792,24,0,0,0,322204,0
25793,24,0,0,0,322205,0
25794,24,0,0,0,322206,0
25795,24,0,0,0,322207,0
25796,24,0,0,0,322208,0
25797,24,0,0,0,322209,0
25798,24,0,0,0,322210,0
25799,24,0,0,0,322211,0
25800,24,0,0,0,322212,0
25801,24,0,0,0,322213,0
25802,24,0,0,0,322214,0
25803,24,0,0,0,322215,0
25804,24,0,0,0,322216,0
25805,24,0,0,0,322217,0
25806,24,0,0,0,322218,0
25807,24,0,0,0,322219,0
25808,24,0,0,0,322220,0
25809,24,0,0,0,322221,0
25810,24,0,0,0,322222,0
25811,24,0,0,0,322223,0
25812,24,0,0,0,322224,0
25813,24,0,0,0,322225,0
25814,24,0,0,0,322226,0
25815,24,0,0,0,322227,0
25816,24,0,0,0,322228,0
25817,24,0,0,0,322229,0
25818,24,0,0,0,322230,0
25819,24,0,0,0,322231,0
25820,24,0,0,0,322232,0
25821,24,0,0,0,322233,0
25822,24,0,0,0,322234,0
25823,24,0,0,0,322235,0
25824,24,0,0,0,322236,0
25825,24,0,0,0,322237,0
25826,24,0,0,0,322238,0
25827,24,0,0,0,322239,0
25828,24,0,0,0,322240,0
25829,24,0,0,0,322241,0
25830,24,0,0,0,322242,0
25832,24,0,0,0,322243,0
25833,24,0,0,0,322244,0
25834,24,0,0,0,322245,0
25835,24,0,0,0,322246,0
25836,24,0,0,0,322247,0
25837,24,0,0,0,322248,0
25838,24,0,0,0,322249,0
25839,24,0,0,0,322250,0
25840,24,0,0,0,322251,0
25841,25,0,0,0,322252,0
25842,24,0,0,0,322253,0
25843,25,0,0,0,322254,0
25854,24,0,0,0,322255,0
25855,24,0,0,0,322256,0
25856,24,0,0,0,322257,0
25857,24,0,0,0,322258,0
25858,24,1,0,0,322259,0
25859,24,1,0,0,322260,0
25860,24,0,0,0,322261,0
25861,24,0,0,0,322262,0
25863,25,0,0,0,322263,0
25864,24,0,0,0,322264,0
25865,24,0,0,0,322265,0
25866,24,0,0,0,322266,0
25867,24,0,0,0,322267,0
25868,24,0,0,0,322268,0
25869,24,0,0,0,322269,0
25870,24,0,0,0,322270,0
25872,24,0,0,0,322271,0
25873,25,0,0,0,322272,0
25874,26,0,0,0,322273,0
25875,24,0,0,0,322274,0
25876,24,0,0,0,322275,0
25877,24,0,0,0,322276,0
25878,24,0,0,0,322277,0
25879,24,0,0,0,322278,0
25880,24,0,0,0,322279,0
25881,24,0,0,0,322280,0
25882,24,0,0,0,322281,0
25883,24,0,0,0,322282,0
25884,24,0,0,0,322283,0
25885,24,0,0,0,322284,0
25886,24,0,0,0,322285,0
25887,24,0,0,0,322286,0
25888,24,0,0,0,322287,0
25889,24,0,0,0,322288,0
25890,24,0,0,0,322289,0
25891,24,0,0,0,322290,0
25892,24,0,0,0,322291,0
25893,24,0,0,0,322292,0
25894,24,0,0,0,322293,0
25895,24,0,0,0,322294,0
25896,24,0,0,0,322295,0
25897,24,0,0,0,322296,0
25898,24,0,0,0,322297,0
25899,24,0,0,0,322298,0
25900,24,0,0,0,322299,0
25901,24,0,0,0,322300,0
25902,24,0,0,0,322301,0
25903,24,0,0,0,322302,0
25904,24,0,0,0,322303,0
25905,24,0,0,0,322304,0
25906,24,0,0,0,322305,0
25907,24,0,0,0,322306,0
25908,24,0,0,0,322307,0
25909,24,0,0,0,322308,0
25910,24,0,0,0,322309,0
25911,24,0,0,0,322310,0
25912,24,0,0,0,322311,0
25913,24,0,0,0,322312,0
25914,24,0,0,0,322313,0
25915,24,0,0,0,322314,0
25916,24,0,0,0,322315,0
25917,24,0,0,0,322316,0
25918,24,0,0,0,322317,0
25919,24,0,0,0,322318,0
25920,24,0,0,0,322319,0
25921,24,0,0,0,322320,0
25922,24,0,0,0,322321,0
25923,24,0,0,0,322322,0
25924,24,0,0,0,322323,0
25925,24,0,0,0,322324,0
25926,24,0,0,0,322325,0
25927,24,1,0,0,322326,0
25928,24,0,0,0,322327,0
25929,24,0,0,0,322328,0
25930,24,0,0,0,322329,0
25931,24,0,0,0,322330,0
25932,24,0,0,0,322331,0
25933,24,0,0,0,322332,0
25934,24,0,0,0,322333,0
25935,24,0,0,0,322334,0
25936,24,0,0,0,322335,0
25937,24,0,0,0,322336,0
25938,24,0,0,0,322337,0
25939,24,0,0,0,322338,0
25940,24,0,0,0,322339,0
25941,24,0,0,0,322340,0
25942,24,0,0,0,322341,0
25943,24,0,0,0,322342,0
25944,24,0,0,0,322343,0
25945,24,0,0,0,322344,0
25946,24,0,0,0,322345,0
25947,24,0,0,0,322346,0
25948,24,0,0,0,322347,0
25949,24,0,0,0,322348,0
25950,24,0,0,0,322349,0
25953,10,1,0,0,209454,209455
25956,24,0,0,0,322350,0
25961,24,0,0,0,322351,0
25965,24,0,0,0,322352,0
25968,24,0,0,0,322353,0
25971,7,0,0,0,119377,119378
25973,1,1,0,0,135407,135408
25974,1,1,0,0,135409,135410
25975,1,1,0,0,135411,135412
25976,1,1,0,0,135413,135414
25977,1,0,0,0,162187,162188
25978,1,0,0,0,162185,162186
25979,22,0,0,0,322354,0
25980,22,0,0,0,322355,0
25981,22,0,0,0,322356,0
25982,22,1,0,0,322357,0
25983,24,0,0,0,322358,0
25984,1,0,0,0,162183,162184
25985,24,0,0,0,322359,0
25986,24,0,0,0,322360,0
25987,24,0,0,0,322361,0
25988,24,0,0,0,322362,0
25989,24,0,0,0,322363,0
25990,24,0,0,0,322364,0
25991,24,0,0,0,322365,0
25992,24,0,0,0,322366,0
25993,24,0,0,0,322367,0
25994,24,0,0,0,322368,0
25995,24,0,0,0,322369,0
25996,24,0,0,0,322370,0
25997,24,0,0,0,322371,0
25998,24,1,0,0,322372,0
25999,1,1,0,0,135415,135416
26000,2,0,0,0,170170,170171
26001,24,1,0,0,322373,0
26002,9,0,0,0,654377,0
26003,7,0,0,0,119375,119376
26004,6,1,0,0,136805,136806
26005,1,0,0,0,162181,162182
26006,1,1,0,0,135417,135418
26007,8,1,0,0,177211,177212
26008,2,0,0,0,170168,170169
26009,1,1,0,0,135419,135420
26010,9,0,0,0,322375,0
26011,22,1,0,0,322376,0
26012,1,1,0,0,135421,135422
26013,6,0,0,0,116151,116152
26016,24,0,0,0,322377,0
26017,24,0,0,0,322378,0
26018,24,0,0,0,322379,0
26019,24,0,0,0,322380,0
26022,24,0,0,0,322381,0
26023,24,0,0,0,322382,0
26024,24,0,0,0,322383,0
26025,24,0,0,0,322384,0
26026,24,0,0,0,322385,0
26027,24,0,0,0,322386,0
26028,24,0,0,0,322387,0
26029,24,0,0,0,322388,0
26031,24,0,0,0,322389,0
26032,24,0,0,0,322390,0
26033,24,0,0,0,322391,0
26034,24,0,0,0,322392,0
26039,16,0,0,0,253900,0
26050,24,0,0,0,322393,0
26055,24,0,0,0,322394,0
26056,1,1,0,0,135423,135424
26057,10,1,0,0,209452,209453
26058,24,0,0,0,322395,0
26061,24,1,0,0,322396,0
26062,24,0,0,0,322397,0
26063,24,0,0,0,322398,0
26064,24,0,0,0,322399,0
26065,24,0,0,0,322400,0
26066,24,0,0,0,322401,0
26067,24,0,0,0,322402,0
26070,24,0,0,0,322403,0
26072,24,0,0,0,322404,0
26073,24,0,0,0,322405,0
26074,24,1,0,0,322406,0
26075,24,1,0,0,322407,0
26076,24,0,0,0,322408,0
26077,24,0,0,0,322409,0
26078,24,1,0,0,322410,0
26079,24,1,0,0,322411,0
26080,24,0,0,0,322412,0
26081,24,0,0,0,322413,0
26082,3,1,0,0,0,117910
26084,24,0,0,0,322414,0
26085,24,0,0,0,322415,0
26086,24,0,0,0,322416,0
26087,24,1,0,0,322417,0
26088,24,1,0,0,322418,0
26089,24,1,0,0,322419,0
26090,24,0,0,0,322420,0
26091,24,1,0,0,322421,0
26092,24,1,0,0,322422,0
26094,24,1,0,0,322423,0
26098,24,0,0,0,322424,0
26099,24,1,0,0,322425,0
26101,24,0,0,0,322426,0
26105,6,0,0,0,116153,116154
26106,6,0,0,0,116155,116156
26109,4,0,0,0,174282,174283
26110,6,0,0,0,116157,116158
26111,6,1,0,0,136807,136813
26112,9,1,0,0,322427,0
26115,4,0,0,0,174280,174281
26116,1,0,0,0,162179,162180
26117,9,1,0,0,322428,0
26118,2,0,0,0,170166,170167
26119,1,0,0,0,162177,162178
26120,24,0,0,0,322429,0
26121,24,0,0,0,322430,0
26122,24,0,0,0,322431,0
26123,24,0,0,0,322432,0
26124,24,0,0,0,322433,0
26125,1,0,0,0,162175,162176
26126,24,0,0,0,322434,0
26127,7,0,0,0,119373,119374
26129,24,0,0,0,322435,0
26130,24,0,0,0,322436,0
26131,24,0,0,0,322437,0
26132,24,0,0,0,322438,0
26133,24,0,0,0,322439,0
26134,24,0,0,0,322440,0
26135,24,0,0,0,322441,0
26136,24,0,0,0,322442,0
26137,24,0,0,0,322443,0
26138,24,0,0,0,322444,0
26139,24,0,0,0,322445,0
26140,24,0,0,0,322446,0
26141,24,1,0,0,322447,0
26142,24,0,0,0,322448,0
26143,24,0,0,0,322449,0
26144,24,0,0,0,322450,0
26145,24,0,0,0,322451,0
26146,6,1,0,0,136815,136816
26147,6,0,0,0,116159,116160
26148,6,1,0,0,136817,136818
26149,6,0,0,0,116161,116162
26150,24,0,0,0,322452,0
26152,24,0,0,0,322453,0
26153,10,1,0,0,209450,209451
26158,1,0,0,0,162173,162174
26159,24,0,0,0,322454,0
26161,25,0,0,0,322455,0
26162,6,0,6,0,116163,116164
26164,24,0,0,0,322456,0
26171,24,0,0,0,322457,0
26172,24,0,0,0,322458,0
26173,24,0,0,0,322459,0
26174,24,0,0,0,322460,0
26175,24,0,0,0,322461,0
26176,24,0,0,0,322462,0
26177,24,0,0,0,322463,0
26178,24,0,0,0,322464,0
26179,1,0,0,0,162171,162172
26180,24,0,0,0,322465,0
26181,1,0,0,0,162169,162170
26183,24,0,0,0,322466,0
26187,24,0,0,0,322467,0
26188,6,1,0,0,136819,136820
26189,24,0,0,0,322468,0
26190,24,0,0,0,322469,0
26191,24,0,0,0,322470,0
26194,1,0,0,0,162167,162168
26195,24,0,0,0,322471,0
26196,1,0,0,0,162165,162166
26197,24,0,0,0,322472,0
26198,24,0,0,0,322473,0
26199,24,1,0,0,322474,0
26200,24,0,0,0,322475,0
26201,24,0,0,0,322476,0
26202,24,0,0,0,322477,0
26203,24,0,0,0,322478,0
26204,24,0,0,0,322479,0
26205,24,0,0,0,322480,0
26206,24,1,0,0,322481,0
26207,2,1,0,0,176529,176530
26208,24,1,0,0,322482,0
26209,24,1,0,0,322483,0
26210,24,0,0,0,322484,0
26211,24,1,0,0,322485,0
26212,24,0,0,0,322486,0
26213,5,1,0,0,189917,189918
26214,24,0,0,0,322487,0
26215,24,0,0,0,322488,0
26216,24,0,0,0,322489,0
26217,24,0,0,0,322490,0
26218,24,0,0,0,322491,0
26219,24,0,0,0,322492,0
26220,24,0,0,0,322493,0
26221,4,1,0,0,143519,143520
26222,10,0,0,0,209882,209883
26223,4,0,0,0,174278,174279
26224,24,0,0,0,322494,0
26225,1,1,0,0,135425,135426
26226,1,0,6,0,162163,162164
26228,9,0,0,0,322495,0
26230,3,1,0,0,117911,117912
26231,4,1,0,0,143517,143518
26232,4,1,0,0,143515,143516
26233,4,1,0,0,143513,143514
26234,4,1,0,0,143511,143512
26235,4,1,0,0,143509,143510
26237,24,0,0,0,322496,0
26239,6,1,0,0,136821,136822
26240,1,0,0,0,162161,162162
26241,1,1,0,0,135427,135428
26242,24,0,0,0,322497,0
26243,1,1,0,0,135429,135430
26244,10,1,6,0,209448,209449
26245,1,0,0,0,162159,162160
26246,24,0,0,0,322498,0
26247,1,0,0,0,162157,162158
26248,3,0,0,0,322499,322500
26249,1,1,0,0,135431,135432
26250,10,0,0,0,209880,209881
26251,24,0,0,0,322501,0
26252,2,0,0,0,170164,170165
26253,2,0,0,0,170162,170163
26254,2,0,0,0,170160,170161
26255,1,0,0,0,162155,162156
26256,2,0,0,0,170158,170159
26257,1,0,0,0,162153,162154
26258,1,0,0,0,162151,162152
26259,1,0,0,0,162149,162150
26260,1,0,0,0,162147,162148
26261,1,0,0,0,162145,162146
26262,1,0,0,0,162143,162144
26263,1,0,0,0,162141,162142
26266,1,0,0,0,162139,162140
26267,1,0,0,0,162137,162138
26268,1,0,0,0,162135,162136
26269,1,0,0,0,162133,162134
26270,1,1,0,0,135433,135434
26271,1,1,0,0,135435,135436
26272,1,1,0,0,135437,135438
26273,1,1,0,0,135439,135440
26274,1,1,0,0,135441,135442
26275,6,1,0,0,136823,136824
26276,1,1,0,0,135443,135444
26277,24,0,0,0,322502,0
26278,24,0,0,0,322503,0
26279,24,1,0,0,322504,0
26280,24,1,0,0,322505,0
26281,24,1,0,0,322506,0
26282,24,0,0,0,322507,0
26283,24,1,0,0,322508,0
26284,24,0,0,0,322509,0
26285,24,0,0,0,322510,0
26286,24,0,0,0,322511,0
26287,24,0,0,0,322512,0
26288,24,0,0,0,322513,0
26289,24,0,0,0,322514,0
26290,24,0,0,0,322515,0
26291,24,0,0,0,322516,0
26292,24,0,0,0,322517,0
26293,24,1,0,0,322518,0
26294,24,1,0,0,322519,0
26295,1,0,0,0,162131,162132
26296,1,0,0,0,162129,162130
26297,1,0,0,0,162127,162128
26298,1,0,0,0,162125,162126
26302,24,0,0,0,322520,0
26303,24,1,0,0,322521,0
26304,24,0,0,0,322522,0
26305,6,1,0,0,136825,136826
26306,6,0,0,0,116165,116166
26307,4,0,0,0,174276,174277
26308,4,0,0,0,174274,174275
26309,4,1,0,0,143507,143508
26310,10,0,0,0,209878,209879
26311,10,1,0,0,209446,209447
26312,24,0,0,0,322523,0
26313,24,1,0,0,322524,0
26314,24,1,0,0,322525,0
26315,4,0,0,0,174272,174273
26316,24,0,0,0,322526,0
26317,24,0,0,0,322527,0
26318,24,0,0,0,322528,0
26319,24,0,0,0,322529,0
26322,1,0,0,0,162123,162124
26323,4,0,0,0,174270,174271
26324,24,0,0,0,322530,0
26325,24,0,0,0,322531,0
26326,24,0,0,0,322532,0
26327,24,0,0,0,322533,0
26328,1,1,0,0,135445,135446
26333,5,1,0,0,185045,185046
26334,7,1,0,0,118700,118701
26335,10,1,0,0,209444,209445
26336,24,0,0,0,322534,0
26337,1,0,0,0,162121,162122
26338,1,1,0,0,135447,135448
26339,24,0,0,0,322535,0
26340,24,0,0,0,322536,0
26342,24,0,0,0,322537,0
26343,24,1,0,0,322538,0
26344,24,0,0,0,322539,0
26345,1,1,0,0,135449,135450
26346,1,0,0,0,162119,162120
26347,1,0,0,0,162117,162118
26348,1,0,0,0,162115,162116
26349,1,1,0,0,135451,135452
26353,6,0,0,0,116167,116168
26354,1,0,0,0,162113,162114
26355,1,1,0,0,135453,135454
26356,1,0,0,0,162111,162112
26357,1,0,0,0,162109,162110
26358,1,0,0,0,162107,162108
26359,1,0,0,0,162105,162106
26360,1,0,0,0,162103,162104
26361,24,1,0,0,322540,0
26362,24,0,0,0,322541,0
26363,1,0,0,0,162101,162102
26364,1,1,0,0,135455,135456
26365,20,0,0,0,322542,0
26366,1,0,0,0,162099,162100
26367,1,1,0,0,135457,135458
26368,1,0,0,0,162097,162098
26369,1,0,0,0,162095,162096
26370,24,0,0,0,322543,0
26371,24,0,0,0,322544,0
26372,24,0,0,0,322545,0
26373,5,0,0,0,185043,185044
26374,24,1,0,0,322546,0
26375,24,0,0,0,322547,0
26376,1,0,0,0,0,162094
26377,9,0,0,0,322548,0
26378,10,0,6,0,209876,209877
26379,5,0,0,0,185041,185042
26380,24,0,0,0,322549,0
26381,24,0,0,0,322550,0
26382,24,0,0,0,322551,0
26383,24,1,0,0,322552,0
26384,24,0,0,0,322553,0
26385,1,0,0,0,162091,162092
26386,1,1,0,0,135459,135460
26389,20,0,0,0,322554,0
26390,24,0,0,0,322555,0
26391,24,0,0,0,322556,0
26392,1,1,0,0,135461,135462
26393,1,0,0,0,162089,162090
26394,24,0,0,0,322557,0
26395,24,0,0,0,322558,0
26396,24,0,0,0,322559,0
26397,24,0,0,0,322560,0
26398,24,0,0,0,322561,0
26399,1,0,0,0,162087,162088
26400,1,1,0,0,135463,135464
26401,1,0,0,0,162085,162086
26402,1,1,0,0,135465,135466
26403,24,0,0,0,322562,0
26404,24,1,0,0,322563,0
26405,1,1,0,0,135467,135468
26406,1,0,0,0,162083,162084
26407,24,0,0,0,322564,0
26408,24,1,0,0,322565,0
26409,24,0,0,0,322566,0
26410,24,0,0,0,322567,0
26411,24,0,0,0,322568,0
26412,24,0,0,0,322569,0
26413,1,0,0,0,162081,162082
26416,1,0,0,0,162079,162080
26417,24,0,0,0,322570,0
26418,24,0,0,0,322571,0
26419,24,0,0,0,322572,0
26450,24,0,0,0,322573,0
26451,24,0,0,0,322574,0
26452,24,0,0,0,322575,0
26453,24,0,0,0,322576,0
26454,24,0,0,0,322577,0
26455,24,0,0,0,322578,0
26456,24,0,0,0,322579,0
26461,24,0,0,0,322580,0
26462,24,0,0,0,322581,0
26469,1,0,0,0,162077,162078
26470,1,1,0,0,135469,135470
26473,24,1,0,0,322582,0
26474,24,0,0,0,322583,0
26475,24,0,0,0,322584,0
26476,24,0,0,0,322585,0
26478,24,0,0,0,322586,0
26479,24,0,0,0,322587,0
26480,24,0,0,0,322588,0
26481,24,0,0,0,322589,0
26482,2,1,0,0,155724,155725
26483,24,1,0,0,322590,0
26484,24,1,0,0,322591,0
26485,24,1,0,0,322592,0
26486,24,1,0,0,322593,0
26487,24,1,0,0,322594,0
26488,24,0,0,0,322595,0
26489,24,0,0,0,322596,0
26490,24,0,0,0,322597,0
26491,24,0,0,0,322598,0
26492,24,0,0,0,322599,0
26493,24,1,0,0,322600,0
26494,24,0,0,0,322601,0
26495,24,0,0,0,322602,0
26496,21,0,0,0,322603,0
26498,24,0,0,0,322604,0
26499,24,0,0,0,322605,0
26500,24,0,0,0,322606,0
26501,24,0,0,0,322607,0
26502,24,0,0,0,322608,0
26503,24,0,0,0,322609,0
26504,24,0,0,0,322610,0
26505,24,0,0,0,322611,0
26506,24,1,0,0,322612,0
26507,24,0,0,0,322613,0
26511,24,0,0,0,322614,0
26512,24,0,0,0,322615,0
26513,24,0,0,0,322616,0
26514,24,0,0,0,322617,0
26515,24,0,0,0,322618,0
26516,24,0,0,0,322619,0
26517,24,0,0,0,322620,0
26518,24,0,0,0,322621,0
26519,24,0,0,0,322622,0
26520,1,0,0,0,162075,162076
26521,24,0,0,0,322623,0
26522,24,0,0,0,322624,0
26523,24,0,0,0,322625,0
26524,24,1,0,0,322626,0
26530,24,0,0,0,322627,0
26531,24,0,0,0,204561,0
26532,24,0,0,0,322628,0
26533,24,0,0,0,322629,0
26534,24,0,0,0,322630,0
26535,24,0,0,0,322631,0
26536,24,0,0,0,322632,0
26540,1,0,0,0,162073,162074
26541,24,0,0,0,322633,0
26542,24,0,0,0,322634,0
26543,24,0,0,0,322635,0
26544,24,1,0,0,322636,0
26545,21,0,0,0,322637,0
26546,1,1,0,0,135471,135472
26547,24,0,0,0,322638,0
26548,24,0,0,0,322639,0
26549,24,0,0,0,322640,0
26550,24,0,0,0,322641,0
26551,24,0,0,0,322642,0
26553,24,0,0,0,322643,0
26554,1,0,0,0,162071,162072
26556,24,1,0,0,322644,0
26557,24,0,0,0,322645,0
26558,24,0,0,0,322646,0
26559,24,1,0,0,322647,0
26560,9,0,0,0,322648,0
26561,24,0,0,0,322649,0
26562,9,1,0,0,322650,0
26563,9,0,0,0,322651,0
26564,9,1,0,0,322652,0
26565,9,0,0,0,322653,0
26566,9,1,0,0,322654,0
26567,9,0,0,0,322655,0
26568,9,1,0,0,322656,0
26569,24,0,0,0,322657,0
26570,24,0,0,0,322658,0
26571,24,1,0,0,322659,0
26575,24,0,0,0,322660,0
26576,24,0,0,0,322661,0
26577,24,0,0,0,322662,0
26581,24,0,0,0,322663,0
26582,24,0,0,0,322664,0
26583,24,0,0,0,322665,0
26584,24,0,0,0,322666,0
26585,24,1,0,0,322667,0
26586,24,1,0,0,322668,0
26587,24,0,0,0,322669,0
26588,18,0,0,0,322670,0
26589,8,1,0,0,177209,177210
26590,8,0,0,0,157549,157550
26591,8,1,0,0,177207,177208
26592,21,0,0,0,322671,0
26593,8,1,0,0,177205,177206
26594,24,0,0,0,322672,0
26595,24,0,0,0,322673,0
26596,24,0,0,0,322674,0
26597,24,0,0,0,322675,0
26598,24,0,0,0,322676,0
26599,24,1,0,0,322677,0
26600,24,1,0,0,322678,0
26601,24,1,0,0,322679,0
26602,8,1,0,0,177203,177204
26603,8,0,0,0,157547,157548
26604,24,0,0,0,322680,0
26605,24,1,0,0,322681,0
26606,24,0,0,0,322682,0
26607,24,0,0,0,322683,0
26608,24,0,0,0,322684,0
26609,24,0,0,0,322685,0
26610,24,0,0,0,322686,0
26611,24,0,0,0,322687,0
26612,24,0,0,0,322688,0
26613,21,0,0,0,322689,0
26614,24,0,0,0,322690,0
26615,24,0,0,0,322691,0
26616,10,0,0,0,209874,209875
26617,24,0,0,0,322692,0
26618,24,0,0,0,322693,0
26619,1,1,0,0,135473,135474
26621,8,1,0,0,177201,177202
26622,8,0,0,0,157545,157546
26623,2,0,0,0,170156,170157
26624,18,0,0,0,322694,0
26625,8,0,0,0,157543,157544
26626,24,1,0,0,322695,0
26627,8,0,0,0,157541,157542
26628,24,0,0,0,322696,0
26629,24,1,0,0,322697,0
26630,24,1,0,0,322698,0
26631,24,0,0,0,322699,0
26632,24,0,0,0,322700,0
26633,24,0,0,0,322701,0
26634,24,1,0,0,322702,0
26635,24,1,0,0,322703,0
26636,24,0,0,0,322704,0
26637,24,0,0,0,322705,0
26638,24,0,0,0,322706,0
26639,24,1,0,0,322707,0
26640,24,0,0,0,322708,0
26641,24,0,0,0,322709,0
26642,24,1,0,0,322710,0
26643,24,1,0,0,322711,0
26644,24,0,0,0,322712,0
26645,24,0,0,0,322713,0
26646,24,1,0,0,322714,0
26647,24,1,0,0,322715,0
26648,24,1,0,0,322716,0
26649,24,0,0,0,322717,0
26650,24,1,0,0,322718,0
26651,24,0,0,0,322719,0
26652,24,0,0,0,322720,0
26653,25,0,0,0,322721,0
26655,6,0,0,0,116169,116170
26656,8,0,0,0,157539,157540
26657,6,1,0,0,136827,136828
26658,8,1,0,0,177199,177200
26659,1,1,0,0,135475,135476
26660,3,0,0,0,322722,322723
26661,25,1,0,0,322724,0
26662,3,1,0,0,117913,117914
26663,1,0,0,0,162069,162070
26664,1,0,0,0,162067,162068
26665,8,1,0,0,177197,177198
26666,2,1,0,0,176527,176528
26667,2,0,0,0,170154,170155
26668,6,0,0,0,116171,116172
26669,24,0,0,0,322725,0
26670,24,0,0,0,322726,0
26672,24,0,0,0,322727,0
26673,2,1,0,0,176525,176526
26674,2,0,0,0,170152,170153
26675,24,0,0,0,322728,0
26676,2,0,0,0,170150,170151
26677,6,0,0,0,116173,116174
26678,1,0,0,0,162065,162066
26679,24,1,0,0,322729,0
26680,4,0,0,0,174268,174269
26681,24,1,0,0,322730,0
26682,24,1,0,0,322731,0
26683,1,1,0,0,135477,135478
26684,3,0,0,0,322732,322733
26685,24,1,0,0,322734,0
26686,1,0,0,0,162063,162064
26687,1,1,0,0,135479,135480
26688,3,0,0,0,322735,322736
26689,4,0,0,0,174266,174267
26690,24,0,0,0,322737,0
26691,24,1,0,0,322738,0
26692,24,1,0,0,322739,0
26693,24,0,0,0,322740,0
26694,2,0,0,0,170148,170149
26695,1,0,0,0,162061,162062
26696,1,0,0,0,162059,162060
26697,1,0,0,0,162057,162058
26699,24,0,0,0,322741,0
26700,24,0,0,0,322742,0
26701,24,1,0,2,322743,0
26702,24,0,0,0,322744,0
26703,24,1,0,0,322745,0
26705,1,0,0,0,162055,162056
26706,1,0,0,0,162053,162054
26707,24,1,0,0,322746,0
26708,24,0,0,0,322747,0
26709,24,0,0,0,204976,0
26710,24,1,0,0,322748,0
26711,24,0,0,0,204560,0
26712,24,0,0,0,322749,0
26713,24,0,0,0,204977,0
26714,24,0,0,0,204559,0
26715,24,1,0,0,322750,0
26716,24,0,0,0,204978,0
26717,24,0,0,0,204558,0
26718,24,0,0,0,204979,0
26719,24,0,0,0,204557,0
26720,6,0,0,0,0,116176
26721,24,1,0,0,322751,0
26722,24,1,0,0,322752,0
26723,24,1,0,0,322753,0
26724,24,0,0,0,322754,0
26726,24,1,0,0,322755,0
26727,24,1,0,0,322756,0
26728,24,1,0,0,322757,0
26729,24,1,0,0,322758,0
26731,24,0,0,0,204556,0
26732,24,0,0,0,205012,0
26733,24,0,0,0,204555,0
26734,24,0,0,0,204554,0
26736,24,0,0,0,204553,0
26737,24,0,0,0,205013,0
26738,24,0,0,0,204552,0
26739,24,0,0,0,204551,0
26740,24,0,0,0,204550,0
26741,24,0,0,0,205014,0
26742,24,0,0,0,205015,0
26743,24,0,0,0,205016,0
26744,24,0,0,0,322759,0
26745,24,0,0,0,204549,0
26746,24,1,0,0,204998,0
26747,24,1,0,0,322760,0
26749,24,0,0,0,322761,0
26750,24,0,0,0,322762,0
26751,24,0,0,0,322763,0
26752,24,0,0,0,204548,0
26753,24,1,0,0,204547,0
26754,24,0,0,0,204546,0
26755,24,0,0,0,204545,0
26756,24,0,0,0,204544,0
26757,24,0,0,0,204543,0
26758,24,1,0,0,322764,0
26759,24,1,0,0,322765,0
26760,1,1,0,0,135481,135482
26761,24,1,0,0,322766,0
26764,21,0,0,0,322767,0
26765,21,0,0,0,322768,0
26766,24,0,0,0,204980,0
26767,24,0,0,0,204981,0
26768,24,1,0,0,204999,0
26769,24,1,0,0,205000,0
26770,24,0,0,0,322769,0
26771,24,0,0,0,204982,0
26772,24,0,0,0,204983,0
26773,6,0,0,0,116177,116178
26774,24,1,0,0,205001,0
26775,24,1,0,0,205002,0
26776,24,0,0,0,205017,0
26777,24,0,0,0,322770,0
26778,24,1,0,0,205018,0
26779,24,1,0,0,204542,0
26780,24,0,0,0,322771,0
26781,24,0,0,0,322772,0
26782,24,1,0,0,322773,0
26783,24,0,0,0,322774,0
26784,24,0,0,0,204984,0
26785,24,0,0,0,204985,0
26786,24,1,0,0,205003,0
26787,24,1,0,0,205004,0
26788,24,0,0,0,322775,0
26789,24,1,0,0,322776,0
26790,24,0,0,0,322777,0
26791,24,1,0,0,204541,0
26792,24,1,0,0,204540,0
26793,24,0,0,0,322778,0
26794,24,0,0,0,322779,0
26795,24,1,0,0,322780,0
26796,24,0,0,0,322781,0
26797,24,1,0,0,322782,0
26798,24,1,0,0,322783,0
26799,24,1,0,0,322784,0
26800,24,0,0,0,322785,0
26801,24,0,0,0,322786,0
26802,24,1,0,0,322787,0
26803,24,0,0,0,322788,0
26804,24,0,0,0,322789,0
26805,24,0,0,0,204539,0
26806,21,0,0,0,322790,0
26807,21,0,0,0,322791,0
26809,21,0,0,0,322792,0
26810,8,0,0,0,157537,157538
26811,8,0,0,0,157535,157536
26812,8,0,0,0,157533,157534
26813,8,0,0,0,157531,157532
26814,24,0,0,0,322793,0
26815,24,1,0,0,322794,0
26816,24,0,0,0,322795,0
26817,24,0,0,0,322796,0
26818,24,1,0,2,322797,0
26819,24,1,0,0,322798,0
26820,24,0,0,0,204538,0
26821,24,0,0,0,322799,0
26822,24,1,0,2,322800,0
26823,3,0,0,0,322801,322802
26824,24,1,0,0,322803,0
26825,24,0,0,0,322804,0
26826,24,0,0,0,322805,0
26827,24,1,0,0,322806,0
26828,24,1,0,0,322807,0
26830,24,1,0,0,322808,0
26831,24,1,0,0,322809,0
26832,24,1,0,0,322810,0
26833,24,1,0,0,322811,0
26834,24,1,0,0,266609,0
26835,24,1,0,0,322812,0
26836,24,1,0,0,322813,0
26837,24,0,0,0,322814,0
26838,24,1,0,0,322815,0
26839,24,1,0,0,322816,0
26840,24,1,0,0,322817,0
26841,24,1,0,0,322818,0
26842,24,1,0,0,322819,0
26843,24,1,0,0,322820,0
26844,24,1,0,0,322821,0
26845,24,1,0,0,322822,0
26846,24,0,0,0,322823,0
26847,24,1,0,0,322824,0
26848,24,1,0,0,322825,0
26849,24,0,0,0,322826,0
26850,24,1,0,0,322827,0
26851,24,0,0,0,322828,0
26852,24,1,0,0,322829,0
26853,24,1,0,0,322830,0
26854,24,1,0,0,322831,0
26855,24,0,0,0,322832,0
26856,24,0,0,0,322833,0
26857,24,1,0,0,322834,0
26858,24,1,0,0,322835,0
26859,24,0,0,0,322836,0
26860,24,0,0,0,322837,0
26861,24,1,0,0,322838,0
26862,24,1,0,0,322839,0
26863,24,1,0,0,322840,0
26864,24,0,0,0,322841,0
26865,24,0,0,0,322842,0
26866,24,1,0,0,322843,0
26867,24,1,0,0,322844,0
26868,24,1,0,0,322845,0
26869,24,1,0,0,322846,0
26870,24,0,0,0,322847,0
26871,24,0,0,0,322848,0
26872,26,0,0,0,322849,0
26873,24,1,0,0,322850,0
26874,24,0,0,0,322851,0
26875,24,1,0,0,322852,0
26876,24,0,0,0,322853,0
26877,24,1,0,0,322854,0
26878,24,1,0,0,322855,0
26879,24,0,0,0,322856,0
26880,24,1,0,2,322857,0
26881,24,1,0,0,205019,0
26882,1,1,0,0,135483,135484
26883,1,1,0,0,135485,135486
26884,1,0,0,0,162051,162052
26885,1,0,0,0,162049,162050
26886,24,1,0,0,204537,0
26887,24,1,0,0,204536,0
26888,24,1,0,0,204535,0
26889,24,0,0,0,204534,0
26890,24,1,0,0,322858,0
26891,24,1,0,0,322859,0
26892,24,0,0,0,322860,0
26893,3,0,0,0,322861,322862
26894,3,1,0,0,117915,117916
26895,24,0,0,0,322863,0
26896,24,0,0,0,322864,0
26897,24,1,0,0,322865,0
26898,2,0,0,0,170146,170147
26901,24,0,0,0,322866,0
26902,24,1,0,0,322867,0
26903,24,1,0,0,322868,0
26905,24,0,0,0,322869,0
26906,24,0,0,0,322870,0
26907,24,1,0,0,322871,0
26908,24,0,0,0,322872,0
26909,24,0,0,0,322873,0
26910,21,0,0,0,322874,0
26911,24,0,0,0,204533,0
26913,24,0,0,0,322875,0
26914,24,0,0,0,322876,0
26915,24,1,0,0,322877,0
26916,9,0,0,0,322878,0
26917,24,0,0,0,322879,0
26918,24,0,0,0,322880,0
26919,2,0,0,0,170144,170145
26920,24,1,0,0,322881,0
26921,2,0,6,0,170142,170143
26922,2,0,0,0,170140,170141
26923,2,0,0,0,170138,170139
26924,24,0,0,0,322882,0
26925,24,0,0,0,322883,0
26926,2,0,0,0,170136,170137
26927,2,0,0,0,170134,170135
26928,2,1,6,0,176523,176524
26929,2,0,0,0,170132,170133
26930,2,0,0,0,170130,170131
26931,2,0,0,0,170128,170129
26932,2,0,0,0,170126,170127
26933,2,1,0,0,176521,176522
26934,2,0,0,0,170124,170125
26935,24,1,0,0,322884,0
26936,24,0,0,0,322885,0
26937,24,0,0,0,322886,0
26938,24,0,0,0,322887,0
26941,24,1,0,0,322888,0
26943,24,0,0,0,322889,0
26944,24,0,0,0,322890,0
26945,24,1,0,0,204532,0
26946,24,0,0,0,204531,0
26947,1,0,0,0,162047,162048
26948,1,0,0,0,162045,162046
26949,1,0,0,0,162043,162044
26950,1,0,0,0,162041,162042
26951,7,1,0,0,118698,118699
26952,1,0,0,0,162039,162040
26953,7,1,0,0,118696,118697
26954,1,0,0,0,162037,162038
26955,22,0,0,0,322891,0
26956,4,1,0,0,143505,143506
26957,3,0,0,0,322892,322893
26958,1,0,0,0,162035,162036
26959,11,1,0,0,150687,150688
26960,24,0,0,0,322894,0
26961,24,1,0,0,322895,0
26963,24,0,0,0,322896,0
26964,24,0,0,0,322897,0
26965,24,1,0,0,322898,0
26966,24,1,0,0,322899,0
26967,24,0,0,0,322900,0
26968,24,1,0,0,322901,0
26969,24,0,0,0,322902,0
26970,24,0,0,0,322903,0
26971,24,0,0,0,322904,0
26972,24,0,0,0,322905,0
26973,24,0,0,0,322906,0
26974,24,0,0,0,322907,0
26975,24,1,0,0,322908,0
26976,24,1,0,0,322909,0
26977,18,0,0,0,322910,0
26978,8,0,0,0,157529,157530
26979,8,0,0,0,157527,157528
26980,18,0,0,0,322911,0
26981,8,0,0,0,157525,157526
26982,24,1,0,0,322912,0
26983,24,1,0,0,322913,0
26984,24,1,0,0,322914,0
26985,24,1,0,0,322915,0
26986,24,1,0,0,322916,0
26987,24,1,0,0,322917,0
26988,24,0,0,0,322918,0
26989,2,0,0,0,170122,170123
26990,2,0,0,0,170120,170121
26991,2,0,0,0,170118,170119
26992,9,0,0,0,322919,0
26993,9,1,0,0,322920,0
26994,2,1,0,0,176519,176520
27002,24,0,0,0,322921,0
27003,24,0,0,0,322922,0
27004,24,0,0,0,322923,0
27005,24,0,0,0,322924,0
27006,24,0,0,0,322925,0
27007,24,0,0,0,322926,0
27008,24,0,0,0,322927,0
27009,24,0,0,0,322928,0
27010,24,0,0,0,322929,0
27011,24,0,0,0,322930,0
27012,24,1,0,0,205020,0
27013,24,1,0,0,322931,0
27014,24,1,0,0,205021,0
27015,24,1,0,0,322932,0
27016,24,1,0,0,322933,0
27017,24,1,0,0,322934,0
27018,24,1,0,0,322935,0
27019,24,1,0,0,322936,0
27020,24,0,0,0,322937,0
27021,24,1,0,0,322938,0
27022,3,0,0,0,322939,322940
27023,3,0,0,0,322941,322942
27024,3,0,0,0,322943,322944
27025,9,0,0,0,322945,0
27026,9,0,0,0,322946,0
27027,9,0,0,0,322947,0
27028,24,0,0,0,322948,0
27029,24,1,0,0,322949,0
27030,24,1,0,0,322950,0
27031,24,0,0,0,322951,0
27032,24,1,0,0,322952,0
27033,24,0,0,0,322953,0
27034,24,0,0,0,322954,0
27035,24,0,0,0,322955,0
27036,24,1,0,0,322956,0
27037,24,1,0,0,322957,0
27038,24,0,0,0,322958,0
27039,24,0,0,0,322959,0
27040,24,1,0,0,322960,0
27041,24,1,0,0,322961,0
27051,24,1,0,0,322962,0
27052,24,0,0,0,322963,0
27053,24,0,0,0,322964,0
27055,24,0,0,0,322965,0
27056,24,1,0,0,204530,0
27057,2,0,0,0,170116,170117
27059,1,0,0,0,162033,162034
27060,18,0,0,0,322966,0
27061,24,0,0,0,322967,0
27062,24,0,0,0,322968,0
27063,24,0,0,0,322969,0
27064,24,1,0,0,322970,0
27065,24,1,0,0,322971,0
27066,24,1,0,0,322972,0
27067,24,1,0,0,322973,0
27068,24,1,0,0,322974,0
27069,24,1,0,0,322975,0
27070,24,1,0,0,322976,0
27071,24,0,0,0,322977,0
27072,24,0,0,0,322978,0
27073,24,1,0,0,322979,0
27074,24,1,0,0,322980,0
27075,24,1,0,0,322981,0
27076,24,0,0,0,322982,0
27077,24,1,0,0,322983,0
27078,24,1,0,0,322984,0
27079,24,1,0,0,322985,0
27080,24,0,0,0,322986,0
27081,24,0,0,0,322987,0
27082,24,1,0,0,322988,0
27083,24,1,0,0,322989,0
27084,24,0,0,0,322990,0
27085,24,0,0,0,322991,0
27086,24,0,0,0,322992,0
27087,24,0,0,0,322993,0
27088,24,0,0,0,322994,0
27089,24,0,0,0,322995,0
27090,24,0,0,0,322996,0
27091,24,0,0,0,322997,0
27092,24,0,0,0,322998,0
27093,24,1,0,0,322999,0
27094,24,0,0,0,323000,0
27095,24,1,0,0,323001,0
27096,24,1,0,0,323002,0
27097,24,0,0,0,323003,0
27098,24,1,0,0,323004,0
27099,24,0,0,0,323005,0
27100,24,1,0,0,323006,0
27101,24,1,0,0,323007,0
27102,24,1,0,0,323008,0
27103,24,1,0,0,323009,0
27104,24,1,0,0,323010,0
27105,24,1,0,0,323011,0
27106,24,1,0,0,323012,0
27107,24,1,0,0,323013,0
27108,24,1,0,0,323014,0
27109,24,0,0,0,323015,0
27110,24,0,0,0,323016,0
27111,24,1,0,0,323017,0
27112,24,1,0,0,323018,0
27114,24,0,0,0,323019,0
27115,24,1,0,0,323020,0
27116,24,1,0,0,323021,0
27117,24,1,0,0,323022,0
27118,24,0,0,0,323023,0
27119,24,0,0,0,323024,0
27120,24,0,0,0,204986,0
27121,24,0,0,0,323025,0
27122,24,1,0,0,205028,0
27123,24,1,0,0,205029,0
27124,24,0,0,0,205030,0
27125,24,0,0,0,205031,0
27126,24,1,0,0,205032,0
27127,24,1,0,0,205033,0
27128,24,0,0,0,205034,0
27129,24,0,0,0,205035,0
27130,24,0,0,0,323026,0
27131,24,1,0,2,323027,0
27132,24,1,0,2,323028,0
27133,24,1,0,0,323029,0
27134,24,0,0,0,205036,0
27135,24,0,0,0,205037,0
27136,24,0,0,0,205038,0
27137,24,0,0,0,205022,0
27138,24,0,0,0,204987,0
27139,24,1,0,0,205005,0
27140,24,1,0,0,323030,0
27141,24,0,0,0,205023,0
27142,24,1,0,0,323031,0
27143,24,0,0,0,323032,0
27144,24,1,0,0,323033,0
27145,24,0,0,0,323034,0
27146,24,0,0,0,323035,0
27147,24,0,0,0,323036,0
27148,24,0,0,0,323037,0
27149,24,0,0,0,323038,0
27150,24,0,0,0,323039,0
27151,24,0,0,0,323040,0
27152,24,0,0,0,204529,0
27153,24,0,0,0,323041,0
27154,24,1,0,0,323042,0
27155,24,1,0,0,204528,0
27156,24,0,0,0,323043,0
27157,24,0,0,0,323044,0
27158,24,1,0,0,323045,0
27159,24,1,0,0,323046,0
27160,24,0,0,0,323047,0
27161,24,0,0,0,323048,0
27162,24,1,0,0,323049,0
27163,24,1,0,0,323050,0
27164,24,0,0,0,323051,0
27165,24,1,0,0,323052,0
27167,24,0,0,0,323053,0
27168,24,0,0,0,323054,0
27169,24,1,0,0,323055,0
27170,24,0,0,0,323056,0
27171,24,0,0,0,323057,0
27172,24,1,0,0,323058,0
27173,24,0,0,0,204988,0
27174,24,1,0,0,205006,0
27175,24,1,0,0,205007,0
27176,24,1,0,0,323059,0
27177,24,0,0,0,205024,0
27178,24,0,0,0,205025,0
27179,24,1,0,0,205026,0
27180,24,1,0,0,205027,0
27181,1,0,0,0,162031,162032
27182,24,0,0,0,323060,0
27183,24,0,0,0,323061,0
27184,24,0,0,0,323062,0
27185,24,1,0,0,323063,0
27186,24,1,0,0,323064,0
27187,24,1,0,0,323065,0
27188,1,1,0,0,135487,135488
27189,2,1,0,0,176517,176518
27190,24,1,0,0,323066,0
27191,24,0,0,0,323067,0
27192,24,0,0,0,323068,0
27193,24,1,0,0,323069,0
27196,1,0,0,0,162029,162030
27197,24,1,0,0,323070,0
27198,24,0,0,0,323071,0
27199,24,1,0,0,323072,0
27200,24,1,0,0,323073,0
27201,24,0,0,0,323074,0
27202,24,0,0,0,323075,0
27203,24,1,0,0,323076,0
27204,24,1,0,0,323077,0
27205,24,0,0,0,323078,0
27206,24,0,0,0,323079,0
27207,24,1,0,0,323080,0
27208,24,1,0,0,323081,0
27209,24,0,0,0,323082,0
27210,24,0,0,0,323083,0
27211,24,0,0,0,323084,0
27212,24,0,0,0,323085,0
27213,24,0,0,0,323086,0
27214,24,0,0,0,323087,0
27215,24,0,0,0,323088,0
27216,24,0,0,0,323089,0
27217,24,0,0,0,323090,0
27218,24,0,0,0,323091,0
27219,24,0,0,0,323092,0
27220,24,0,0,0,323093,0
27221,24,0,0,0,323094,0
27222,24,0,0,0,323095,0
27223,24,0,0,0,323096,0
27224,24,0,0,0,323097,0
27225,24,1,0,0,323098,0
27226,24,1,0,0,323099,0
27227,24,1,0,0,323100,0
27228,24,1,0,0,323101,0
27229,24,1,0,0,323102,0
27230,24,1,0,0,323103,0
27231,24,1,0,0,323104,0
27232,24,1,0,0,323105,0
27233,24,1,0,0,323106,0
27234,24,1,0,0,323107,0
27235,24,1,0,0,323108,0
27236,24,1,0,0,323109,0
27237,24,1,0,0,323110,0
27238,24,1,0,0,323111,0
27239,24,1,0,0,323112,0
27240,24,0,0,0,323113,0
27241,24,0,0,0,323114,0
27242,24,0,0,0,323115,0
27243,24,0,0,0,323116,0
27244,24,0,0,0,323117,0
27245,24,1,0,0,323118,0
27246,24,1,0,0,323119,0
27247,24,0,0,0,323120,0
27248,24,0,0,0,323121,0
27249,24,0,0,0,323122,0
27250,24,0,0,0,323123,0
27251,24,0,0,0,323124,0
27252,24,0,0,0,323125,0
27253,24,0,0,0,323126,0
27254,24,0,0,0,323127,0
27255,24,0,0,0,323128,0
27256,24,0,0,0,323129,0
27257,24,0,0,0,323130,0
27258,24,1,0,0,323131,0
27259,24,1,0,0,323132,0
27260,24,1,0,0,323133,0
27261,24,1,0,0,323134,0
27262,24,1,0,0,323135,0
27263,24,1,0,0,323136,0
27264,24,1,0,0,323137,0
27265,24,1,0,0,323138,0
27266,24,1,0,0,323139,0
27267,24,1,0,0,323140,0
27268,24,1,0,0,323141,0
27269,24,1,0,0,323142,0
27270,1,1,0,0,135489,135490
27272,1,1,0,0,135491,135492
27273,1,1,0,0,135493,135494
27274,1,1,0,0,135495,135496
27275,24,0,0,0,323143,0
27276,24,0,0,0,204527,0
27277,24,0,0,0,204526,0
27278,24,0,0,0,323144,0
27279,24,0,0,0,323145,0
27280,24,1,0,0,323146,0
27281,7,0,0,0,119370,119371
27282,7,1,0,0,118694,118695
27283,7,0,0,0,119368,119369
27284,24,0,0,0,323147,0
27285,24,1,0,0,323148,0
27286,24,0,0,0,323149,0
27287,24,0,0,0,323150,0
27288,8,0,0,0,157523,157524
27289,9,0,0,0,323151,0
27290,24,0,0,0,323152,0
27291,24,0,0,0,323153,0
27292,8,0,0,0,157521,157522
27294,2,0,0,0,170114,170115
27295,24,0,0,0,323154,0
27296,24,1,0,0,323155,0
27297,24,1,0,2,323156,0
27298,24,0,0,0,323157,0
27299,24,0,0,0,323158,0
27300,24,1,0,0,323159,0
27301,24,0,0,0,323160,0
27302,24,0,0,0,323161,0
27303,24,1,0,2,323162,0
27304,24,0,0,0,323163,0
27306,24,0,0,0,323164,0
27307,25,0,0,0,323165,0
27308,24,0,0,0,323166,0
27309,24,1,0,0,323167,0
27310,24,1,0,0,323168,0
27313,24,0,0,0,323169,0
27314,24,0,0,0,323170,0
27315,24,0,0,0,323171,0
27316,24,1,0,0,323172,0
27317,24,1,0,0,323173,0
27318,8,1,0,0,177195,177196
27319,18,0,0,0,323174,0
27320,18,0,0,0,323175,0
27321,18,0,0,0,323176,0
27322,8,1,0,0,177193,177194
27323,18,0,0,0,323177,0
27324,8,0,0,0,157519,157520
27325,24,0,0,0,323178,0
27326,24,0,0,0,323179,0
27327,24,0,0,0,323180,0
27331,24,1,0,0,323181,0
27332,24,0,0,0,323182,0
27333,24,0,0,0,323183,0
27334,18,0,0,0,323184,0
27335,24,0,0,0,323185,0
27336,24,0,0,0,323186,0
27337,24,0,0,0,323187,0
27338,24,0,0,0,323188,0
27339,24,1,0,0,323189,0
27385,24,0,0,0,323190,0
27387,24,1,0,0,323191,0
27390,24,1,0,0,204525,0
27391,24,0,0,0,323192,0
27392,24,1,0,0,323193,0
27395,5,0,0,0,189915,189916
27396,24,0,0,0,323194,0
27397,24,1,0,0,323195,0
27398,24,1,0,0,323196,0
27399,24,0,0,0,323197,0
27400,24,0,0,0,323198,0
27402,2,0,0,0,170112,170113
27403,24,0,0,0,323199,0
27404,24,0,0,0,323200,0
27405,24,0,0,0,323201,0
27406,18,0,0,0,323202,0
27407,7,0,0,0,119366,119367
27408,3,0,0,0,323203,323204
27409,4,0,0,0,174264,174265
27411,1,0,0,0,162027,162028
27412,24,1,0,0,323205,0
27413,24,0,0,0,323206,0
27414,24,0,0,0,323207,0
27415,24,1,0,0,323208,0
27416,24,1,0,0,323209,0
27417,24,0,0,0,323210,0
27418,24,0,0,0,323211,0
27419,24,1,0,0,323212,0
27420,24,1,0,0,323213,0
27421,24,1,0,0,323214,0
27422,5,0,0,0,161973,161974
27424,24,0,0,0,323215,0
27425,24,1,0,0,323216,0
27426,24,0,0,0,323217,0
27427,24,0,0,0,323218,0
27428,24,1,0,0,323219,0
27429,24,1,0,0,323220,0
27430,24,1,0,0,323221,0
27431,24,1,0,0,323222,0
27432,24,0,0,0,323223,0
27433,24,0,0,0,323224,0
27434,24,0,0,0,323225,0
27436,24,0,0,0,323226,0
27437,24,0,0,0,323227,0
27439,24,1,0,0,323228,0
27440,24,1,0,0,323229,0
27441,24,1,0,0,323230,0
27442,24,0,0,0,323231,0
27443,24,0,0,0,323232,0
27444,24,0,0,0,323233,0
27445,9,1,0,0,323234,0
27446,24,1,0,0,323235,0
27447,24,0,0,0,323236,0
27448,24,1,0,0,323237,0
27449,7,0,0,0,119364,119365
27450,11,1,0,0,150689,150690
27451,24,0,0,0,323238,0
27452,24,1,0,0,323239,0
27453,24,0,0,0,323240,0
27454,24,0,0,0,323241,0
27455,24,0,0,0,323242,0
27456,24,0,0,0,323243,0
27457,24,0,0,0,323244,0
27458,24,0,0,0,323245,0
27459,24,1,0,0,323246,0
27460,24,0,0,0,323247,0
27461,24,0,0,0,323248,0
27462,25,0,0,0,323249,0
27465,24,0,0,0,323250,0
27466,24,0,0,0,323251,0
27467,24,0,0,0,323252,0
27468,24,0,0,0,323253,0
27469,24,0,0,0,323254,0
27470,24,0,0,0,323255,0
27471,10,1,0,0,209442,209443
27472,24,0,0,0,323256,0
27473,10,1,0,0,209440,209441
27474,1,1,0,0,135497,135498
27475,24,0,0,0,323257,0
27476,24,0,0,0,323258,0
27477,24,1,0,0,323259,0
27478,24,1,0,0,323260,0
27479,24,1,0,0,323261,0
27480,24,1,0,2,323262,0
27481,24,0,0,0,323263,0
27483,24,0,0,0,323264,0
27484,24,1,0,0,323265,0
27485,24,1,0,0,323266,0
27487,24,1,0,0,323267,0
27488,24,0,0,0,323268,0
27489,24,1,0,0,323269,0
27490,24,1,0,0,323270,0
27491,24,1,0,0,323271,0
27492,24,0,0,0,323272,0
27494,24,0,0,0,323273,0
27495,24,0,0,0,323274,0
27496,24,0,0,0,204524,0
27497,24,1,0,0,323275,0
27498,24,0,0,0,204523,0
27499,1,0,0,0,162025,162026
27500,24,0,0,0,323276,0
27501,24,0,0,0,323277,0
27502,24,0,0,0,323278,0
27503,24,0,0,0,323279,0
27504,24,0,0,0,204989,0
27506,24,0,0,0,323280,0
27507,9,0,0,0,323281,0
27508,2,0,0,0,170110,170111
27509,1,1,0,0,135501,135502
27510,1,0,0,0,162023,162024
27511,24,0,0,0,323282,0
27512,24,1,0,0,323283,0
27513,24,0,0,0,323284,0
27514,2,0,0,0,170108,170109
27515,9,0,0,0,323285,0
27516,9,0,0,0,323286,0
27517,24,0,0,0,323287,0
27518,24,1,0,0,323288,0
27523,2,0,0,0,170106,170107
27524,2,1,0,0,176515,176516
27525,26,0,0,0,323289,0
27526,24,0,0,0,204990,0
27527,24,0,0,0,323290,0
27528,1,1,0,0,135503,135504
27530,26,0,0,0,323291,0
27531,24,1,0,0,323292,0
27532,24,1,0,0,323293,0
27533,1,0,0,0,162021,162022
27534,1,0,0,0,162019,162020
27535,1,0,0,0,162017,162018
27536,1,0,0,0,162015,162016
27538,1,0,0,0,162013,162014
27539,1,0,0,0,162011,162012
27540,1,0,0,0,162009,162010
27541,1,0,0,0,162007,162008
27542,1,0,0,0,162005,162006
27543,1,0,0,0,162003,162004
27544,1,0,0,0,162001,162002
27545,24,0,0,0,323294,0
27546,24,0,0,0,323295,0
27547,24,1,0,0,323296,0
27550,24,1,0,0,323297,0
27551,24,1,0,0,323298,0
27552,24,1,0,0,323299,0
27553,24,0,0,0,323300,0
27554,24,0,0,2,323301,0
27555,24,1,0,0,323302,0
27557,1,0,0,0,161999,162000
27558,24,0,0,0,323303,0
27559,24,0,0,0,323304,0
27560,24,0,0,0,323305,0
27561,24,0,0,0,323306,0
27562,24,0,0,0,323307,0
27563,24,1,0,0,323308,0
27565,2,0,0,0,170104,170105
27566,8,1,0,2,130203,177192
27567,8,1,0,2,177190,177191
27568,5,1,0,0,189913,189914
27569,5,1,0,0,189911,189912
27570,11,0,0,0,146277,146278
27572,5,1,0,0,189909,189910
27574,24,1,0,0,323309,0
27577,18,0,0,0,323310,0
27578,18,0,0,0,323311,0
27579,2,0,0,0,170102,170103
27580,2,0,0,0,170100,170101
27581,5,1,0,2,189907,189908
27582,24,0,0,0,204522,0
27583,24,0,0,0,323312,0
27584,8,0,0,0,157517,157518
27585,8,0,0,0,157515,157516
27586,8,0,0,0,157513,157514
27587,8,0,0,0,157511,157512
27588,9,0,0,0,323313,0
27589,9,0,0,0,323314,0
27590,9,0,0,0,323315,0
27591,9,0,0,0,323316,0
27592,9,0,0,0,323317,0
27593,9,0,0,0,323318,0
27594,9,0,0,0,323319,0
27595,9,0,0,0,323320,0
27596,9,0,0,0,323321,0
27597,24,0,0,0,323322,0
27598,24,0,0,0,323323,0
27599,24,0,0,0,323324,0
27600,24,0,0,0,323325,0
27601,24,0,0,0,323326,0
27602,24,0,0,0,323327,0
27603,24,0,0,0,323328,0
27604,24,0,0,0,323329,0
27605,24,0,0,0,323330,0
27606,24,0,0,0,323331,0
27607,24,0,0,0,323332,0
27608,24,0,0,0,323333,0
27609,24,0,0,0,323334,0
27610,24,0,0,0,323335,0
27611,24,0,0,0,323336,0
27615,24,0,0,0,323337,0
27616,24,0,0,0,323338,0
27617,24,0,0,0,323339,0
27618,24,0,0,0,323340,0
27619,24,0,0,0,323341,0
27620,24,0,0,0,323342,0
27621,24,0,0,0,323343,0
27622,24,0,0,0,323344,0
27623,24,0,0,0,323345,0
27624,24,0,0,0,323346,0
27625,24,0,0,0,323347,0
27626,24,0,0,0,323348,0
27627,24,0,0,0,323349,0
27628,24,0,0,0,323350,0
27629,24,0,0,0,323351,0
27630,24,0,0,0,323352,0
27631,24,0,0,0,323353,0
27632,24,0,0,0,323354,0
27633,24,0,0,0,323355,0
27634,24,0,0,0,323356,0
27635,24,0,0,0,323357,0
27636,24,1,0,0,323358,0
27637,24,1,0,0,323359,0
27638,24,1,0,0,323360,0
27639,24,1,0,0,323361,0
27640,24,1,0,0,323362,0
27641,24,1,0,0,323363,0
27642,24,1,0,0,323364,0
27643,24,1,0,0,323365,0
27644,24,1,0,0,323366,0
27645,24,1,0,0,323367,0
27646,24,1,0,0,323368,0
27647,24,1,0,0,323369,0
27648,24,1,0,0,323370,0
27649,24,1,0,0,323371,0
27650,24,1,0,0,323372,0
27651,24,1,0,0,323373,0
27652,24,1,0,0,323374,0
27653,24,1,0,0,323375,0
27654,24,1,0,0,323376,0
27655,24,1,0,0,323377,0
27656,24,1,0,0,323378,0
27657,24,1,0,0,323379,0
27658,24,1,0,0,323380,0
27659,24,1,0,0,323381,0
27660,24,1,0,0,323382,0
27661,24,1,0,0,323383,0
27662,24,1,0,0,323384,0
27663,24,1,0,0,323385,0
27664,24,1,0,0,323386,0
27665,24,1,0,0,323387,0
27666,24,1,0,0,323388,0
27667,24,1,0,0,323389,0
27668,24,1,0,0,323390,0
27669,24,1,0,0,323391,0
27670,24,1,0,0,323392,0
27671,24,1,0,0,323393,0
27672,24,1,0,0,323394,0
27673,24,1,0,0,323395,0
27674,24,1,0,0,323396,0
27675,24,1,0,0,323397,0
27676,24,1,0,0,323398,0
27677,24,1,0,0,323399,0
27678,24,1,0,0,323400,0
27679,24,1,0,0,323401,0
27680,24,1,0,0,323402,0
27681,24,1,0,0,323403,0
27682,24,1,0,0,323404,0
27683,24,1,0,0,323405,0
27684,24,1,0,0,323406,0
27685,24,1,0,0,323407,0
27686,24,1,0,0,323408,0
27687,24,1,0,0,323409,0
27688,24,1,0,0,323410,0
27689,24,1,0,0,323411,0
27690,24,1,0,0,323412,0
27691,24,1,0,0,323413,0
27692,24,1,0,0,323414,0
27693,24,1,0,0,323415,0
27694,24,1,0,0,323416,0
27695,24,1,0,0,323417,0
27696,24,1,0,0,323418,0
27697,24,1,0,0,323419,0
27698,24,1,0,0,323420,0
27699,24,1,0,0,323421,0
27700,24,1,0,0,323422,0
27701,24,1,0,0,323423,0
27702,24,1,0,0,323424,0
27703,24,1,0,0,323425,0
27704,24,1,0,0,323426,0
27705,24,1,0,0,323427,0
27706,24,1,0,0,323428,0
27707,24,1,0,0,323429,0
27708,24,0,0,0,323430,0
27709,24,0,0,0,323431,0
27710,24,0,0,0,323432,0
27711,24,0,0,0,323433,0
27712,24,0,0,0,323434,0
27713,24,0,0,0,323435,0
27714,24,0,0,0,323436,0
27715,24,0,0,0,323437,0
27716,24,0,0,0,323438,0
27717,24,0,0,0,323439,0
27718,24,0,0,0,323440,0
27719,24,0,0,0,323441,0
27720,24,0,0,0,323442,0
27721,24,0,0,0,323443,0
27722,24,0,0,0,323444,0
27723,24,0,0,0,323445,0
27724,24,0,0,0,323446,0
27725,24,0,0,0,323447,0
27726,24,0,0,0,323448,0
27727,24,0,0,0,323449,0
27728,24,0,0,0,323450,0
27729,24,0,0,0,323451,0
27730,24,0,0,0,323452,0
27731,24,0,0,0,323453,0
27732,24,0,0,0,323454,0
27733,24,0,0,0,323455,0
27734,24,0,0,0,323456,0
27735,24,0,0,0,323457,0
27736,24,0,0,0,323458,0
27737,24,0,0,0,323459,0
27738,24,0,0,0,323460,0
27739,24,0,0,0,323461,0
27740,24,0,0,0,323462,0
27741,24,0,0,0,323463,0
27742,24,0,0,0,323464,0
27743,24,0,0,0,323465,0
27744,24,1,0,0,323466,0
27745,24,1,0,0,323467,0
27746,24,1,0,0,323468,0
27747,24,0,0,0,323469,0
27748,24,0,0,0,323470,0
27749,24,1,0,0,323471,0
27750,24,1,0,0,323472,0
27751,24,1,0,0,323473,0
27752,24,1,0,0,323474,0
27753,24,1,0,0,323475,0
27754,24,1,0,0,323476,0
27755,24,1,0,0,323477,0
27756,24,1,0,0,323478,0
27757,24,1,0,0,323479,0
27758,24,1,0,0,323480,0
27759,24,0,0,0,323481,0
27760,24,1,0,0,323482,0
27761,24,1,0,0,323483,0
27762,24,1,0,0,323484,0
27763,24,1,0,0,323485,0
27764,24,1,0,0,323486,0
27765,24,1,0,0,323487,0
27766,24,1,0,0,323488,0
27767,24,1,0,0,323489,0
27768,24,1,0,0,323490,0
27769,24,1,0,0,323491,0
27770,24,1,0,0,323492,0
27771,24,1,0,0,323493,0
27772,1,0,0,0,161997,161998
27773,24,1,0,0,323494,0
27774,2,0,0,0,170098,170099
27776,24,0,0,0,323495,0
27777,2,1,0,0,176513,176514
27778,2,1,0,2,176511,176512
27779,2,1,0,2,176509,176510
27780,1,1,0,0,135505,135506
27781,24,0,0,0,323496,0
27782,24,0,0,0,323497,0
27783,25,1,0,0,323498,0
27784,24,0,0,0,323499,0
27785,24,0,0,0,323500,0
27786,24,1,0,0,323501,0
27787,24,0,0,0,323502,0
27788,24,1,0,0,323503,0
27789,24,0,0,0,323504,0
27790,3,1,0,0,117917,117918
27791,24,0,0,0,323505,0
27792,24,0,0,0,323506,0
27793,24,1,0,0,323507,0
27794,24,1,0,0,323508,0
27795,24,1,0,0,323509,0
27796,1,0,0,0,161995,161996
27797,1,0,0,0,161993,161994
27798,1,0,0,0,161991,161992
27799,1,0,0,0,161989,161990
27800,2,0,6,0,170096,170097
27801,24,0,0,0,323510,0
27802,24,1,0,0,323511,0
27803,24,1,0,0,323512,0
27804,24,0,0,0,323513,0
27805,24,1,0,0,323514,0
27806,3,0,0,0,323515,323516
27807,24,1,0,0,323517,0
27808,4,1,0,0,143503,143504
27809,1,1,0,0,135507,135508
27810,1,1,0,0,135509,135510
27811,7,0,0,0,119362,119363
27812,24,0,0,0,323518,0
27813,24,1,0,0,323519,0
27814,3,0,0,0,323520,323521
27815,24,1,0,0,323522,0
27816,7,1,0,0,118692,118693
27817,3,0,0,0,323523,323524
27818,24,0,0,0,323525,0
27819,11,1,0,0,150691,150692
27820,11,0,0,0,131158,131159
27821,24,1,0,0,323526,0
27822,24,1,0,0,323527,0
27823,6,0,0,0,116179,116180
27824,24,0,0,0,323528,0
27825,24,0,0,0,323529,0
27826,3,1,0,0,117919,117920
27827,1,1,0,0,135511,135512
27828,24,1,0,0,323530,0
27829,24,0,0,0,323531,0
27830,1,0,0,0,161987,161988
27831,3,0,0,0,323532,323533
27832,1,0,0,0,161985,161986
27833,4,1,0,0,143501,143502
27834,4,0,0,0,174262,174263
27835,1,1,0,0,135513,135514
27836,24,1,0,0,323534,0
27837,24,0,0,0,323535,0
27838,1,0,0,0,161983,161984
27839,24,1,0,0,323536,0
27840,24,0,0,0,323537,0
27841,24,0,0,0,323538,0
27842,3,0,0,0,323539,323540
27843,24,0,0,0,323541,0
27844,24,1,0,0,323542,0
27845,7,1,0,0,118690,118691
27846,24,0,0,0,323543,0
27847,11,0,0,0,131156,131157
27848,24,0,0,0,323544,0
27849,3,1,0,0,117921,117922
27850,3,0,0,0,323545,323546
27851,3,0,0,0,323547,323548
27852,7,0,0,0,119360,119361
27853,24,1,0,0,323549,0
27854,24,0,0,0,323550,0
27855,24,0,0,0,323551,0
27856,7,1,0,0,118688,118689
27857,10,0,0,0,209872,209873
27858,6,0,0,0,116181,116182
27859,24,0,0,0,323552,0
27860,24,0,0,0,323553,0
27862,24,1,0,0,323554,0
27863,24,0,0,0,323555,0
27864,3,0,0,0,323556,323557
27865,11,0,0,0,131154,131155
27866,24,1,0,0,323558,0
27867,24,1,0,0,323559,0
27868,1,0,0,0,161981,161982
27870,24,0,0,0,323560,0
27871,24,1,0,0,323561,0
27872,24,0,0,0,323562,0
27873,24,0,0,0,323563,0
27874,11,1,0,0,150693,150694
27875,1,1,0,0,135515,135516
27876,1,0,0,0,161979,161980
27877,24,0,0,0,323564,0
27878,24,0,0,0,323565,0
27879,24,0,0,0,323566,0
27880,4,1,0,0,143499,143500
27881,24,1,0,0,323567,0
27882,24,0,0,0,323568,0
27883,24,1,0,0,323569,0
27884,24,0,0,0,323570,0
27885,1,1,0,0,135517,135518
27886,24,0,0,0,323571,0
27887,24,1,0,0,323572,0
27888,24,0,0,0,323573,0
27889,24,1,0,0,204521,0
27890,24,0,0,0,323574,0
27891,24,1,0,0,323575,0
27892,24,1,0,0,323576,0
27893,24,0,0,0,323577,0
27894,2,0,0,0,170094,170095
27895,24,0,0,0,323578,0
27896,2,0,0,0,170092,170093
27897,2,1,0,0,176507,176508
27898,2,1,0,0,176505,176506
27899,7,1,0,0,118686,118687
27900,1,0,0,0,161977,161978
27901,1,0,0,0,189905,189906
27902,1,1,0,0,135519,135520
27903,1,1,0,0,135521,135522
27904,1,0,0,0,161971,161972
27905,24,0,0,0,323579,0
27906,22,1,0,0,323580,0
27907,4,1,0,0,143497,143498
27908,24,0,0,0,323581,0
27909,1,0,0,0,161969,161970
27910,2,0,0,0,0,170091
27912,24,1,0,0,323582,0
27913,24,1,0,0,323583,0
27914,24,0,0,0,323584,0
27915,24,0,0,0,323585,0
27916,24,0,0,0,323586,0
27917,24,1,0,0,323587,0
27918,24,1,0,0,323588,0
27919,24,1,0,0,323589,0
27920,24,0,0,0,323590,0
27921,24,1,0,0,323591,0
27922,24,0,0,0,323592,0
27923,24,0,0,0,323593,0
27924,24,1,0,0,323594,0
27925,24,1,0,0,323595,0
27926,24,1,0,0,323596,0
27927,24,1,0,0,323597,0
27928,5,0,0,0,189903,189904
27929,24,1,0,0,323598,0
27930,24,0,0,0,323599,0
27931,5,1,0,0,189901,189902
27932,6,0,0,0,116183,116184
27933,24,0,0,0,323600,0
27934,6,1,0,0,136829,136830
27935,10,0,0,0,209870,209871
27936,5,1,0,0,189899,189900
27937,24,1,0,0,323601,0
27938,24,0,0,0,323602,0
27939,24,1,0,0,323603,0
27940,24,1,0,0,323604,0
27942,24,0,0,0,323605,0
27943,24,1,0,0,323606,0
27944,24,0,0,0,323607,0
27945,24,1,0,0,323608,0
27946,24,0,0,0,323609,0
27947,1,0,0,0,161967,161968
27948,1,0,0,0,161965,161966
27949,7,0,0,0,119358,119359
27950,1,0,0,0,161963,161964
27951,1,0,0,0,161961,161962
27952,24,1,0,0,205008,0
27953,7,1,0,0,118684,118685
27954,6,0,0,0,116185,116186
27955,2,1,0,0,176503,176504
27956,9,1,0,0,323610,0
27957,26,0,0,0,323611,0
27964,24,1,0,0,323612,0
27965,1,1,0,0,135523,135524
27966,1,0,0,0,161959,161960
27967,24,0,0,0,323613,0
27968,24,0,0,0,323614,0
27969,25,0,0,0,323615,0
27970,22,0,0,0,323616,0
27971,1,0,0,0,161957,161958
27978,24,1,0,0,323617,0
27979,24,1,0,0,323618,0
27980,24,1,0,0,323619,0
27981,24,0,0,0,323620,0
27982,24,0,0,0,323621,0
27983,24,1,0,0,323622,0
27984,24,1,0,0,323623,0
27985,24,0,0,0,323624,0
27986,24,0,0,0,323625,0
27987,24,0,0,0,323626,0
27988,24,1,0,0,323627,0
27989,24,0,0,0,323628,0
27990,24,1,0,0,323629,0
27991,24,1,0,0,323630,0
27992,24,1,0,0,323631,0
27993,24,0,0,0,323632,0
27994,24,0,0,0,323633,0
27995,24,0,0,0,323634,0
27996,24,1,0,0,323635,0
27997,24,1,0,0,323636,0
27998,24,0,0,0,323637,0
27999,24,1,0,0,323638,0
28000,24,0,0,0,323639,0
28001,24,0,0,0,323640,0
28002,2,0,0,0,170088,170089
28004,24,1,0,0,323641,0
28005,24,0,0,0,323642,0
28006,24,1,0,0,323643,0
28007,24,0,0,0,323644,0
28008,24,0,0,0,323645,0
28009,24,0,0,0,323646,0
28010,24,0,0,0,323647,0
28011,8,0,0,0,157509,157510
28013,24,0,0,0,323648,0
28014,10,1,0,0,209421,209422
28015,2,1,0,0,176501,176502
28016,1,1,0,0,135525,135526
28017,24,1,0,0,323649,0
28018,24,0,0,0,323650,0
28019,3,0,6,0,323651,323652
28020,1,0,0,0,161955,161956
28021,7,0,0,0,119356,119357
28022,7,1,0,0,118682,118683
28023,24,1,0,0,323653,0
28024,24,1,0,0,323654,0
28025,24,1,0,0,323655,0
28026,24,0,0,0,323656,0
28027,24,1,0,0,323657,0
28028,24,1,0,0,323658,0
28029,24,1,0,0,323659,0
28030,24,0,0,0,323660,0
28031,24,0,0,0,323661,0
28032,24,0,0,0,323662,0
28033,1,0,0,0,161953,161954
28034,1,1,0,0,135527,135528
28035,24,1,0,0,323663,0
28036,24,0,0,0,323664,0
28037,24,0,0,0,323665,0
28038,24,0,0,0,323666,0
28039,24,0,0,0,323667,0
28040,1,0,0,0,161951,161952
28041,1,0,0,0,161949,161950
28042,1,1,0,0,135529,135530
28043,1,1,0,0,135531,135532
28044,11,0,0,0,131152,131153
28045,7,0,0,0,119354,119355
28046,22,1,0,0,323668,0
28047,3,1,0,0,117923,117924
28048,1,0,0,0,161947,161948
28049,1,1,0,0,135533,135534
28050,24,1,0,0,323669,0
28051,24,0,0,0,323670,0
28052,24,1,0,0,323671,0
28053,24,1,0,0,323672,0
28054,24,1,0,0,323673,0
28055,24,0,0,0,323674,0
28056,3,0,0,0,323675,323676
28058,3,1,0,0,117925,117926
28059,24,1,0,0,323677,0
28060,24,0,0,0,323678,0
28061,24,0,0,0,323679,0
28062,24,1,0,0,323680,0
28063,24,1,0,0,323681,0
28064,24,0,0,0,323682,0
28065,24,0,0,0,323683,0
28066,24,1,0,0,323684,0
28067,1,0,0,0,161945,161946
28070,24,0,0,0,323685,0
28071,24,1,0,0,323686,0
28072,24,0,0,0,323687,0
28073,8,0,0,0,157495,157496
28074,2,1,0,0,176499,176500
28075,5,1,0,0,189897,189898
28076,8,1,0,0,177188,177189
28077,6,1,0,0,136831,136832
28078,18,0,0,0,323688,0
28079,24,0,0,0,323689,0
28080,24,1,0,0,323690,0
28081,18,0,0,0,323691,0
28082,18,0,0,0,323692,0
28083,8,0,0,0,157493,157494
28084,8,1,0,0,177186,177187
28085,8,0,0,0,157491,157492
28086,8,1,0,0,177184,177185
28087,8,0,0,0,157489,157490
28088,8,1,0,0,177182,177183
28089,24,0,0,0,323693,0
28090,24,0,0,0,323694,0
28091,24,0,0,0,323695,0
28092,24,0,0,0,323696,0
28093,24,1,0,0,323697,0
28094,24,1,0,0,323698,0
28095,24,0,0,0,323699,0
28096,24,0,0,0,323700,0
28097,24,1,0,0,323701,0
28098,24,1,0,0,323702,0
28099,24,0,0,0,323703,0
28100,24,0,0,0,323704,0
28101,24,1,0,0,323705,0
28102,24,1,0,0,323706,0
28103,24,0,0,0,323707,0
28104,24,0,0,0,323708,0
28105,24,0,0,0,323709,0
28106,24,0,0,0,323710,0
28107,24,1,0,0,323711,0
28108,24,1,0,0,323712,0
28109,24,1,0,0,323713,0
28110,24,0,0,0,323714,0
28111,24,0,0,0,323715,0
28112,24,1,0,0,323716,0
28113,1,0,0,0,161943,161944
28114,1,1,0,0,135535,135536
28115,3,0,0,0,323717,323718
28116,4,0,0,0,174260,174261
28117,24,0,0,0,323719,0
28118,24,1,0,0,323720,0
28119,24,0,0,0,323721,0
28120,24,0,0,0,205040,0
28121,24,1,0,0,205041,0
28122,24,1,0,0,323722,0
28123,21,0,0,0,323723,0
28124,2,0,0,0,170086,170087
28125,2,0,0,0,170084,170085
28126,2,1,0,0,176497,176498
28127,2,1,0,0,176495,176496
28128,2,0,0,0,170082,170083
28129,2,0,0,0,170080,170081
28130,2,1,0,0,176493,176494
28131,2,1,0,0,176491,176492
28132,5,0,0,0,189895,189896
28133,5,0,0,0,189893,189894
28134,5,1,0,0,189891,189892
28135,5,1,0,0,189889,189890
28136,5,0,0,0,189887,189888
28137,5,0,0,0,189885,189886
28138,5,1,0,0,189883,189884
28139,5,1,0,0,189881,189882
28140,24,0,0,0,323724,0
28141,24,1,0,0,323725,0
28142,2,0,0,0,170078,170079
28143,2,0,0,0,170076,170077
28144,2,1,0,0,176489,176490
28145,2,1,0,0,176487,176488
28146,5,0,0,0,189879,189880
28147,5,0,0,0,189877,189878
28148,5,1,0,0,189875,189876
28149,5,1,0,0,189873,189874
28150,5,1,0,0,189871,189872
28151,2,0,0,0,170074,170075
28152,9,0,0,0,323726,0
28153,24,0,0,0,323727,0
28154,9,0,0,0,323728,0
28155,2,0,0,0,170072,170073
28156,24,0,0,0,323729,0
28157,2,0,0,0,170070,170071
28158,2,0,0,0,170068,170069
28159,2,0,0,0,170066,170067
28160,2,0,0,0,170064,170065
28161,2,1,0,0,176485,176486
28162,2,1,0,0,176483,176484
28163,9,1,0,0,323730,0
28164,9,1,0,0,323731,0
28165,24,1,0,0,323732,0
28166,24,0,0,0,323733,0
28167,1,1,0,0,135537,135538
28168,1,0,0,0,161941,161942
28169,1,0,0,0,161939,161940
28170,1,1,0,0,135539,135540
28171,1,1,0,0,135541,135542
28172,2,1,0,0,176481,176482
28173,10,0,0,0,209868,209869
28174,2,0,0,0,170062,170063
28175,22,0,0,0,323734,0
28176,24,0,0,0,323735,0
28177,24,1,0,0,323736,0
28178,24,1,0,0,323737,0
28179,24,1,0,0,323738,0
28180,3,1,0,0,117927,117928
28181,10,1,0,0,209419,209420
28182,7,0,0,0,119352,119353
28183,6,0,0,0,116187,116188
28184,24,0,0,0,323739,0
28185,24,0,0,0,323740,0
28186,7,1,0,0,118680,118681
28187,11,0,0,0,131150,131151
28188,11,1,0,0,150695,150696
28189,1,0,0,0,161937,161938
28190,3,1,0,0,117929,117930
28191,24,0,0,0,323741,0
28194,24,0,0,0,323742,0
28195,24,1,0,0,323743,0
28196,5,0,0,0,189869,189870
28197,7,0,0,0,119350,119351
28198,4,1,0,0,143495,143496
28199,7,0,0,0,119348,119349
28200,24,0,0,0,323744,0
28201,24,0,0,0,323745,0
28202,8,0,0,0,157487,157488
28203,24,0,0,0,323746,0
28204,4,1,0,0,143493,143494
28205,24,0,0,0,323747,0
28213,11,1,0,0,150697,150698
28214,3,1,0,0,117931,117932
28215,22,1,0,0,323748,0
28216,4,0,0,0,174258,174259
28217,7,0,0,0,119346,119347
28218,11,0,0,0,131148,131149
28219,1,0,0,0,161935,161936
28220,3,1,0,0,117933,117934
28221,3,0,0,0,323749,323750
28222,9,1,0,0,130491,0
28223,5,0,0,0,189867,189868
28224,9,0,0,0,323751,0
28225,24,0,0,0,323752,0
28226,1,0,0,0,161933,161934
28227,1,1,0,0,135543,135544
28228,10,0,0,0,209866,209867
28229,10,0,0,0,209864,209865
28230,10,1,0,0,209417,209418
28231,4,0,0,0,174256,174257
28232,5,1,0,0,189865,189866
28233,1,0,0,0,161931,161932
28234,25,0,0,0,323753,0
28235,22,0,6,0,323754,0
28236,4,1,0,0,143491,143492
28237,1,1,0,0,135545,135546
28238,3,0,0,0,323755,323756
28239,3,1,0,0,117935,117936
28240,6,1,0,0,136833,136834
28244,3,1,0,0,117937,117938
28245,4,1,0,0,143489,143490
28246,22,0,0,0,323757,0
28247,1,0,0,0,161929,161930
28248,1,0,0,0,161927,161928
28249,1,0,0,0,161925,161926
28250,1,1,0,0,135547,135548
28251,1,1,0,0,135549,135550
28252,7,0,0,0,119344,119345
28253,3,0,0,0,323758,323759
28254,7,1,0,0,118678,118679
28255,3,1,0,0,117939,117940
28256,1,0,0,0,161923,161924
28257,1,0,0,0,161921,161922
28258,1,0,0,0,161919,161920
28259,1,1,0,0,135551,135552
28260,1,1,0,0,135553,135554
28261,9,1,0,0,323760,0
28262,1,0,0,0,161917,161918
28263,1,0,0,0,161915,161916
28264,1,0,0,0,161913,161914
28265,1,0,0,0,161911,161912
28266,1,0,0,0,161909,161910
28267,1,0,0,0,161907,161908
28268,5,0,0,0,189863,189864
28269,11,1,6,0,150699,150700
28270,3,0,0,0,323761,323762
28271,1,0,0,0,161905,161906
28272,1,0,0,0,161903,161904
28273,3,0,0,0,323763,323764
28274,10,1,0,0,209415,209416
28275,1,1,0,0,135555,135556
28276,7,1,0,0,118676,118677
28277,7,1,0,0,118674,118675
28278,7,0,0,0,119342,119343
28279,7,0,0,0,119340,119341
28280,1,0,0,0,161901,161902
28282,24,0,0,0,323765,0
28283,24,0,0,0,323766,0
28284,24,0,0,0,323767,0
28285,1,1,0,0,135557,135558
28286,2,0,0,0,170060,170061
28287,2,0,0,0,170058,170059
28288,2,0,0,0,170056,170057
28289,7,1,0,0,118672,118673
28290,2,0,0,0,170054,170055
28291,1,0,0,0,161899,161900
28292,2,0,0,0,170052,170053
28293,2,0,0,0,170050,170051
28294,2,1,0,0,176479,176480
28295,2,1,0,0,176477,176478
28296,10,0,0,0,209862,209863
28297,1,0,0,0,161897,161898
28298,24,1,0,0,323768,0
28299,24,0,0,0,323769,0
28300,1,1,0,0,135559,135560
28301,5,0,0,0,189861,189862
28302,7,0,0,0,119338,119339
28303,2,0,0,0,170048,170049
28304,1,0,0,0,161895,161896
28305,24,0,0,0,323770,0
28306,24,1,0,0,323771,0
28307,24,0,0,0,323772,0
28308,24,0,0,0,323773,0
28309,24,0,0,0,323774,0
28310,24,1,0,0,323775,0
28311,2,1,0,0,176475,176476
28312,1,0,0,0,161893,161894
28313,24,0,0,0,323776,0
28314,21,0,0,0,323777,0
28315,24,1,0,0,323778,0
28316,1,0,0,0,161891,161892
28317,21,0,0,0,323779,0
28318,5,1,0,0,189859,189860
28319,24,1,0,0,323780,0
28320,24,1,0,0,323781,0
28321,24,0,0,0,323782,0
28322,24,0,0,0,323783,0
28323,24,1,0,0,323784,0
28324,24,1,0,0,323785,0
28325,24,0,0,0,323786,0
28326,24,1,0,0,323787,0
28327,24,0,0,0,323788,0
28328,24,1,0,0,323789,0
28329,21,0,0,0,323790,0
28330,18,0,0,0,323791,0
28331,24,1,0,0,323792,0
28332,24,1,0,0,323793,0
28333,24,0,0,0,204520,0
28334,24,0,0,0,323794,0
28335,5,0,0,0,185039,185040
28336,24,1,0,0,323795,0
28337,24,0,0,0,323796,0
28338,24,1,0,0,323797,0
28339,24,1,0,0,323798,0
28340,11,1,0,0,150701,150702
28341,2,0,0,0,170046,170047
28342,24,1,0,0,323799,0
28343,24,0,0,0,323800,0
28344,3,0,0,0,323801,323802
28345,3,0,0,0,323803,323804
28346,3,0,0,0,323805,323806
28347,1,0,0,0,161883,161884
28348,1,1,0,0,135561,135562
28349,24,0,0,0,323807,0
28350,24,0,0,0,323808,0
28351,24,0,0,0,323809,0
28352,24,0,0,0,323810,0
28353,24,1,0,0,323811,0
28354,24,1,0,0,323812,0
28355,18,0,0,0,323813,0
28356,18,0,0,0,323814,0
28370,3,0,0,0,323815,323816
28371,6,0,0,0,116189,116190
28372,2,0,0,0,170044,170045
28373,9,1,0,2,323817,0
28374,22,0,0,0,323818,0
28375,1,0,0,0,161881,161882
28376,1,0,0,0,161879,161880
28377,1,1,0,0,135563,135564
28378,1,1,0,0,135565,135566
28379,2,0,0,0,170042,170043
28380,2,1,0,0,176473,176474
28381,8,0,0,0,157485,157486
28382,6,1,0,0,136835,136836
28383,24,0,0,0,323819,0
28384,24,0,0,0,323820,0
28385,24,1,0,0,323821,0
28386,24,0,0,0,323822,0
28388,9,1,0,0,323823,0
28389,10,0,0,0,209860,209861
28390,8,0,0,0,157483,157484
28391,7,0,0,0,119336,119337
28392,24,0,0,0,323824,0
28393,24,1,0,0,323825,0
28394,24,1,0,0,323826,0
28395,24,1,0,0,323827,0
28396,7,0,0,0,119332,119335
28397,5,0,0,0,189857,189858
28398,24,1,0,0,323828,0
28399,5,0,0,0,189855,189856
28400,5,0,0,0,189853,189854
28401,1,1,0,0,135567,135568
28402,1,1,0,0,135569,135570
28403,24,1,0,0,323829,0
28404,6,0,0,0,116191,116192
28405,6,1,0,0,136838,136839
28406,8,0,0,0,157481,157482
28407,24,0,0,0,323830,0
28408,24,1,0,0,323831,0
28409,24,0,0,0,323832,0
28410,24,1,0,0,323833,0
28412,2,0,0,0,170040,170041
28413,5,0,0,0,189851,189852
28414,5,0,0,0,189849,189850
28415,24,0,0,0,323834,0
28416,24,1,0,0,323835,0
28417,2,1,0,0,176471,176472
28418,18,0,0,0,323836,0
28419,24,0,0,0,323837,0
28420,24,0,0,0,323838,0
28421,24,1,0,0,323839,0
28422,24,1,0,0,323840,0
28423,24,0,0,0,323841,0
28424,24,0,0,0,323842,0
28425,2,0,0,0,170038,170039
28426,2,0,0,0,170036,170037
28427,2,1,0,0,176469,176470
28428,2,1,0,0,176467,176468
28429,24,0,0,0,323843,0
28430,24,1,0,0,323844,0
28431,24,0,0,0,323845,0
28432,24,0,0,0,323846,0
28433,24,1,0,0,323847,0
28434,24,0,0,0,323848,0
28435,24,0,0,0,205039,0
28436,24,1,0,0,323849,0
28437,24,1,0,0,323850,0
28438,24,0,0,0,323851,0
28439,24,0,0,0,323852,0
28441,9,0,0,0,323853,0
28442,9,0,0,0,323854,0
28443,9,1,0,0,323855,0
28444,9,1,0,0,323856,0
28445,10,1,0,0,209413,209414
28446,24,1,0,0,323857,0
28447,24,1,0,0,323858,0
28448,24,0,0,0,323859,0
28449,24,0,0,0,323860,0
28450,24,1,0,0,323861,0
28451,24,1,0,0,323862,0
28452,24,0,0,0,323863,0
28453,24,0,0,0,323864,0
28454,24,0,0,0,323865,0
28455,24,0,0,0,323866,0
28456,24,0,0,0,323867,0
28457,24,1,0,0,323868,0
28458,24,1,0,0,323869,0
28459,24,0,0,0,323870,0
28460,24,1,0,0,323871,0
28461,24,1,0,0,323872,0
28462,24,1,0,0,323873,0
28463,24,0,0,0,323874,0
28464,24,0,0,0,323875,0
28465,24,0,0,0,323876,0
28466,24,0,0,0,323877,0
28467,24,1,0,0,323878,0
28468,24,0,0,0,323879,0
28469,24,1,0,0,323880,0
28470,21,0,0,0,323881,0
28472,24,0,0,0,323882,0
28473,24,0,0,0,323883,0
28474,24,1,0,0,323884,0
28475,24,0,0,0,323885,0
28476,5,0,0,0,185037,185038
28477,5,1,0,0,189847,189848
28478,24,0,0,0,323886,0
28479,4,0,0,0,174254,174255
28480,1,0,0,0,161877,161878
28481,2,0,0,0,170034,170035
28482,7,0,0,0,119330,119331
28483,3,0,0,0,323887,323888
28484,2,1,0,0,176465,176466
28485,2,0,0,0,170032,170033
28486,6,0,0,0,116193,116194
28487,24,0,0,0,323889,0
28488,24,0,0,0,323890,0
28489,24,0,0,0,323891,0
28490,24,0,0,0,323892,0
28491,24,0,0,0,323893,0
28492,24,0,0,0,323894,0
28493,24,0,0,0,323895,0
28494,24,0,0,0,323896,0
28495,24,0,0,0,323897,0
28496,24,0,0,0,323898,0
28497,24,0,0,0,323899,0
28498,24,0,0,0,323900,0
28501,24,0,0,0,323901,0
28502,24,0,0,0,323902,0
28503,24,1,0,0,323903,0
28504,24,1,0,0,323904,0
28505,24,0,0,0,323905,0
28506,24,0,0,0,323906,0
28507,24,0,0,0,323907,0
28514,24,0,0,0,204519,0
28515,24,1,0,0,204518,0
28516,24,1,0,0,204517,0
28518,24,0,0,0,323908,0
28519,24,0,0,0,323909,0
28520,24,1,0,0,323910,0
28521,24,0,0,0,323911,0
28522,24,0,0,0,323912,0
28523,24,0,0,0,323913,0
28524,6,0,0,0,116195,116196
28525,24,0,0,0,323914,0
28526,24,1,0,0,323915,0
28527,1,0,0,0,161875,161876
28528,2,0,0,0,170030,170031
28531,1,0,0,0,161873,161874
28539,24,0,0,0,323916,0
28540,24,0,0,0,323917,0
28541,24,0,0,0,323918,0
28542,24,0,0,0,323919,0
28543,2,1,0,0,176463,176464
28544,2,1,0,0,176461,176462
28545,2,0,0,0,170028,170029
28546,2,0,0,0,170026,170027
28547,24,0,0,0,323920,0
28551,24,0,0,0,204991,0
28552,24,0,0,0,204992,0
28553,24,1,0,0,205009,0
28554,24,0,0,0,204993,0
28555,24,0,0,0,204973,0
28556,24,0,0,0,204994,0
28557,24,1,0,0,205010,0
28558,24,0,0,0,204995,0
28559,24,0,0,0,204996,0
28560,24,1,0,0,205011,0
28563,24,0,0,0,323921,0
28564,24,0,0,0,323922,0
28565,24,0,0,0,323923,0
28566,24,1,0,0,323924,0
28567,24,1,0,0,323925,0
28568,24,1,0,0,323926,0
28569,24,0,0,0,323927,0
28570,24,0,0,0,323928,0
28571,24,0,0,0,323929,0
28572,24,1,0,0,323930,0
28573,24,0,0,0,323931,0
28574,24,1,0,0,323932,0
28575,24,0,0,0,323933,0
28576,24,1,0,0,323934,0
28577,1,0,0,0,161871,161872
28582,10,0,0,0,209858,209859
28586,3,0,0,0,323935,323936
28587,9,0,0,0,323937,0
28588,9,0,0,0,323938,0
28589,9,1,0,0,323939,0
28590,9,1,0,0,323940,0
28591,9,0,0,0,323941,0
28592,9,1,0,0,323942,0
28595,11,0,0,0,131146,131147
28596,11,1,0,0,150703,150704
28597,3,0,0,0,323943,323944
28598,3,1,0,0,117941,117942
28599,10,1,0,0,209411,209412
28600,3,1,0,0,117943,117944
28601,7,0,0,0,119328,119329
28602,10,1,0,0,209409,209410
28603,1,0,0,0,161869,161870
28604,1,1,0,0,135571,135572
28605,1,0,0,0,161867,161868
28606,7,1,0,0,118670,118671
28607,5,0,0,0,189845,189846
28608,24,0,0,0,323945,0
28609,1,0,0,0,161865,161866
28610,5,0,0,0,189843,189844
28611,3,0,0,0,323946,323947
28612,3,0,0,0,323948,323949
28613,3,0,0,0,323950,323951
28614,3,0,0,0,323952,323953
28615,3,0,0,0,323954,323955
28616,8,0,0,0,157479,157480
28617,8,0,0,0,157477,157478
28618,4,1,0,0,143487,143488
28619,4,1,0,2,143485,143486
28620,4,1,0,2,143483,143484
28621,4,1,0,2,143481,143482
28622,9,1,0,0,323956,0
28623,9,0,0,0,323957,0
28624,4,1,0,2,143479,143480
28625,1,0,0,0,0,161864
28626,10,0,0,0,209856,209857
28627,10,1,0,0,209407,209408
28628,10,1,0,0,209405,209406
28629,1,1,0,0,135573,135574
28633,2,1,0,0,176459,176460
28634,2,1,0,0,176457,176458
28637,9,0,0,0,323958,0
28638,9,0,6,0,323959,0
28639,9,1,0,0,323960,0
28640,9,1,0,0,323961,0
28641,9,0,0,0,323962,0
28642,9,0,0,0,323963,0
28643,9,0,0,0,323964,0
28646,2,1,0,2,176455,176456
28647,2,1,0,2,176453,176454
28648,11,0,0,0,131144,131145
28649,11,1,0,0,150705,150706
28650,7,0,0,0,119326,119327
28651,9,0,0,0,323965,0
28652,2,1,0,0,176451,176452
28653,8,0,0,0,157475,157476
28654,6,0,0,0,116197,116198
28655,7,0,0,0,119324,119325
28656,7,0,0,0,119320,119321
28657,7,1,0,0,118668,118669
28658,7,0,0,0,119318,119319
28659,7,1,0,0,118666,118667
28660,9,0,0,0,323966,0
28661,9,0,0,0,323967,0
28662,9,1,0,0,323968,0
28663,9,1,0,0,323969,0
28664,2,0,0,0,170024,170025
28665,9,0,0,0,323970,0
28666,9,1,0,0,323971,0
28668,1,0,0,0,161861,161862
28669,1,1,0,0,135575,135576
28670,9,0,0,0,323972,0
28671,9,0,0,0,323973,0
28672,9,1,0,0,323974,0
28673,9,0,0,0,323975,0
28674,2,0,0,0,170022,170023
28675,2,1,0,0,176449,176450
28676,9,0,0,0,323976,0
28677,9,1,0,0,323977,0
28678,9,0,0,0,323978,0
28679,9,1,0,0,323979,0
28680,9,1,0,0,323980,0
28681,9,1,0,0,323981,0
28682,9,0,0,0,323982,0
28683,9,0,0,0,323983,0
28684,9,1,0,0,323984,0
28685,9,1,0,0,323985,0
28686,9,1,0,0,323986,0
28687,9,1,0,0,323987,0
28688,9,1,0,0,323988,0
28689,9,0,0,0,323989,0
28690,9,0,0,0,323990,0
28691,9,0,0,0,323991,0
28692,9,0,0,0,323992,0
28693,9,0,0,0,323993,0
28694,9,0,0,0,323994,0
28695,9,0,0,0,323995,0
28696,9,0,0,0,323996,0
28697,9,0,0,0,323997,0
28698,9,0,0,0,323998,0
28699,9,0,0,0,323999,0
28700,9,1,0,0,324000,0
28701,9,1,0,0,324001,0
28702,9,1,0,0,324002,0
28703,9,1,0,0,324003,0
28704,9,1,0,0,324004,0
28705,9,1,0,0,324005,0
28706,9,1,0,0,324006,0
28707,9,1,0,0,324007,0
28708,6,0,0,0,116199,116200
28709,1,1,0,0,135577,135578
28710,9,0,0,0,324008,0
28711,3,0,0,0,324009,324010
28712,3,0,0,0,324011,324012
28713,5,1,0,0,189841,189842
28714,1,1,0,0,135579,135580
28718,10,1,0,0,209403,209404
28719,10,1,0,0,209401,209402
28720,10,1,0,0,209399,209400
28721,10,1,0,0,209397,209398
28722,7,0,0,0,119316,119317
28723,9,0,0,0,324013,0
28724,9,0,0,0,324014,0
28725,1,0,0,0,161859,161860
28726,6,0,0,0,116201,116202
28727,1,0,0,0,161857,161858
28728,7,0,0,0,119314,119315
28729,4,0,0,0,174252,174253
28730,10,1,0,0,209395,209396
28731,10,1,0,0,209393,209394
28732,10,0,0,0,209854,209855
28733,10,0,0,0,209852,209853
28734,7,1,0,0,118664,118665
28735,9,0,0,0,324015,0
28736,9,1,0,0,324016,0
28737,9,1,0,0,324017,0
28738,8,0,0,0,157473,157474
28739,8,0,0,0,157471,157472
28740,10,0,0,0,209850,209851
28741,10,0,0,0,209848,209849
28742,10,0,0,0,209846,209847
28743,10,1,0,0,209391,209392
28744,10,1,0,0,209389,209390
28748,9,1,0,0,324018,0
28749,22,0,0,0,324019,0
28750,1,1,0,0,135581,135582
28751,1,0,0,0,161855,161856
28752,1,0,0,0,161853,161854
28753,1,1,0,0,135583,135584
28754,3,0,0,0,324020,324021
28755,2,0,0,0,170020,170021
28756,2,1,0,0,176447,176448
28757,2,0,0,0,170018,170019
28758,2,0,0,0,170016,170017
28759,9,0,0,0,324022,0
28764,2,0,0,0,170014,170015
28765,2,1,0,0,176445,176446
28766,6,0,0,0,116203,116204
28767,6,1,0,0,136840,136841
28768,5,0,0,0,189839,189840
28769,5,1,0,0,189837,189838
28770,8,0,0,0,157469,157470
28771,8,1,0,0,177180,177181
28772,10,0,0,0,209844,209845
28773,10,1,0,0,209387,209388
28774,9,0,0,0,324023,0
28775,9,1,0,0,324024,0
28776,24,0,0,0,324025,0
28777,24,1,0,0,324026,0
28778,11,0,0,0,131142,131143
28779,11,1,0,0,150707,150708
28780,3,0,0,0,324027,324028
28781,3,1,0,0,117945,117946
28782,22,0,0,0,324029,0
28783,22,1,0,0,324030,0
28784,2,0,0,0,170012,170013
28785,4,0,0,0,174250,174251
28786,4,1,0,0,143477,143478
28787,7,0,0,0,119312,119313
28788,7,1,0,0,118662,118663
28789,1,0,0,0,161851,161852
28790,1,1,0,0,135585,135586
28791,3,1,0,0,117947,117948
28792,8,1,0,2,177178,177179
28793,3,0,0,0,324031,324032
28794,3,0,0,0,324033,324034
28795,3,1,0,0,117949,117950
28796,3,1,0,2,117951,117952
28797,3,1,0,0,117953,117954
28798,8,1,0,2,177176,177177
28799,4,1,0,0,143475,143476
28800,3,1,0,2,117955,117956
28801,10,0,0,0,0,209843
28802,4,0,0,0,174248,174249
28803,3,1,0,2,117957,117958
28804,3,1,0,2,117959,117960
28805,8,1,0,2,177174,177175
28806,8,1,0,2,177172,177173
28807,3,1,0,2,117961,117962
28808,3,1,0,0,117963,117964
28810,2,0,0,0,170010,170011
28811,2,0,0,0,170008,170009
28812,1,1,0,0,135587,135588
28813,24,1,0,0,324035,0
28814,24,0,0,0,324036,0
28815,2,1,0,0,176443,176444
28816,24,1,0,0,324037,0
28817,2,1,0,0,176441,176442
28818,9,0,0,0,324038,0
28843,24,1,0,0,324039,0
28844,24,1,0,0,324040,0
28845,2,0,0,0,170006,170007
28847,2,0,0,0,170004,170005
28848,6,0,0,0,116205,116206
28849,24,1,0,0,324041,0
28850,8,1,0,0,177170,177171
28851,11,0,0,0,131140,131141
28852,24,0,0,0,324042,0
28853,1,1,0,0,135589,135590
28854,22,1,0,0,324043,0
28855,1,0,0,0,161849,161850
28856,3,0,0,0,324044,324045
28857,4,1,0,0,143473,143474
28858,7,1,0,0,118660,118661
28859,1,1,0,0,135591,135592
28860,1,0,0,0,161847,161848
28861,7,0,0,0,119310,119311
28862,7,1,0,0,118658,118659
28863,4,1,0,0,143471,143472
28864,4,0,0,0,174246,174247
28866,3,0,0,0,324046,324047
28867,2,0,0,0,170002,170003
28868,2,0,0,0,170000,170001
28869,2,0,0,0,169998,169999
28870,2,0,0,0,169996,169997
28871,2,0,0,0,169994,169995
28872,2,0,0,0,169992,169993
28873,3,0,0,0,137091,137092
28874,10,0,0,0,209840,209841
28875,2,0,0,0,169990,169991
28876,7,1,0,0,118656,118657
28877,9,0,0,0,324048,0
28878,7,0,0,0,119308,119309
28879,7,0,0,0,119306,119307
28880,7,1,0,0,118654,118655
28881,7,1,0,0,118652,118653
28882,7,0,0,0,119304,119305
28883,9,0,0,0,324049,0
28884,4,1,0,0,143469,143470
28885,4,1,0,0,143467,143468
28886,4,1,0,0,143465,143466
28887,4,1,0,0,143463,143464
28888,1,1,0,0,135593,135594
28889,1,0,0,0,161845,161846
28890,5,0,0,0,189835,189836
28891,5,1,0,0,189833,189834
28892,9,1,0,0,324050,0
28893,8,0,0,0,157467,157468
28894,8,0,0,0,157465,157466
28895,9,0,0,0,324051,0
28896,9,0,0,0,324052,0
28897,10,1,0,0,209385,209386
28898,2,1,0,2,176439,176440
28899,7,0,0,0,119302,119303
28900,2,0,0,0,169988,169989
28901,2,0,0,0,169986,169987
28902,2,1,0,0,176437,176438
28903,2,1,0,0,176435,176436
28904,3,1,0,0,117965,117966
28905,7,0,0,0,119300,119301
28906,5,1,0,0,189831,189832
28907,5,1,0,0,189829,189830
28908,1,0,0,0,161843,161844
28910,1,0,0,0,161841,161842
28911,1,1,0,0,135595,135596
28912,1,1,0,0,135597,135598
28913,1,0,0,0,161839,161840
28914,8,0,0,0,0,157464
28915,10,0,0,0,209838,209839
28916,10,1,0,0,209383,209384
28917,10,0,0,0,209836,209837
28918,10,1,0,0,209381,209382
28919,10,0,0,0,209834,209835
28920,10,1,0,0,209379,209380
28921,10,0,0,0,209832,209833
28922,10,1,0,0,209377,209378
28925,10,0,0,0,209830,209831
28926,10,0,0,0,209828,209829
28927,10,1,0,0,209375,209376
28928,10,1,0,0,209373,209374
28929,10,0,0,0,209826,209827
28930,10,1,0,0,209371,209372
28931,10,0,0,0,209824,209825
28932,10,1,0,0,209362,209370
28933,1,0,0,0,161837,161838
28934,10,1,0,0,209360,209361
28935,2,0,0,0,169984,169985
28936,2,0,0,0,169982,169983
28937,3,0,0,0,324053,324054
28938,1,0,0,0,161835,161836
28939,3,0,0,0,324055,324056
28940,7,0,0,0,119298,119299
28941,3,0,0,0,324057,324058
28942,3,0,0,0,324059,324060
28943,3,0,0,0,324061,324062
28944,3,0,0,0,324063,324064
28945,24,0,0,0,324065,0
28946,24,0,0,0,324066,0
28947,24,0,0,0,324067,0
28948,24,0,0,0,324068,0
28950,14,0,0,0,324069,0
28951,10,1,0,0,209358,209359
28952,9,1,0,0,324070,0
28953,10,0,0,0,209822,209823
28954,10,0,0,0,209820,209821
28956,10,1,0,0,209356,209357
28957,10,1,0,0,209354,209355
28959,2,0,0,0,169980,169981
28960,2,0,0,0,169978,169979
28961,2,1,0,0,176433,176434
28964,2,1,0,0,176431,176432
28965,2,1,0,0,176429,176430
28966,9,0,0,0,324071,0
28967,9,1,0,0,324072,0
28968,9,1,0,0,324073,0
28971,22,1,0,0,324074,0
28976,1,0,0,0,161833,161834
28978,3,0,0,0,324075,324076
28979,24,0,0,0,324077,0
28980,24,0,0,0,324078,0
28981,24,0,0,0,324079,0
28982,24,0,0,0,324080,0
28983,24,0,0,0,324081,0
28984,24,0,0,0,324082,0
28986,1,0,0,0,189827,189828
28987,1,1,0,0,135599,135600
28990,10,0,0,0,209818,209819
28991,1,1,0,0,135605,135606
28992,1,0,0,0,189825,189826
28993,1,0,0,0,189823,189824
28994,1,1,0,0,135607,135608
28995,10,1,0,0,209352,209353
28996,10,1,0,0,209350,209351
28998,9,0,0,0,324083,0
28999,24,0,0,0,324084,0
29000,10,0,0,0,209816,209817
29001,1,0,0,0,161831,161832
29002,9,0,0,0,359798,0
29003,6,0,0,0,116207,116208
29004,7,0,0,0,119296,119297
29005,1,1,0,0,135626,135627
29006,3,1,0,0,117967,117968
29007,4,0,0,0,174244,174245
29008,2,0,0,0,169976,169977
29009,5,1,0,0,189821,189822
29010,8,0,0,0,157461,157462
29011,24,1,0,0,324085,0
29012,3,0,0,0,324086,324087
29013,1,0,0,0,0,161830
29014,5,0,0,0,135907,135908
29015,2,0,0,0,169974,169975
29016,2,0,0,0,169972,169973
29017,2,0,0,0,169970,169971
29018,2,1,0,0,176427,176428
29019,2,1,0,0,176425,176426
29020,9,0,0,0,324088,0
29021,9,1,0,0,324089,0
29022,9,1,0,0,324090,0
29023,2,0,0,0,169968,169969
29024,2,0,0,0,169966,169967
29025,2,0,0,0,169964,169965
29026,2,0,0,0,169962,169963
29027,2,1,0,0,176423,176424
29028,2,1,0,0,176421,176422
29029,2,1,0,0,176419,176420
29030,2,1,0,0,176417,176418
29031,10,1,0,0,209348,209349
29032,10,0,0,0,209814,209815
29033,10,1,0,0,209346,209347
29034,10,0,0,0,209812,209813
29035,1,0,0,0,161827,161828
29037,1,0,0,0,161825,161826
29038,1,0,0,0,161823,161824
29039,1,0,0,0,161821,161822
29040,1,1,0,0,135628,135629
29041,1,1,0,0,135630,135631
29042,1,1,0,0,135632,135633
29043,1,1,0,0,135634,135635
29045,11,0,0,0,131138,131139
29046,22,0,0,0,324091,0
29047,24,0,0,0,324092,0
29048,1,0,0,0,161819,161820
29049,10,1,0,0,209344,209345
29051,10,0,0,0,209810,209811
29052,10,1,0,0,209342,209343
29053,10,1,0,0,209340,209341
29054,2,0,0,0,169960,169961
29055,7,0,0,0,119294,119295
29064,2,1,0,0,176415,176416
29077,1,1,0,0,151222,151223
29078,7,1,0,0,118650,118651
29079,1,0,0,0,161817,161818
29080,25,1,0,0,324093,0
29081,3,0,0,0,324094,324095
29083,9,0,0,0,324096,0
29084,3,0,0,0,324097,324098
29085,10,0,0,0,209808,209809
29086,4,0,0,0,174242,174243
29087,4,0,0,0,174240,174241
29088,4,0,0,0,174238,174239
29089,4,1,0,0,143461,143462
29090,4,1,0,0,143459,143460
29091,4,1,0,0,143457,143458
29092,10,0,0,0,209806,209807
29093,10,0,0,0,209804,209805
29094,10,0,0,0,209802,209803
29095,10,1,0,0,209338,209339
29096,10,1,0,0,209336,209337
29097,10,0,0,0,209800,209801
29099,9,1,0,0,324099,0
29100,9,0,0,0,196712,0
29101,10,0,0,0,209798,209799
29102,10,1,0,0,209334,209335
29103,10,1,0,0,209332,209333
29104,1,0,0,0,161815,161816
29105,10,0,0,0,209796,209797
29106,10,1,0,0,209330,209331
29109,6,0,0,0,116209,116210
29110,6,1,0,0,136842,136843
29111,5,0,0,0,135905,135906
29112,5,1,0,0,189819,189820
29113,1,1,0,0,135636,135637
29114,1,0,0,0,161813,161814
29115,3,0,0,0,324100,324101
29118,2,0,0,0,169958,169959
29119,2,0,0,0,169956,169957
29120,2,1,0,0,176413,176414
29121,2,0,0,0,169954,169955
29122,25,0,0,0,324102,0
29123,2,0,0,0,169952,169953
29124,2,1,0,0,176411,176412
29125,2,0,0,0,169950,169951
29126,2,0,0,0,169948,169949
29127,2,0,0,0,169946,169947
29128,2,1,0,0,176409,176410
29129,2,1,0,0,176407,176408
29130,2,0,0,0,169940,169941
29131,1,0,0,0,189817,189818
29132,7,0,0,0,119292,119293
29133,7,1,0,0,118648,118649
29134,3,0,0,0,324103,324104
29136,3,1,0,2,117969,117970
29138,4,1,0,2,143455,143456
29139,4,1,0,2,143453,143454
29140,7,0,0,0,119290,119291
29141,5,0,0,0,135903,135904
29142,3,1,0,0,117971,117972
29143,2,0,0,0,169938,169939
29144,9,0,0,0,324105,0
29145,1,0,0,0,161811,161812
29146,24,1,0,0,324106,0
29147,9,0,0,0,324107,0
29148,1,1,0,0,135638,135639
29149,1,1,0,0,135640,135641
29150,24,1,0,0,324108,0
29151,1,1,0,2,135642,135643
29152,1,1,0,2,135644,135645
29153,11,0,0,0,131136,131137
29154,11,1,0,0,150709,150710
29155,9,1,0,0,324109,0
29156,9,0,0,0,324110,0
29157,7,1,0,0,118646,118647
29158,4,1,0,0,0,143452
29159,4,1,0,0,143449,143450
29160,4,1,0,0,143447,143448
29161,4,1,0,0,0,143446
29163,1,0,0,0,161809,161810
29164,4,1,0,0,143443,143444
29165,4,1,0,0,143441,143442
29166,4,1,0,0,143439,143440
29167,4,1,0,0,143437,143438
29168,4,1,0,0,143435,143436
29169,7,1,0,0,118644,118645
29170,7,0,0,0,119288,119289
29172,7,1,0,0,118642,118643
29173,2,0,0,0,169936,169937
29174,2,0,0,0,169934,169935
29175,2,1,0,0,176405,176406
29176,2,1,0,0,176403,176404
29177,1,0,0,0,161807,161808
29178,1,1,0,0,135646,135647
29179,3,0,0,0,324111,324112
29180,3,1,0,0,117973,117974
29181,5,0,0,0,135901,135902
29182,5,1,0,0,189815,189816
29183,10,0,0,0,209794,209795
29184,10,1,0,0,209328,209329
29185,22,0,0,0,324113,0
29186,4,0,0,0,174236,174237
29187,11,0,0,0,131134,131135
29188,25,0,0,0,324114,0
29189,25,0,0,0,324115,0
29190,25,0,0,0,324116,0
29191,2,0,0,0,169932,169933
29192,2,0,0,0,169930,169931
29193,2,1,0,0,176401,176402
29194,2,1,0,0,176399,176400
29195,22,0,0,0,324117,0
29196,22,1,0,0,324118,0
29197,4,0,0,0,174234,174235
29198,4,1,0,0,143433,143434
29199,1,0,0,0,161805,161806
29200,1,1,0,0,135648,135649
29201,7,0,0,0,119286,119287
29202,7,1,0,0,118640,118641
29203,3,0,0,0,324119,324120
29204,3,0,0,0,324121,324122
29205,3,1,0,0,117975,117976
29206,3,1,0,0,117977,117978
29207,6,0,0,0,116211,116212
29208,6,0,0,0,116213,116214
29209,6,1,0,0,136844,136845
29211,6,1,0,0,136846,136847
29212,10,0,0,0,209792,209793
29213,10,1,0,0,209326,209327
29214,10,1,0,0,209324,209325
29217,10,1,0,0,209322,209323
29218,10,0,0,0,209790,209791
29219,10,0,0,0,209788,209789
29220,2,0,0,0,169928,169929
29221,2,1,0,0,176397,176398
29222,2,0,0,0,169926,169927
29223,10,1,0,0,209320,209321
29224,10,1,0,0,209318,209319
29225,10,0,0,0,209786,209787
29226,10,0,0,0,209784,209785
29227,10,0,0,0,209782,209783
29228,10,0,0,0,209780,209781
29229,10,1,0,0,209316,209317
29230,10,1,0,0,209314,209315
29231,10,1,0,0,209312,209313
29232,10,1,0,0,209310,209311
29233,10,0,0,0,209778,209779
29234,10,0,0,0,209776,209777
29235,10,0,0,0,209774,209775
29236,10,0,0,0,209772,209773
29237,10,1,0,0,209308,209309
29238,10,1,0,0,209306,209307
29239,1,0,0,0,161803,161804
29241,1,0,0,0,161801,161802
29242,1,1,0,0,135650,135651
29243,1,1,0,0,135652,135653
29244,1,1,0,0,135654,135655
29245,1,1,0,0,135656,135657
29246,1,0,0,0,161799,161800
29247,1,0,0,0,161797,161798
29248,10,0,0,0,209770,209771
29249,10,0,0,0,209768,209769
29250,10,1,0,0,209304,209305
29251,10,1,0,0,209302,209303
29252,1,0,0,0,161795,161796
29253,9,0,0,0,324123,0
29254,9,0,0,0,324124,0
29255,6,0,0,0,116215,116216
29256,8,0,0,0,130448,157460
29257,9,1,0,0,324125,0
29258,9,1,0,0,324126,0
29259,6,1,0,0,136848,136849
29260,8,1,0,0,177168,177169
29261,7,0,0,0,119284,119285
29262,7,0,0,0,119282,119283
29263,3,0,0,0,324127,324128
29264,11,0,0,0,131132,131133
29265,7,1,0,0,118638,118639
29266,7,1,0,0,118636,118637
29267,3,1,0,0,117979,117980
29268,11,1,0,0,150711,150712
29269,1,0,0,0,161793,161794
29270,2,1,0,0,176395,176396
29271,1,1,0,0,135658,135659
29272,8,0,0,0,157458,157459
29273,8,1,0,0,177166,177167
29274,8,1,0,0,177164,177165
29275,8,0,0,0,157456,157457
29276,8,0,0,0,157452,157453
29280,1,1,0,0,135660,135661
29281,8,0,0,0,157450,157451
29282,8,1,0,0,177162,177163
29283,8,1,0,0,177160,177161
29284,1,0,0,0,161791,161792
29286,2,0,0,0,169924,169925
29287,2,1,0,0,176393,176394
29288,1,0,0,0,161789,161790
29289,2,1,0,0,176391,176392
29290,1,1,0,0,135662,135663
29291,24,0,0,0,324129,0
29294,8,1,0,0,177158,177159
29295,8,0,0,0,157448,157449
29297,24,1,0,0,324130,0
29298,18,0,0,0,324131,0
29301,18,0,0,0,324132,0
29302,18,0,0,0,324133,0
29303,18,0,0,0,324134,0
29304,18,0,0,0,324135,0
29305,18,0,0,0,324136,0
29306,18,0,0,0,324137,0
29307,18,0,0,0,324138,0
29308,18,0,0,0,324139,0
29309,8,1,0,0,177156,177157
29311,18,0,0,0,324140,0
29312,18,0,0,0,324141,0
29313,18,0,0,0,324142,0
29315,1,0,0,0,161787,161788
29316,9,0,0,0,324143,0
29317,18,0,0,0,324144,0
29318,18,0,0,0,324145,0
29319,8,1,0,0,177154,177155
29320,8,1,0,0,177152,177153
29321,8,0,0,0,157446,157447
29322,8,0,0,0,157444,157445
29323,1,1,0,0,135664,135665
29324,1,1,0,0,135666,135667
29325,10,0,0,0,209766,209767
29327,10,0,0,0,209764,209765
29328,3,0,0,0,324146,324147
29329,8,0,0,0,157442,157443
29330,8,0,0,0,157440,157441
29331,8,0,0,0,157438,157439
29332,8,0,0,0,157436,157437
29333,21,0,0,0,324148,0
29334,21,0,0,0,324149,0
29335,21,0,0,0,324150,0
29336,21,0,0,0,324151,0
29337,9,0,0,0,324152,0
29338,9,0,0,0,324153,0
29339,9,0,0,0,324154,0
29340,9,0,0,0,324155,0
29341,24,0,0,0,324156,0
29342,24,0,0,0,324157,0
29345,8,0,0,0,157434,157435
29346,8,0,0,0,157432,157433
29347,8,0,0,0,157430,157431
29348,8,0,0,0,157428,157429
29349,10,0,0,0,209762,209763
29350,10,0,0,0,209760,209761
29351,10,0,0,0,209758,209759
29352,5,1,0,0,189813,189814
29353,18,0,0,0,324158,0
29354,10,1,0,0,209300,209301
29355,10,1,0,0,209298,209299
29356,10,1,0,0,209296,209297
29357,10,0,0,0,209756,209757
29358,10,0,0,0,209753,209754
29359,10,0,0,0,209750,209752
29360,10,1,0,0,209294,209295
29361,10,1,0,0,209292,209293
29362,10,0,0,0,209747,209749
29363,10,1,0,0,209290,209291
29364,10,0,0,0,209745,209746
29365,8,1,0,0,177150,177151
29366,10,1,0,0,209288,209289
29367,8,1,0,0,177148,177149
29368,24,0,0,0,324159,0
29369,24,1,0,2,324160,0
29370,10,0,0,0,209743,209744
29371,24,1,0,2,324161,0
29372,24,0,0,0,324162,0
29373,24,0,0,0,324163,0
29374,24,0,0,0,324164,0
29375,24,1,0,0,324165,0
29376,24,1,0,0,324166,0
29378,10,1,0,0,209286,209287
29382,10,0,0,0,209739,209741
29383,10,1,0,0,209284,209285
29384,10,1,0,0,209282,209283
29385,1,1,0,0,135668,135669
29386,11,0,0,0,131130,131131
29387,1,0,0,0,161785,161786
29388,10,1,0,0,209280,209281
29389,1,0,0,0,161783,161784
29390,1,0,0,0,161781,161782
29391,1,0,0,0,161779,161780
29392,10,0,0,0,209737,209738
29393,1,1,0,0,135670,135671
29394,10,0,0,0,209733,209735
29395,10,0,0,0,209731,209732
29396,10,0,0,0,209727,209729
29397,10,1,0,0,209278,209279
29398,10,1,0,0,209276,209277
29399,3,1,0,0,117981,117982
29400,3,0,0,0,118530,118531
29401,3,0,0,0,118528,118529
29402,1,0,0,0,161777,161778
29403,10,0,0,0,209725,209726
29404,22,1,0,0,324167,0
29405,24,0,0,0,324168,0
29406,24,1,0,0,324169,0
29407,9,0,0,0,324170,0
29408,1,1,0,0,135672,135673
29409,10,0,0,0,209723,209724
29410,21,0,0,0,324171,0
29411,8,0,0,0,157426,157427
29412,21,0,0,0,324172,0
29413,21,0,0,0,324173,0
29414,8,0,0,0,157424,157425
29415,8,1,0,0,177146,177147
29416,8,1,0,0,177144,177145
29417,1,0,0,0,161775,161776
29418,1,0,0,0,161773,161774
29419,1,0,0,0,161771,161772
29420,10,1,0,0,209274,209275
29421,2,0,6,0,169922,169923
29422,2,0,0,0,169920,169921
29423,21,0,0,0,324174,0
29424,21,0,0,0,324175,0
29425,21,0,0,0,324176,0
29426,21,0,0,0,324177,0
29427,21,0,0,0,324178,0
29428,21,0,0,0,324179,0
29429,21,0,0,0,324180,0
29430,21,0,0,0,324181,0
29431,21,0,0,0,324182,0
29432,5,0,0,0,135899,135900
29433,21,0,0,0,324183,0
29434,21,0,0,0,324184,0
29435,21,0,0,0,324185,0
29436,3,0,0,0,118526,118527
29437,7,0,0,0,119280,119281
29438,9,0,0,0,324186,0
29439,21,0,0,0,324187,0
29440,21,0,0,0,324188,0
29441,21,0,0,0,324189,0
29442,9,0,0,0,324190,0
29443,1,1,0,0,135674,135675
29444,7,0,0,0,119278,119279
29445,9,0,0,0,324191,0
29446,8,0,0,0,324192,425513
29447,11,0,0,0,131128,131129
29448,1,0,0,0,161769,161770
29453,9,0,0,0,324193,0
29454,1,0,0,0,161767,161768
29455,1,0,0,0,161765,161766
29458,4,1,0,0,143431,143432
29459,4,0,0,0,174232,174233
29460,9,1,0,0,324194,0
29461,24,0,0,0,324195,0
29462,4,0,0,0,174230,174231
29463,24,0,0,0,324196,0
29464,3,0,0,0,118524,118525
29465,7,1,0,0,118634,118635
29466,5,0,0,0,135897,135898
29468,8,0,0,0,157422,157423
29469,10,0,0,0,209721,209722
29470,10,1,0,0,209272,209273
29471,3,0,0,0,118522,118523
29472,3,0,0,0,118520,118521
29473,3,0,0,0,118518,118519
29474,3,1,0,0,117983,117984
29475,3,1,0,0,117985,117986
29476,10,1,0,0,209270,209271
29477,10,1,0,0,209268,209269
29478,10,0,0,0,209719,209720
29479,10,0,0,0,209717,209718
29480,3,1,0,0,117987,117988
29481,9,0,0,0,324197,0
29482,3,1,0,0,117989,117990
29483,24,1,0,0,324198,0
29484,24,0,0,0,324199,0
29485,10,0,0,0,0,209716
29486,10,1,0,0,0,209267
29487,1,1,0,0,135676,135677
29488,7,0,0,0,119276,119277
29489,4,1,0,0,143429,143430
29490,8,0,0,0,157420,157421
29491,10,1,0,0,209264,209265
29492,5,0,0,0,135895,135896
29493,10,0,0,0,209713,209714
29494,10,1,0,0,209262,209263
29495,1,1,0,0,135678,135679
29496,7,0,0,0,119274,119275
29497,24,1,0,0,324200,0
29498,1,0,0,0,161763,161764
29499,24,0,0,0,324201,0
29500,9,0,0,0,324202,0
29501,24,1,0,0,324203,0
29502,24,0,0,0,324204,0
29503,24,0,0,0,324205,0
29504,24,0,0,0,324206,0
29505,24,0,0,0,324207,0
29506,24,0,0,0,324208,0
29507,24,0,0,0,324209,0
29508,24,1,0,0,324210,0
29509,10,1,0,0,209260,209261
29510,10,1,0,0,209258,209259
29511,1,0,0,0,161761,161762
29512,24,0,0,0,324211,0
29513,24,0,0,0,324212,0
29514,7,0,0,0,119272,119273
29521,10,0,0,0,209711,209712
29525,9,0,0,0,324213,0
29526,9,0,0,0,324214,0
29527,9,0,0,0,324215,0
29530,9,1,0,0,324216,0
29531,9,0,0,0,324217,0
29532,9,0,0,0,324218,0
29533,9,1,0,0,324219,0
29534,3,0,0,0,118516,118517
29537,9,0,0,0,324220,0
29538,9,0,0,0,324221,0
29539,9,1,0,0,324222,0
29540,9,1,0,0,324223,0
29541,9,0,0,0,324224,0
29542,9,0,0,0,324225,0
29543,9,1,0,0,324226,0
29544,9,1,0,0,324227,0
29545,9,1,0,0,324228,0
29546,18,0,0,0,324229,0
29547,3,0,0,0,118514,118515
29549,24,1,0,0,324230,0
29550,24,1,0,0,324231,0
29551,9,0,0,0,324232,0
29552,7,0,0,0,119270,119271
29553,10,1,6,0,209256,209257
29554,6,0,0,0,0,116218
29555,2,1,0,0,176389,176390
29556,3,0,0,0,0,118513
29557,7,1,0,0,118632,118633
29558,1,0,0,0,161759,161760
29559,1,0,0,0,161757,161758
29560,10,0,0,0,209709,209710
29561,1,0,0,0,161755,161756
29562,3,0,0,0,118510,118511
29563,3,1,0,0,117991,117992
29564,8,1,0,0,177142,177143
29565,8,1,0,0,177140,177141
29566,8,1,0,0,177138,177139
29567,9,0,0,0,324233,0
29568,9,0,0,0,324234,0
29569,9,1,0,0,324235,0
29570,9,1,0,0,324236,0
29571,8,1,0,0,177136,177137
29574,9,0,6,0,324237,0
29575,5,0,0,0,135893,135894
29576,3,0,0,0,118508,118509
29578,3,0,0,0,118506,118507
29579,1,0,0,0,161753,161754
29580,7,0,0,0,119268,119269
29581,1,1,0,0,135680,135681
29582,2,0,0,0,169918,169919
29583,4,1,0,0,143427,143428
29584,16,0,0,0,253899,0
29585,1,0,0,0,161635,161752
29586,25,0,0,0,324238,0
29587,25,0,0,0,324239,0
29588,24,0,0,0,324240,0
29589,25,0,0,0,324241,0
29590,25,0,0,0,324242,0
29593,6,0,0,0,116219,116220
29594,7,0,0,0,119266,119267
29599,2,0,0,0,169916,169917
29600,2,0,0,0,169914,169915
29601,2,1,0,0,176387,176388
29602,2,1,0,0,176385,176386
29603,24,0,0,0,324243,0
29604,2,0,0,0,169912,169913
29605,8,0,0,0,157418,157419
29606,8,0,0,0,157416,157417
29607,8,1,0,0,177134,177135
29608,8,1,0,0,177132,177133
29609,2,0,0,0,169910,169911
29610,5,0,0,0,135891,135892
29611,9,0,0,0,324244,0
29612,2,0,0,0,169908,169909
29613,2,1,0,0,176383,176384
29614,9,0,0,0,324245,0
29615,9,1,0,0,324246,0
29616,2,0,0,0,169906,169907
29617,9,1,0,0,324247,0
29619,9,1,0,0,324248,0
29620,9,0,0,0,324249,0
29621,9,0,0,0,324250,0
29622,9,1,0,0,324251,0
29623,9,1,0,0,324252,0
29624,9,0,0,0,324253,0
29625,9,0,0,0,324254,0
29626,2,0,0,0,169904,169905
29627,2,0,0,0,169902,169903
29628,2,1,0,0,176381,176382
29629,2,1,0,0,176379,176380
29630,2,0,0,0,169900,169901
29631,2,1,0,0,176377,176378
29632,2,1,0,0,176375,176376
29633,2,0,0,0,169898,169899
29634,2,0,0,0,169896,169897
29635,8,0,0,0,157414,157415
29636,7,0,0,0,119264,119265
29637,1,0,0,0,161633,161634
29638,3,0,0,0,118504,118505
29639,1,1,0,0,135682,135683
29640,8,0,0,0,157412,157413
29641,8,0,0,0,157410,157411
29642,8,1,0,0,177130,177131
29643,8,1,0,0,177128,177129
29644,8,0,0,0,157408,157409
29645,8,1,0,0,177126,177127
29646,8,0,0,0,157406,157407
29647,8,1,0,0,177124,177125
29648,2,0,0,0,169894,169895
29649,2,0,0,0,169892,169893
29650,2,1,0,0,176373,176374
29651,2,1,0,0,176371,176372
29653,2,0,0,0,169890,169891
29654,2,0,0,0,169888,169889
29655,2,1,0,0,176369,176370
29656,2,1,0,0,176367,176368
29657,2,0,0,0,169886,169887
29658,2,0,0,0,169884,169885
29659,2,0,0,0,169882,169883
29660,2,1,0,0,176365,176366
29661,2,0,0,0,169880,169881
29662,2,0,0,0,169878,169879
29663,2,1,0,0,176363,176364
29664,2,1,0,0,176361,176362
29665,2,1,0,0,176359,176360
29666,2,1,0,0,176357,176358
29667,2,1,0,0,176355,176356
29668,2,1,0,0,176353,176354
29670,2,1,0,0,176351,176352
29671,2,1,0,0,176349,176350
29672,2,0,0,0,169876,169877
29673,2,0,0,0,169874,169875
29674,2,1,0,0,176347,176348
29675,2,1,0,0,176345,176346
29676,2,0,0,0,169872,169873
29677,2,0,0,0,169870,169871
29680,2,0,0,0,169868,169869
29681,2,0,0,0,169866,169867
29682,2,1,0,0,176343,176344
29683,2,1,0,0,176341,176342
29684,5,0,0,0,135889,135890
29685,9,0,0,0,324255,0
29686,2,0,0,0,169864,169865
29687,2,0,0,0,169862,169863
29688,2,1,0,0,176339,176340
29689,2,1,0,0,176337,176338
29690,2,0,0,0,169860,169861
29691,2,0,0,0,169858,169859
29692,2,1,0,0,176335,176336
29693,2,1,0,0,176333,176334
29694,15,0,0,0,324256,0
29695,9,0,0,0,324257,0
29696,9,0,0,0,324258,0
29697,9,0,0,0,324259,0
29698,9,1,0,0,324260,0
29699,8,0,0,0,157404,157405
29700,8,1,0,0,177122,177123
29701,8,1,0,0,177120,177121
29702,8,0,0,0,157402,157403
29703,8,0,0,0,157400,157401
29704,8,1,0,0,177118,177119
29705,8,1,0,0,177116,177117
29706,2,0,0,0,169856,169857
29707,2,0,0,0,169854,169855
29708,2,1,0,0,176331,176332
29709,2,1,0,0,176329,176330
29710,2,1,0,0,176327,176328
29711,2,0,0,0,169852,169853
29712,4,1,0,0,143425,143426
29714,1,0,0,0,161631,161632
29715,2,0,0,0,169850,169851
29716,9,0,0,0,324261,0
29717,9,0,0,0,324262,0
29718,2,0,0,0,169848,169849
29719,2,1,0,0,176325,176326
29720,2,0,0,0,169846,169847
29721,2,1,0,0,176323,176324
29722,8,1,0,0,130438,177115
29723,8,0,0,0,157398,157399
29724,9,0,6,0,324263,0
29725,9,0,0,0,324264,0
29726,9,0,0,0,324265,0
29727,9,0,0,0,324266,0
29728,9,1,0,1,324267,0
29729,9,0,0,1,324268,0
29730,9,0,0,0,324269,0
29731,6,0,0,0,116221,116222
29732,2,0,0,0,169844,169845
29733,2,1,0,0,176321,176322
29734,2,1,0,0,176319,176320
29735,9,0,0,0,324270,0
29736,1,0,0,0,161629,161630
29737,4,0,0,0,174228,174229
29738,7,0,0,0,119262,119263
29739,7,0,0,0,119260,119261
29740,7,0,0,0,119258,119259
29741,8,0,0,0,157396,157397
29742,26,1,0,0,324271,0
29745,24,0,0,0,324272,0
29746,24,0,0,0,324273,0
29747,9,0,0,0,324274,0
29748,2,0,0,0,169842,169843
29749,9,0,0,0,324275,0
29750,9,1,0,0,324276,0
29751,1,0,0,0,161627,161628
29752,2,1,0,0,176317,176318
29753,2,1,0,0,176315,176316
29754,2,1,0,0,176313,176314
29755,2,0,0,0,169840,169841
29756,7,0,0,0,119256,119257
29757,24,0,0,0,324277,0
29758,24,0,0,0,324278,0
29759,24,1,0,0,324279,0
29760,24,1,0,0,324280,0
29761,24,0,0,0,324281,0
29762,24,0,0,0,324282,0
29763,6,0,0,0,116223,116224
29764,24,0,0,0,324283,0
29765,24,0,0,0,324284,0
29766,24,0,0,0,324285,0
29767,2,0,0,0,169838,169839
29768,2,0,0,0,169836,169837
29769,2,0,0,0,169834,169835
29770,2,0,0,0,169832,169833
29771,2,0,0,0,169830,169831
29772,4,0,0,0,174226,174227
29774,7,0,0,0,0,119255
29775,2,0,0,0,169828,169829
29777,2,0,0,0,169826,169827
29778,2,0,0,0,169824,169825
29779,2,0,0,0,169822,169823
29780,2,1,0,0,176311,176312
29781,2,1,0,0,176309,176310
29782,2,0,0,0,169820,169821
29783,2,0,0,0,169818,169819
29785,2,0,0,0,169816,169817
29786,2,0,0,0,169814,169815
29787,2,1,0,0,176307,176308
29788,2,1,0,0,176305,176306
29789,2,1,0,0,176303,176304
29790,2,1,0,0,176301,176302
29793,1,1,0,0,135684,135685
29796,9,0,0,0,324286,0
29797,9,0,0,0,324287,0
29799,2,0,0,0,169812,169813
29800,2,0,0,0,169810,169811
29801,2,1,0,0,176299,176300
29802,2,1,0,0,176297,176298
29804,2,0,0,0,169808,169809
29805,2,0,0,0,169806,169807
29806,2,1,0,0,176295,176296
29807,2,1,0,0,176293,176294
29808,2,0,0,0,169804,169805
29811,2,0,0,0,169802,169803
29814,3,0,0,0,118502,118503
29815,3,1,0,0,117993,117994
29816,3,0,0,0,118500,118501
29817,3,1,0,0,117995,117996
29818,3,1,0,0,117997,117998
29819,3,0,0,0,118498,118499
29820,3,0,0,0,118496,118497
29821,11,0,0,0,131126,131127
29822,11,1,0,0,150713,150714
29825,2,0,0,0,160909,160910
29826,2,0,0,0,169800,169801
29827,2,0,0,0,169798,169799
29828,2,0,0,0,169796,169797
29829,2,0,0,0,112680,112681
29830,2,0,0,0,112682,112683
29831,2,0,0,0,169794,169795
29832,2,0,0,0,169792,169793
29833,2,0,0,0,169790,169791
29834,2,0,0,0,169788,169789
29835,1,1,0,0,135686,135687
29836,1,0,0,0,161625,161626
29838,1,0,0,0,161623,161624
29840,1,1,0,0,135688,135689
29841,1,1,0,0,135690,135691
29842,1,1,0,0,135692,135693
29843,1,1,0,0,135694,135695
29844,1,1,0,0,135696,135697
29845,1,0,0,0,161621,161622
29846,1,0,0,0,161619,161620
29848,1,0,0,0,161617,161618
29849,24,1,0,0,324288,0
29850,1,1,0,0,135698,135699
29851,1,0,0,0,161615,161616
29852,1,0,0,0,161613,161614
29853,1,0,0,0,161611,161612
29854,1,1,0,0,135700,135701
29855,1,0,0,0,161609,161610
29856,1,1,0,0,135702,135703
29857,1,1,0,0,135704,135705
29858,2,0,0,0,169786,169787
29860,2,0,0,0,169784,169785
29861,2,0,0,0,169782,169783
29862,2,0,0,0,169780,169781
29863,2,0,0,0,169778,169779
29865,2,0,0,0,169776,169777
29866,1,0,0,0,161607,161608
29867,4,1,0,0,143423,143424
29868,7,0,0,0,119252,119253
29869,25,1,0,2,324289,0
29873,2,0,0,0,169774,169775
29874,2,0,0,0,169772,169773
29875,2,1,0,0,176291,176292
29876,2,0,0,0,169770,169771
29877,10,1,0,0,209254,209255
29878,9,0,0,0,324290,0
29879,2,1,0,0,176289,176290
29880,1,0,0,0,161605,161606
29885,5,0,0,0,135887,135888
29886,5,0,0,0,135885,135886
29887,24,0,0,0,324291,0
29888,2,1,0,0,176287,176288
29894,24,0,0,0,324292,0
29895,24,0,0,0,324293,0
29896,24,1,0,0,324294,0
29897,24,1,0,0,324295,0
29898,2,1,0,0,176285,176286
29899,2,1,0,0,176283,176284
29900,2,0,0,0,169768,169769
29901,2,0,0,0,169766,169767
29902,2,1,0,0,176281,176282
29903,2,1,0,0,176279,176280
29904,2,0,0,0,169764,169765
29905,2,0,0,0,169762,169763
29906,2,0,0,0,112670,112671
29907,2,1,0,0,112672,112673
29910,6,0,0,0,116225,116226
29911,2,1,0,0,176277,176278
29912,2,0,0,0,112674,112675
29913,2,1,0,0,112676,112677
29914,2,1,0,0,126975,126976
29915,2,0,0,0,169760,169761
29916,2,0,0,0,169758,169759
29917,2,1,0,0,176275,176276
29918,2,1,0,0,176273,176274
29939,24,0,0,0,324296,0
30014,1,1,0,0,135706,135707
30015,1,1,0,0,135708,135709
30016,1,0,0,0,161603,161604
30019,1,0,0,0,161601,161602
30020,1,0,0,0,161599,161600
30021,1,0,0,0,161597,161598
30022,1,0,0,0,161595,161596
30023,1,0,0,0,161593,161594
30024,1,0,0,0,161591,161592
30025,1,0,0,0,161589,161590
30026,1,1,0,0,135710,135711
30044,1,0,0,0,161587,161588
30045,9,0,0,0,324297,0
30048,2,1,0,0,176271,176272
30049,2,0,0,0,169756,169757
30070,6,0,0,0,116227,116228
30071,2,0,0,0,169754,169755
30072,2,0,0,0,169752,169753
30073,2,0,0,0,169750,169751
30074,2,0,0,0,169748,169749
30075,2,1,0,0,176269,176270
30076,2,0,0,0,169746,169747
30077,6,1,0,0,136850,136851
30088,6,0,0,0,116229,116230
30089,24,0,0,0,324298,0
30112,11,0,0,0,131124,131125
30113,2,0,6,0,169744,169745
30116,3,0,0,0,118494,118495
30117,3,0,0,0,118492,118493
30118,3,1,0,0,117999,118000
30119,3,0,0,0,118490,118491
30120,7,0,0,0,119250,119251
30121,7,0,0,0,119248,119249
30122,7,1,0,0,118630,118631
30123,7,1,0,0,118628,118629
30124,1,0,0,0,161585,161586
30125,2,0,6,0,169742,169743
30126,1,0,0,0,161583,161584
30127,2,0,0,0,169740,169741
30128,1,0,0,0,161581,161582
30129,2,0,0,0,169738,169739
30130,2,0,0,0,169736,169737
30131,2,1,0,0,176267,176268
30132,2,1,0,0,176265,176266
30133,2,0,0,0,169734,169735
30134,2,0,0,0,169732,169733
30135,2,0,0,0,169730,169731
30136,2,1,0,0,176263,176264
30137,2,1,0,0,176261,176262
30138,2,1,0,0,176259,176260
30139,2,0,0,0,169728,169729
30140,2,0,0,0,169726,169727
30141,2,1,0,0,176257,176258
30153,10,0,0,0,209707,209708
30154,10,1,0,0,209252,209253
30158,9,0,0,0,324299,0
30159,5,1,0,0,189811,189812
30160,2,0,0,0,169724,169725
30161,2,0,0,0,169722,169723
30162,2,1,0,0,176255,176256
30163,2,1,0,0,176253,176254
30168,2,1,0,0,176251,176252
30169,2,0,0,0,169720,169721
30170,2,0,0,0,169718,169719
30171,2,1,0,0,176249,176250
30173,2,0,0,0,169716,169717
30174,2,0,0,0,169714,169715
30178,2,0,0,0,169712,169713
30179,2,0,0,0,169710,169711
30185,2,0,0,0,124143,124144
30225,2,0,0,0,169708,169709
30226,2,0,0,0,169706,169707
30227,2,0,0,0,130005,130006
30228,4,1,0,0,143421,143422
30230,2,0,0,0,169704,169705
30231,2,0,0,0,169702,169703
30232,2,0,0,0,169700,169701
30243,1,0,0,0,161579,161580
30244,2,0,0,0,152016,152017
30245,1,0,0,0,161577,161578
30246,2,0,0,0,169698,169699
30252,2,0,0,0,152014,152015
30254,2,0,0,0,169696,169697
30256,2,1,0,0,152012,152013
30257,9,0,0,0,359799,0
30258,11,1,0,0,150715,150716
30265,2,0,0,0,169694,169695
30266,2,1,0,0,176247,176248
30267,2,0,0,0,169692,169693
30268,2,1,0,0,0,176246
30270,2,0,0,0,169690,169691
30281,24,0,0,0,324300,0
30282,2,0,0,0,169688,169689
30284,2,0,0,0,127864,127865
30287,2,1,0,0,176243,176244
30288,2,0,0,0,127858,127859
30289,2,1,0,0,176241,176242
30290,2,1,0,0,176239,176240
30291,2,0,0,0,169686,169687
30292,2,1,6,0,176237,176238
30293,2,0,0,0,127856,127857
30294,2,0,0,0,127862,127863
30311,6,0,0,0,116231,116232
30312,11,1,0,0,150717,150718
30313,1,0,0,0,161575,161576
30315,2,0,0,0,169684,169685
30330,2,1,0,0,176235,176236
30332,10,0,0,0,209705,209706
30333,2,1,0,0,176233,176234
30334,2,1,0,0,176231,176232
30335,2,0,0,0,169682,169683
30336,2,0,0,0,112668,112669
30337,2,1,0,0,176229,176230
30338,2,0,0,0,169680,169681
30339,2,0,0,0,169678,169679
30340,2,0,6,0,169676,169677
30341,2,0,0,0,169674,169675
30343,2,0,0,0,169672,169673
30344,2,0,0,0,169670,169671
30345,2,1,0,0,176227,176228
30346,2,1,0,0,176225,176226
30347,2,0,0,0,169668,169669
30348,2,0,0,0,169666,169667
30349,2,1,0,0,176223,176224
30350,2,1,0,0,176221,176222
30351,2,1,0,0,176219,176220
30352,2,1,0,0,176217,176218
30353,2,0,0,0,169664,169665
30354,2,1,0,0,176215,176216
30355,2,1,0,0,176213,176214
30356,2,0,0,0,169662,169663
30357,2,0,0,0,169660,169661
30361,2,1,0,0,176211,176212
30362,2,0,0,0,169658,169659
30363,2,0,0,0,169656,169657
30365,2,0,0,0,169654,169655
30366,24,0,0,0,324301,0
30367,24,1,0,0,324302,0
30368,24,0,0,0,324303,0
30369,24,1,0,0,324304,0
30370,24,0,0,0,324305,0
30371,24,1,0,0,324306,0
30372,2,0,0,0,169652,169653
30373,9,1,0,2,324307,0
30374,24,0,0,0,324308,0
30375,24,0,0,0,324309,0
30376,24,1,0,0,324310,0
30377,24,1,0,0,324311,0
30379,24,0,0,0,324312,0
30380,9,0,0,0,324313,0
30381,9,1,0,0,324314,0
30382,9,0,0,0,324315,0
30383,9,1,0,0,324316,0
30384,2,0,0,0,169650,169651
30385,2,0,0,0,169648,169649
30386,2,1,0,0,176209,176210
30387,2,0,0,0,169646,169647
30388,2,1,0,0,176207,176208
30389,2,1,0,0,176205,176206
30390,2,0,0,0,124145,124146
30391,2,0,0,0,124147,124148
30392,2,0,0,0,124149,124150
30393,2,0,0,0,169644,169645
30394,2,0,0,0,169642,169643
30395,2,0,0,0,169640,169641
30396,2,0,0,0,169638,169639
30397,2,0,0,0,169636,169637
30398,2,0,0,0,169634,169635
30399,2,0,0,0,169632,169633
30400,2,1,0,0,176203,176204
30401,2,0,0,0,169630,169631
30402,2,0,0,0,169628,169629
30403,1,0,0,0,161573,161574
30404,2,0,0,0,169626,169627
30406,2,0,0,0,169624,169625
30409,2,0,0,0,169622,169623
30410,2,1,0,0,176201,176202
30411,2,0,0,0,169620,169621
30412,2,1,0,0,176199,176200
30413,2,0,0,0,169618,169619
30414,2,0,0,0,169616,169617
30415,3,0,0,0,118488,118489
30417,2,1,0,0,127860,127861
30420,2,0,0,0,125591,125592
30421,2,0,0,0,169614,169615
30422,2,0,0,0,169612,169613
30423,2,0,0,0,169610,169611
30424,2,0,0,0,169608,169609
30425,2,0,0,0,127866,127867
30426,4,1,0,0,143419,143420
30427,1,1,0,0,135712,135713
30428,1,0,0,0,161571,161572
30429,9,1,0,0,324317,0
30430,24,0,0,0,324318,0
30431,24,0,0,0,324319,0
30432,24,0,0,0,324320,0
30433,24,0,0,0,324321,0
30434,24,0,0,0,324322,0
30435,1,1,0,0,135714,135715
30436,10,1,0,0,209250,209251
30437,24,0,0,0,324323,0
30438,24,0,0,0,324324,0
30440,24,0,0,0,324325,0
30441,24,0,0,0,324326,0
30445,2,1,0,0,176197,176198
30446,2,1,0,0,176195,176196
30447,2,0,0,0,169606,169607
30448,2,0,0,0,169604,169605
30449,24,1,0,0,324327,0
30450,24,0,0,0,324328,0
30451,24,1,0,0,324329,0
30452,24,0,0,0,324330,0
30453,24,0,0,0,324331,0
30454,24,1,0,0,324332,0
30455,24,1,0,0,324333,0
30457,1,0,0,0,161569,161570
30458,1,1,0,0,135716,135717
30459,3,0,0,0,118486,118487
30460,2,0,0,0,169602,169603
30461,2,1,0,0,176037,176194
30462,2,0,0,0,169600,169601
30463,10,0,0,0,209703,209704
30464,2,0,0,0,169598,169599
30465,2,1,0,0,176035,176036
30466,2,0,0,0,169596,169597
30467,2,0,0,0,169594,169595
30468,2,0,0,0,169592,169593
30469,2,1,0,0,176033,176034
30470,2,1,0,0,176031,176032
30471,10,0,0,0,209701,209702
30472,2,0,0,0,151254,151255
30473,2,0,0,0,151256,151257
30474,2,1,0,0,151248,151249
30475,2,1,0,0,151250,151251
30476,2,1,0,0,176029,176030
30477,1,0,6,0,161567,161568
30478,3,0,0,0,118484,118485
30479,2,0,0,0,169590,169591
30480,4,0,0,0,174224,174225
30481,6,0,0,0,116233,116234
30482,9,0,0,0,324334,0
30483,7,0,0,0,119246,119247
30484,7,1,0,0,118626,118627
30485,2,0,0,0,169588,169589
30486,7,0,0,0,119244,119245
30487,7,1,0,0,118624,118625
30488,6,0,0,0,116235,116236
30489,2,0,0,0,169586,169587
30490,3,0,0,0,118482,118483
30491,2,1,0,0,176027,176028
30492,2,1,0,0,176025,176026
30493,2,0,0,0,169584,169585
30494,2,0,0,0,169582,169583
30495,24,0,0,0,324335,0
30496,24,1,0,0,324336,0
30497,9,0,0,0,324337,0
30498,9,1,0,0,324338,0
30499,9,0,6,0,324339,0
30500,9,1,0,0,324340,0
30501,24,0,0,0,324341,0
30504,8,1,0,0,177113,177114
30505,1,1,0,0,135718,135719
30506,8,0,0,0,157394,157395
30507,1,0,0,0,161565,161566
30508,4,1,0,0,143417,143418
30509,7,0,0,0,119242,119243
30510,2,1,0,0,176023,176024
30511,2,0,0,0,169580,169581
30512,10,1,0,0,209248,209249
30513,5,0,0,0,127315,127316
30514,5,0,0,0,127313,127314
30515,1,1,0,0,135720,135721
30520,24,0,0,0,324342,0
30522,24,1,0,2,324343,0
30528,24,1,0,0,324344,0
30530,24,0,0,0,324345,0
30531,24,1,0,0,324346,0
30532,1,0,0,0,161563,161564
30535,9,0,0,0,324347,0
30536,1,1,0,0,135722,135723
30537,1,0,0,0,161561,161562
30538,11,0,0,0,131122,131123
30539,11,1,0,0,119570,150719
30541,11,1,0,0,127917,150720
30542,6,0,0,0,116237,116238
30543,8,0,0,0,0,157393
30544,8,1,0,0,0,177112
30545,2,0,0,0,160900,160901
30546,2,0,0,0,169578,169579
30548,11,1,0,0,150721,150722
30549,2,0,0,0,169576,169577
30552,1,1,0,0,135724,135725
30553,24,0,0,0,324348,0
30554,24,1,0,0,324349,0
30558,2,0,0,0,169574,169575
30559,8,0,0,0,157390,157391
30560,8,0,0,0,157388,157389
30561,8,1,0,0,177109,177110
30562,8,1,6,0,177107,177108
30563,8,0,0,0,157386,157387
30564,8,1,0,0,177105,177106
30565,24,1,0,0,324350,0
30566,8,0,0,1,157384,157385
30567,8,1,0,0,177103,177104
30568,8,0,0,0,157382,157383
30569,24,0,0,0,324351,0
30570,8,0,0,1,157380,157381
30571,8,0,0,0,157378,157379
30572,8,0,0,0,157376,157377
30573,8,1,0,0,177101,177102
30574,8,1,0,0,177099,177100
30575,2,1,0,0,176021,176022
30576,2,0,0,0,169572,169573
30578,8,1,0,0,177097,177098
30579,6,0,0,0,116239,116240
30580,8,1,0,0,177095,177096
30581,8,0,0,0,157374,157375
30582,8,0,0,0,157372,157373
30585,8,0,0,0,157370,157371
30586,8,1,0,0,177093,177094
30587,8,0,0,0,157368,157369
30588,8,1,0,0,177091,177092
30589,8,0,0,1,157366,157367
30590,8,1,0,0,177089,177090
30598,2,1,0,0,176019,176020
30599,2,0,0,0,169570,169571
30614,24,0,0,0,324352,0
30615,2,0,0,0,161091,161092
30616,7,1,0,0,118622,118623
30617,7,0,0,0,119240,119241
30618,10,1,0,0,209246,209247
30619,9,0,6,0,324353,0
30620,9,1,0,0,324354,0
30621,8,0,0,0,157364,157365
30622,6,0,0,0,116241,116242
30623,7,1,0,0,118620,118621
30624,1,1,0,0,135726,135727
30625,3,0,0,0,118480,118481
30626,4,1,0,0,143415,143416
30629,11,1,0,0,127927,150723
30630,11,1,6,0,127926,150724
30631,11,0,0,0,127900,131121
30632,11,0,0,0,127899,131120
30633,11,1,0,0,127920,150725
30634,11,1,0,0,123737,150726
30635,11,0,0,0,127897,131119
30636,11,0,0,0,127896,131118
30637,11,1,0,0,127928,150727
30638,11,1,0,0,127921,150728
30639,2,0,0,0,127878,127879
30641,2,0,0,0,169568,169569
30642,2,1,0,0,176017,176018
30643,2,1,0,0,176015,176016
30644,2,0,0,0,169566,169567
30645,2,0,0,0,124451,124452
30646,2,1,0,0,176013,176014
30647,2,0,0,0,125109,125110
30648,2,1,0,0,125113,125114
30649,2,0,0,0,123835,123836
30650,2,0,0,0,123813,123814
30651,2,1,0,0,123815,123816
30652,2,1,0,0,123817,123818
30653,2,0,0,0,169564,169565
30654,2,0,0,0,112630,112631
30655,2,0,0,0,130003,130004
30656,2,0,0,0,129999,130000
30657,2,0,0,0,169562,169563
30658,24,1,0,0,324355,0
30660,2,0,0,0,169560,169561
30661,2,1,0,0,176011,176012
30662,2,0,0,0,169558,169559
30663,2,0,0,0,125111,125112
30664,2,1,0,0,176009,176010
30665,2,0,0,0,169556,169557
30666,2,1,0,0,176007,176008
30668,2,1,0,0,176005,176006
30669,2,0,0,0,125125,125126
30670,2,1,0,0,176003,176004
30671,2,0,0,0,169554,169555
30672,2,0,0,0,169552,169553
30673,2,1,0,0,176001,176002
30674,11,1,0,0,127849,150729
30675,11,0,0,0,127902,131117
30676,24,0,0,0,204997,0
30677,7,1,0,0,118618,118619
30678,2,0,0,0,169550,169551
30679,2,0,0,0,169548,169549
30682,11,0,0,0,130632,130633
30683,11,1,0,0,150730,150731
30685,11,0,0,0,130630,130631
30687,11,1,0,0,150732,150733
30688,11,0,0,0,131114,131116
30689,11,1,0,0,150734,150735
30690,11,0,0,0,131111,131112
30691,11,1,0,0,150736,150737
30692,11,0,0,0,0,130640
30693,11,1,0,0,150738,150739
30694,11,0,0,0,130641,130642
30695,11,1,0,0,0,150741
30696,11,0,0,0,130643,130644
30697,11,1,0,0,150742,150743
30698,11,0,0,0,126909,130638
30699,11,1,0,0,150744,150745
30700,11,0,0,0,130634,130635
30701,11,1,0,0,150746,150747
30702,11,0,0,0,130645,130646
30703,11,1,0,0,150748,150749
30704,2,0,0,0,112678,112679
30705,2,0,0,0,169546,169547
30706,2,0,0,0,169544,169545
30707,11,0,0,0,130647,130648
30708,11,1,0,0,150750,150751
30709,11,0,0,0,130649,131110
30710,11,1,0,0,150752,150753
30711,11,0,0,0,130636,130637
30712,2,0,0,0,112666,112667
30713,2,1,0,0,112660,112661
30714,11,1,0,0,150754,150755
30715,11,0,0,0,131108,131109
30716,11,1,0,0,150756,150757
30717,11,0,0,0,131106,131107
30718,11,1,0,0,150758,150759
30719,11,0,0,0,131104,131105
30720,11,1,0,0,150760,150761
30721,2,0,0,0,124119,124120
30723,4,1,0,2,143413,143414
30724,2,0,0,0,169542,169543
30731,5,0,0,3,127311,127312
30737,1,0,0,0,161559,161560
30738,3,0,0,0,118478,118479
30739,2,1,0,0,124047,124048
30740,2,1,0,0,175999,176000
30742,1,0,0,0,161557,161558
30744,11,0,0,0,131102,131103
30745,3,1,0,0,118001,118002
30746,8,0,0,0,157362,157363
30747,11,1,0,0,150762,150763
30748,2,0,0,0,169540,169541
30749,7,0,0,0,119238,119239
30750,6,0,0,0,116243,116244
30751,3,1,0,0,118003,118004
30752,2,0,0,0,169538,169539
30753,2,1,0,0,175997,175998
30754,5,0,0,0,127309,127310
30755,1,0,0,0,161555,161556
30756,2,1,0,0,175995,175996
30757,10,1,6,0,209244,209245
30758,20,0,0,0,324356,0
30759,20,0,0,0,324357,0
30760,2,0,0,0,169536,169537
30761,6,0,0,0,116245,116246
30762,1,1,0,0,135728,135729
30763,8,0,0,0,157360,157361
30764,20,0,0,0,324358,0
30765,5,1,0,0,189809,189810
30766,5,0,0,0,127307,127308
30768,8,0,6,0,157358,157359
30769,2,1,0,0,175993,175994
30770,2,0,0,0,169534,169535
30771,2,0,0,0,125115,125116
30772,2,1,0,0,125117,125118
30773,2,1,0,0,125119,125120
30774,2,1,0,0,175991,175992
30775,2,1,0,0,125123,125124
30776,2,0,0,0,169532,169533
30777,2,0,0,0,125121,125122
30778,2,0,0,0,123807,123808
30779,2,0,0,0,123809,123810
30780,2,0,0,0,123811,123812
30781,2,1,0,0,123819,123820
30782,11,1,6,0,150764,150765
30783,11,0,0,0,131100,131101
30784,11,1,0,0,150766,150767
30785,11,0,0,0,131098,131099
30786,2,0,0,0,169530,169531
30787,2,1,0,0,175989,175990
30788,2,0,0,0,169528,169529
30789,2,0,0,0,169526,169527
30790,2,1,0,0,175987,175988
30791,2,1,0,0,175985,175986
30792,2,1,0,0,175983,175984
30793,11,0,6,0,131096,131097
30794,11,0,0,0,131094,131095
30795,11,0,0,0,130628,130629
30796,2,0,0,0,169524,169525
30797,2,1,0,0,175981,175982
30798,2,0,0,0,169522,169523
30799,2,0,0,0,169520,169521
30800,2,1,0,0,175979,175980
30801,2,1,0,0,175977,175978
30802,2,0,0,0,130001,130002
30803,2,0,0,0,169518,169519
30804,2,1,0,0,175975,175976
30805,2,1,0,0,175973,175974
30806,2,1,0,0,175971,175972
30807,2,1,0,0,175969,175970
30808,2,1,0,0,175967,175968
30810,2,1,0,0,112632,112633
30811,2,0,0,0,169516,169517
30812,2,0,0,0,112636,112637
30813,2,1,0,0,112640,112641
30814,2,0,0,0,112642,112643
30815,2,1,0,0,112644,112645
30816,2,1,0,0,112646,112647
30817,2,0,0,0,112648,112649
30818,2,0,0,0,112650,112651
30820,2,0,0,0,112652,112653
30822,1,0,0,0,161553,161554
30823,11,0,0,0,131092,131093
30824,11,0,0,0,131090,131091
30825,3,0,0,0,118476,118477
30826,3,0,0,0,118474,118475
30827,8,0,6,0,157356,157357
30828,8,0,6,0,157354,157355
30829,8,0,6,0,157352,157353
30830,8,0,6,0,157350,157351
30831,2,1,0,0,175965,175966
30832,2,0,0,0,169514,169515
30833,2,1,0,0,125127,125128
30834,2,0,0,0,126886,126887
30835,2,0,0,0,130075,130076
30836,2,0,0,0,129289,129290
30837,2,1,0,0,153905,153906
30838,2,1,0,0,175963,175964
30839,2,0,0,0,127025,127026
30840,2,0,0,0,169512,169513
30841,2,0,0,0,123875,123876
30842,2,1,0,0,175961,175962
30843,5,1,0,0,189807,189808
30844,2,1,0,0,175959,175960
30845,2,0,0,0,124121,124122
30848,2,0,0,0,169510,169511
30849,2,0,0,0,169508,169509
30850,2,0,0,0,169506,169507
30851,2,0,0,0,169504,169505
30852,20,0,0,0,324359,0
30853,2,0,0,0,125589,125590
30854,2,1,0,0,124334,124335
30855,2,0,0,0,124117,124118
30856,9,0,0,0,324360,0
30857,8,1,0,0,177087,177088
30858,2,0,0,0,127876,127877
30859,11,0,0,0,131088,131089
30860,2,0,0,0,169502,169503
30861,2,0,0,0,169500,169501
30862,2,0,0,0,169498,169499
30863,11,1,0,0,150768,150769
30864,11,1,0,0,150770,150771
30865,11,0,0,0,131086,131087
30866,11,0,0,0,131084,131085
30867,11,0,0,0,128956,131083
30868,2,1,0,0,175957,175958
30869,2,1,0,0,175955,175956
30870,2,0,0,0,169496,169497
30873,11,0,0,0,127898,131082
30875,2,0,0,0,155751,155752
30876,2,0,0,0,169494,169495
30878,7,1,0,2,118616,118617
30882,6,0,0,0,116247,116248
30884,2,1,0,0,123837,123838
30885,7,0,0,0,119236,119237
30947,2,0,0,0,169492,169493
30949,2,0,0,0,169490,169491
30950,2,0,0,0,169488,169489
30951,2,1,0,0,175953,175954
30952,2,1,0,0,175951,175952
30954,7,0,0,2,119234,119235
30983,7,0,0,0,119232,119233
30984,2,1,0,0,175949,175950
30985,1,1,0,0,135730,135731
30986,1,0,0,0,161551,161552
30987,3,1,0,0,118005,118006
30988,9,0,0,0,324361,0
30989,11,0,0,0,131080,131081
30990,11,0,0,0,131078,131079
30991,11,0,0,0,131076,131077
30992,11,0,0,0,131074,131075
30993,11,0,0,0,131072,131073
30994,11,1,0,0,150772,150773
30995,11,1,0,0,150774,150775
30996,2,0,0,0,145589,145590
30998,11,1,0,0,150776,150777
31000,11,1,0,0,127930,150778
31001,11,1,0,0,127903,150779
31002,11,0,0,0,127814,131071
31003,11,0,0,0,127815,131070
31005,11,0,0,0,131068,131069
31006,8,1,0,0,177085,177086
31007,8,0,0,0,157348,157349
31037,11,0,0,0,131066,131067
31045,11,0,0,0,131064,131065
31107,7,0,0,0,119230,119231
31135,11,0,0,0,131062,131063
31136,11,0,0,0,131050,131051
31137,11,1,0,0,150780,150781
31138,11,1,0,0,150782,150783
31139,11,0,0,0,131048,131049
31140,11,0,0,0,131046,131047
31141,11,1,0,0,150784,150785
31142,11,1,0,0,150786,150787
31144,2,0,0,0,169486,169487
31145,2,0,0,0,169484,169485
31146,2,0,0,0,169482,169483
31147,2,1,0,0,175947,175948
31148,2,1,0,0,175945,175946
31149,11,0,0,0,131044,131045
31150,11,0,0,0,131042,131043
31151,11,1,0,0,150788,150789
31152,11,1,0,0,150790,150791
31153,2,1,0,0,175943,175944
31155,11,1,0,0,127919,150792
31157,11,1,0,0,127918,150793
31158,11,0,6,0,127895,131041
31159,11,0,6,0,127894,131040
31160,11,1,0,0,127846,150794
31162,11,0,0,0,131038,131039
31163,11,1,0,0,127923,150795
31164,3,0,0,0,118472,118473
31165,2,0,0,0,169480,169481
31166,2,0,0,0,169478,169479
31167,2,0,0,0,169476,169477
31168,2,1,0,0,175941,175942
31169,2,0,0,0,169474,169475
31170,2,0,0,0,169472,169473
31171,2,0,0,0,169470,169471
31172,11,1,0,0,125906,150796
31173,11,0,0,0,131036,131037
31174,11,1,0,0,150797,150798
31175,11,1,0,0,150799,150800
31177,11,0,0,0,131034,131035
31178,11,0,0,0,131032,131033
31179,11,1,0,0,150801,150802
31180,11,1,0,0,150803,150804
31181,2,1,0,0,175939,175940
31183,2,1,0,0,175937,175938
31184,2,0,0,0,169468,169469
31185,2,0,0,0,169466,169467
31187,2,0,0,0,126890,126891
31189,2,0,0,0,169464,169465
31190,2,0,0,0,126888,126889
31191,2,0,0,0,169434,169435
31193,2,0,0,0,169432,169433
31194,1,0,0,0,161549,161550
31195,1,0,0,0,161547,161548
31196,1,1,0,0,135732,135733
31197,1,1,0,0,135734,135735
31198,3,0,0,0,118470,118471
31199,3,0,0,0,118468,118469
31200,3,1,0,0,118007,118008
31201,3,1,0,0,118009,118010
31202,11,0,0,0,131030,131031
31203,11,0,0,0,131028,131029
31204,11,1,0,0,150805,150806
31205,11,1,0,0,150807,150808
31206,2,0,0,0,169430,169431
31207,2,0,0,0,169428,169429
31208,2,1,0,0,175935,175936
31209,2,1,0,0,175933,175934
31210,6,0,0,0,116249,116250
31211,6,0,0,0,116251,116252
31212,6,1,0,0,136852,136853
31213,6,1,0,0,136854,136855
31214,8,0,0,0,157346,157347
31215,8,0,0,0,157344,157345
31216,8,1,0,0,177083,177084
31217,8,1,0,0,177081,177082
31235,1,0,0,0,125868,125869
31236,4,1,0,0,143411,143412
31239,22,0,0,0,127893,0
31240,22,1,0,0,127892,0
31245,2,0,0,0,169426,169427
31246,2,0,0,0,169424,169425
31247,24,1,0,0,324362,0
31249,2,0,0,0,169422,169423
31251,2,0,0,0,123821,123822
31266,5,0,0,3,127305,127306
31267,2,1,0,0,123823,123824
31269,20,0,0,0,324363,0
31306,2,1,0,0,127886,127887
31307,2,1,0,0,124162,124163
31308,11,0,0,0,131026,131027
31310,11,0,0,0,131024,131025
31312,11,0,0,0,131022,131023
31313,11,1,0,0,150809,150810
31314,11,0,0,0,131020,131021
31315,11,1,0,0,150811,150812
31316,11,0,0,0,131018,131019
31318,11,0,0,0,131016,131017
31319,11,1,0,0,150813,150814
31320,2,0,0,0,169420,169421
31321,11,0,0,0,131014,131015
31322,2,0,0,0,169418,169419
31323,2,0,0,0,169416,169417
31324,2,0,0,0,169414,169415
31325,11,0,0,0,131012,131013
31326,11,1,0,0,150815,150816
31327,11,1,0,0,150817,150818
31342,4,1,0,0,143409,143410
31343,4,0,0,0,174222,174223
31351,2,1,0,0,125084,125085
31355,2,0,0,0,169412,169413
31356,2,0,0,0,169410,169411
31357,2,1,0,0,175931,175932
31359,11,1,0,0,150819,150820
31361,2,0,0,0,169408,169409
31364,2,0,0,0,169406,169407
31365,2,0,0,0,0,169404
31366,2,0,0,0,169401,169402
31367,2,0,0,0,169399,169400
31368,2,0,0,0,169397,169398
31369,2,0,0,0,169395,169396
31370,11,0,0,0,131010,131011
31371,11,0,0,0,131008,131009
31372,2,0,0,0,169393,169394
31373,2,0,0,0,169391,169392
31375,2,0,0,0,169389,169390
31376,2,1,0,0,175929,175930
31377,9,0,0,0,169387,0
31378,2,0,0,0,169385,169386
31379,20,0,0,0,324364,0
31380,2,1,0,0,175927,175928
31386,11,1,0,0,127907,150821
31388,2,0,0,0,169383,169384
31389,5,0,0,0,127303,127304
31390,5,1,0,0,189805,189806
31391,2,0,0,0,169381,169382
31392,15,0,0,0,324365,0
31393,2,0,0,0,125104,125105
31394,2,0,0,0,169379,169380
31395,24,0,0,0,204516,0
31396,11,0,0,0,131006,131007
31410,24,1,0,0,204515,0
31412,3,1,0,0,118011,118012
31413,11,1,0,0,150822,150823
31416,3,0,0,0,118466,118467
31417,3,1,0,0,118013,118014
31418,2,0,0,0,169377,169378
31419,2,1,0,0,175925,175926
31420,2,1,0,0,175923,175924
31424,2,0,0,0,161209,161210
31425,9,1,0,0,324366,0
31426,1,0,0,0,0,161546
31427,2,0,0,0,169375,169376
31428,24,1,0,0,324367,0
31429,24,1,0,0,324368,0
31430,24,0,0,0,324369,0
31431,24,0,0,0,324370,0
31432,24,0,0,0,324371,0
31433,24,1,0,0,324372,0
31434,3,0,0,0,118464,118465
31435,3,0,0,0,118462,118463
31451,22,0,0,0,324373,0
31452,2,0,0,0,169373,169374
31453,2,0,0,0,169371,169372
31454,2,0,0,0,169369,169370
31455,11,1,0,0,112791,150824
31456,1,0,0,0,161543,161544
31457,1,0,0,0,161541,161542
31458,1,0,0,0,161539,161540
31459,1,0,0,0,161537,161538
31460,1,0,0,0,161535,161536
31461,2,0,0,0,169367,169368
31462,3,1,0,0,118015,118016
31463,2,0,0,0,169365,169366
31464,7,1,0,0,118614,118615
31465,5,1,0,0,189803,189804
31466,9,0,0,0,324374,0
31467,9,0,0,0,324375,0
31468,9,0,0,0,324376,0
31469,9,0,0,0,324377,0
31470,2,1,0,0,175921,175922
31471,8,0,0,0,157342,157343
31472,2,1,0,0,123825,123826
31473,1,0,0,0,161533,161534
31474,10,1,0,0,209242,209243
31475,11,1,0,0,150825,150826
31476,9,1,0,0,324378,0
31477,1,1,0,0,135736,135737
31478,1,0,0,0,161531,161532
31479,1,0,0,0,161529,161530
31480,1,0,0,0,161527,161528
31481,1,0,0,0,161525,161526
31482,11,0,0,0,131004,131005
31483,7,1,0,0,118612,118613
31484,2,0,0,0,160934,160935
31485,3,0,0,0,118460,118461
31486,2,1,0,0,175919,175920
31487,2,0,0,0,169363,169364
31488,2,0,0,0,124872,124873
31489,11,1,0,0,150827,150828
31490,2,0,0,0,169361,169362
31491,2,0,0,0,169359,169360
31492,2,0,0,0,169357,169358
31493,2,1,0,0,175917,175918
31494,11,1,0,2,150829,150830
31495,11,0,0,0,131002,131003
31496,2,1,0,0,175915,175916
31497,2,0,0,0,169355,169356
31498,2,1,0,0,127884,127885
31499,2,1,0,0,127882,127883
31500,2,1,0,0,127880,127881
31501,2,0,0,0,127854,127855
31502,2,0,0,0,127852,127853
31503,1,0,0,0,161523,161524
31504,1,1,0,0,135738,135739
31505,2,0,0,0,127872,127873
31506,3,0,0,0,0,114256
31507,3,1,0,0,0,114258
31510,22,1,0,0,324379,0
31537,2,1,0,0,175913,175914
31538,2,1,0,0,175911,175912
31539,2,1,0,0,175909,175910
31540,2,1,0,0,175907,175908
31541,2,0,0,0,169353,169354
31542,2,0,0,0,169351,169352
31543,2,0,0,0,169349,169350
31544,11,0,0,0,131000,131001
31545,11,1,0,0,150831,150832
31546,11,0,0,0,130998,130999
31547,11,1,0,0,150833,150834
31548,2,0,0,0,169347,169348
31549,1,1,0,0,135740,135741
31550,2,0,0,0,127868,127869
31551,11,0,0,0,130996,130997
31552,11,0,0,0,130994,130995
31553,2,1,0,0,175905,175906
31554,2,0,0,0,169345,169346
31555,2,0,0,0,169343,169344
31556,2,0,0,0,169341,169342
31557,22,1,0,0,324380,0
31558,1,1,0,0,135742,135743
31559,8,0,6,0,157340,157341
31560,2,1,0,0,175903,175904
31561,1,0,0,0,161521,161522
31562,1,0,0,0,161519,161520
31563,1,0,0,0,161517,161518
31564,1,1,0,0,135744,135745
31565,1,0,0,0,161515,161516
31566,1,0,0,0,161513,161514
31567,1,0,0,0,161511,161512
31568,1,0,0,0,161509,161510
31569,11,0,0,0,130992,130993
31570,11,0,0,0,130990,130991
31571,1,1,0,0,135746,135747
31572,2,0,0,0,169339,169340
31573,2,0,0,0,169337,169338
31574,2,1,0,0,175901,175902
31575,2,1,0,0,175899,175900
31589,22,1,0,0,324381,0
31594,2,1,0,0,175897,175898
31618,2,0,0,0,169335,169336
31619,2,0,0,0,169333,169334
31620,2,0,0,0,169331,169332
31621,2,0,0,0,169329,169330
31622,2,0,0,0,169327,169328
31623,2,0,0,0,169325,169326
31624,2,0,0,0,169323,169324
31625,2,0,0,0,169321,169322
31626,2,0,6,0,169319,169320
31627,2,0,6,0,169317,169318
31628,2,1,0,0,124487,124488
31629,24,1,0,0,324382,0
31630,9,1,0,0,324383,0
31631,9,1,0,0,324384,0
31632,9,0,0,0,324385,0
31633,9,0,0,0,324386,0
31634,2,0,0,0,123827,123828
31635,2,1,0,0,123829,123830
31636,11,0,0,0,130988,130989
31637,11,0,0,0,130986,130987
31638,11,1,0,0,150835,150836
31639,11,1,0,0,150837,150838
31641,11,0,0,0,130984,130985
31642,11,0,0,0,130982,130983
31643,11,1,0,0,127906,150839
31644,11,1,0,0,127905,150840
31645,2,0,0,0,169315,169316
31649,1,0,0,0,161507,161508
31650,5,1,0,0,189801,189802
31651,9,0,0,0,127470,0
31652,2,0,0,0,169313,169314
31653,2,0,0,0,169311,169312
31654,2,1,0,0,175893,175894
31655,2,1,0,0,175891,175892
31657,2,0,0,0,0,169310
31658,2,0,0,0,169307,169308
31659,2,0,0,0,0,169306
31660,2,0,0,0,0,169304
31661,2,1,0,0,175889,175890
31662,2,1,0,0,175887,175888
31663,2,1,0,0,175885,175886
31664,2,0,0,0,0,169302
31665,2,0,0,0,169299,169300
31666,20,0,0,0,324387,0
31667,2,0,0,0,169297,169298
31668,2,0,0,0,169295,169296
31669,2,0,0,0,169293,169294
31670,2,0,0,0,169291,169292
31671,2,1,0,0,125313,125314
31672,2,1,0,0,125315,125316
31673,2,1,0,0,125317,125318
31674,2,1,0,0,125319,125320
31675,11,0,0,0,130980,130981
31676,11,0,0,0,130978,130979
31677,11,0,0,0,130976,130977
31678,11,1,0,0,150841,150842
31679,11,0,0,0,130974,130975
31680,11,1,0,0,150843,150844
31681,11,1,0,0,150845,150846
31682,11,1,0,0,150847,150848
31683,11,1,0,0,150849,150850
31684,11,1,0,0,150851,150852
31685,11,1,0,0,150853,150854
31686,11,1,0,0,150855,150856
31687,11,1,0,0,150857,150858
31688,11,0,0,0,130972,130973
31689,11,0,0,0,130970,130971
31690,11,0,0,0,130968,130969
31691,9,1,0,0,324388,0
31692,11,0,0,0,130966,130967
31693,2,1,0,0,126973,126974
31694,11,1,0,0,150859,150860
31695,2,1,0,0,175883,175884
31696,2,1,0,0,175881,175882
31697,2,0,0,0,169289,169290
31698,2,0,0,0,169287,169288
31699,2,1,0,0,175879,175880
31700,2,1,0,0,175877,175878
31701,2,0,0,0,169285,169286
31702,2,1,0,0,175875,175876
31703,2,1,0,0,129188,129189
31704,2,1,0,0,175873,175874
31705,2,1,0,0,175871,175872
31706,2,0,0,0,169283,169284
31707,2,0,0,0,169281,169282
31708,2,0,0,0,169279,169280
31709,11,0,0,0,130964,130965
31710,11,0,0,0,130962,130963
31711,11,0,0,0,130960,130961
31712,11,0,0,0,130958,130959
31713,11,1,0,0,150861,150862
31714,11,1,0,0,150863,150864
31715,11,1,0,0,150865,150866
31716,11,1,0,0,150867,150868
31717,2,0,0,0,169277,169278
31718,2,0,0,0,169275,169276
31719,2,1,0,0,175867,175868
31720,2,0,0,0,169273,169274
31721,2,1,0,0,175865,175866
31722,2,0,0,0,169271,169272
31723,2,0,0,0,169269,169270
31724,2,1,0,0,175863,175864
31725,2,0,0,0,169267,169268
31726,2,0,0,0,157215,157216
31727,2,0,0,0,160823,160824
31728,2,0,0,0,169265,169266
31729,2,0,0,0,169263,169264
31730,11,1,0,0,127929,150869
31731,11,1,0,0,127925,150870
31732,11,1,0,0,127922,150871
31733,11,0,0,0,127901,130957
31734,11,1,0,0,127924,150872
31735,2,0,0,0,125567,125568
31736,11,0,0,0,130955,130956
31737,2,0,0,0,169261,169262
31738,2,0,0,0,123831,123832
31739,2,1,0,0,123833,123834
31740,20,0,0,0,324389,0
31742,2,1,0,0,130422,130423
31743,2,0,0,0,127560,127561
31744,2,0,0,0,127557,127558
31745,2,1,0,0,175861,175862
31746,20,0,0,0,324390,0
31747,11,0,0,0,130953,130954
31750,2,0,0,0,127555,127556
31751,2,1,0,0,127553,127554
31752,2,0,0,0,169250,169251
31753,11,0,0,0,130951,130952
31754,2,0,0,0,125706,125707
31756,2,0,0,0,169248,169249
31757,2,1,0,0,175859,175860
31758,2,0,0,0,161093,161094
31759,2,0,0,0,125208,125209
31760,2,1,0,0,175857,175858
31761,2,1,0,0,124338,124339
31762,2,1,0,0,175855,175856
31763,2,1,0,0,175853,175854
31764,2,1,0,0,175851,175852
31765,11,0,0,0,130949,130950
31766,2,1,0,0,175849,175850
31767,2,1,0,0,175847,175848
31768,2,1,0,0,127589,127590
31769,2,1,0,0,175845,175846
31770,11,1,0,0,150873,150874
31773,10,0,0,0,209699,209700
31774,11,1,0,0,150875,150876
31775,2,0,0,0,0,169247
31776,2,1,0,0,175841,175843
31777,2,0,0,0,169244,169245
31779,11,0,0,0,130947,130948
31780,11,1,0,0,150877,150878
31782,10,1,0,0,209240,209241
31783,2,1,0,0,125212,125213
31784,2,0,0,0,169242,169243
31788,11,0,0,0,130945,130946
31789,11,0,0,0,130943,130944
31790,11,0,0,0,130941,130942
31791,11,1,0,0,150879,150880
31793,11,0,0,0,130939,130940
31795,11,0,0,0,130937,130938
31796,11,0,0,0,130935,130936
31797,11,0,0,0,130933,130934
31798,11,1,0,0,150881,150882
31801,20,0,0,2,324391,0
31808,2,0,0,0,169240,169241
31811,1,1,0,0,135748,135749
31827,2,0,0,0,169238,169239
31828,10,1,0,0,209238,209239
31829,2,0,0,0,169236,169237
31830,2,0,0,0,169234,169235
31831,2,0,0,0,169232,169233
31832,2,1,0,0,175839,175840
31833,2,1,0,0,175837,175838
31835,2,1,0,0,175835,175836
31836,2,1,0,0,175833,175834
31837,2,0,0,0,169230,169231
31838,2,0,0,0,169228,169229
31839,2,0,0,0,169226,169227
31840,2,0,0,0,169224,169225
31841,2,0,0,0,169222,169223
31842,2,1,0,0,175831,175832
31843,2,1,0,0,125303,125304
31844,2,1,0,0,125305,125306
31845,2,1,0,0,125307,125308
31846,2,1,0,0,125309,125310
31847,11,1,0,0,150883,150884
31848,11,1,0,0,150885,150886
31849,11,1,0,0,150887,150888
31850,11,1,0,0,150889,150890
31851,11,0,0,0,130931,130932
31852,11,0,0,0,0,130627
31853,11,0,0,0,130929,130930
31854,11,0,0,0,130927,130928
31855,11,0,0,0,130925,130926
31856,2,0,0,0,169220,169221
31857,2,1,0,0,175829,175830
31858,2,1,0,0,175827,175828
31859,2,0,0,0,169218,169219
31860,2,0,0,0,169216,169217
31861,2,0,0,0,169214,169215
31862,2,0,0,0,169212,169213
31863,2,1,0,0,175825,175826
31864,2,0,0,0,169210,169211
31865,2,0,0,0,169208,169209
31866,2,0,0,0,169206,169207
31867,2,0,0,0,169204,169205
31868,2,0,0,0,169202,169203
31869,2,1,0,0,175823,175824
31870,1,0,0,0,161505,161506
31871,2,0,0,0,169200,169201
31872,2,0,0,0,169198,169199
31873,2,1,0,0,175821,175822
31874,2,0,0,0,169196,169197
31875,2,1,0,0,175819,175820
31876,2,0,0,0,169194,169195
31877,2,1,0,0,175816,175818
31878,2,0,0,0,169192,169193
31879,2,1,0,0,175813,175814
31880,2,1,0,0,175811,175812
31881,2,0,0,0,169190,169191
31882,2,1,0,0,175809,175810
31883,2,0,0,0,169188,169189
31884,2,0,0,0,169186,169187
31885,2,0,0,0,169184,169185
31886,2,1,0,0,175807,175808
31887,2,0,0,0,127850,127851
31888,2,1,0,0,175805,175806
31889,2,0,0,0,169182,169183
31890,2,1,0,0,175803,175804
31891,2,0,0,0,169180,169181
31892,2,0,0,0,169178,169179
31893,2,0,0,0,125135,125136
31898,2,0,0,0,169176,169177
31899,2,0,0,0,169174,169175
31900,2,0,0,0,169172,169173
31901,1,0,0,0,0,161504
31902,2,1,0,0,125311,125312
31903,2,1,0,0,175797,175798
31904,2,0,0,0,169170,169171
31905,2,1,0,0,175795,175796
31919,2,1,0,0,127591,127592
31920,2,0,0,0,127874,127875
31921,2,0,0,0,169168,169169
31922,2,1,0,0,175793,175794
31936,11,1,0,0,127845,150891
31937,2,0,0,0,169166,169167
31938,2,1,0,0,175791,175792
31939,2,0,0,0,169164,169165
31940,2,1,0,0,151385,151386
31941,2,0,6,0,169162,169163
31942,2,0,0,0,169160,169161
31943,2,0,0,0,169158,169159
31945,1,0,0,0,161501,161502
31946,3,0,0,0,118458,118459
31947,1,0,0,0,161499,161500
31948,1,1,0,0,135750,135751
31949,1,0,0,0,161497,161498
31950,7,1,0,0,118610,118611
31951,3,1,0,2,118017,118018
31952,11,1,0,2,150892,150893
31953,7,0,0,0,119228,119229
31954,1,0,0,0,135752,135753
31955,11,1,0,2,150894,150895
31956,4,0,0,0,174220,174221
31957,4,1,0,2,143407,143408
31958,1,0,0,0,161495,161496
31959,1,1,0,0,135754,135755
31960,11,0,0,0,127121,130924
31961,1,0,0,0,119660,161492
31962,1,1,0,0,135756,135757
31963,3,1,0,2,118019,118020
31964,3,0,0,0,118456,118457
31965,1,1,0,0,135758,135759
31966,1,0,0,0,161490,161491
31967,4,1,0,0,143405,143406
31968,4,0,0,0,174218,174219
31969,7,0,0,0,119226,119227
31970,11,0,0,0,130922,130923
31971,1,0,0,0,161488,161489
31972,7,1,0,0,118608,118609
31973,1,0,0,0,130466,146501
31974,1,1,0,0,135760,135761
31975,11,1,0,0,150896,150897
31976,11,0,0,0,130920,130921
31977,11,1,0,0,150898,150899
31978,11,0,0,0,130918,130919
31979,11,1,0,0,150900,150901
31980,11,0,0,0,130916,130917
31981,11,1,0,0,150902,150903
31982,11,0,0,0,130914,130915
31983,11,1,0,0,150904,150905
31984,2,0,0,0,124723,124724
31985,11,0,0,0,130912,130913
31986,2,0,0,0,0,125382
31987,2,0,0,0,169156,169157
31988,2,0,0,0,169154,169155
31989,2,0,0,0,169152,169153
31990,2,0,0,0,169150,169151
31991,2,1,0,0,175789,175790
31992,2,1,0,0,175787,175788
31993,2,1,0,0,160239,160240
31994,2,1,0,0,125277,125278
31995,2,1,0,0,151387,151388
31996,2,0,0,0,169148,169149
32001,2,0,0,0,125383,125384
32011,1,1,0,0,135611,135612
32012,1,0,0,0,161486,161487
32013,2,0,0,0,169146,169147
32014,2,1,0,0,175784,175785
32015,2,0,0,0,169144,169145
32016,2,1,0,0,175782,175783
32017,2,0,0,0,169142,169143
32018,2,1,0,0,175780,175781
32019,11,1,0,0,150906,150907
32020,11,1,0,0,150908,150909
32021,11,0,0,0,130910,130911
32022,2,0,0,0,169140,169141
32023,2,1,0,0,175778,175779
32024,2,0,0,0,169138,169139
32025,11,0,0,0,130908,130909
32026,2,1,0,0,175776,175777
32027,2,0,0,0,169136,169137
32028,2,1,0,0,175774,175775
32029,2,0,0,0,169134,169135
32030,2,1,0,0,175772,175773
32031,2,0,0,0,169132,169133
32032,10,0,0,0,209697,209698
32033,2,1,0,0,175770,175771
32034,10,0,0,0,209695,209696
32035,2,0,0,0,169130,169131
32036,10,1,0,0,209236,209237
32037,2,1,0,0,175768,175769
32038,10,1,0,0,209234,209235
32039,2,0,0,0,151258,151259
32040,2,0,0,0,151260,151261
32041,2,0,0,0,151262,151263
32042,2,0,0,0,151264,151265
32043,2,0,0,0,151266,151267
32044,2,1,0,0,157271,157272
32045,2,0,0,0,151268,151269
32046,2,0,0,0,151270,151271
32047,2,1,0,0,151252,151253
32048,2,0,0,0,169128,169129
32049,2,0,0,0,169126,169127
32050,2,1,0,0,175766,175767
32051,2,1,0,0,175764,175765
32052,11,0,0,0,130906,130907
32053,9,0,0,0,324392,0
32054,2,0,0,0,169124,169125
32055,1,1,0,2,0,135614
32056,1,1,0,2,135615,135616
32057,1,0,0,0,161484,161485
32058,1,1,0,2,135617,135618
32059,1,0,0,0,161482,161483
32060,1,0,0,0,161480,161481
32061,1,1,0,0,135619,135620
32062,1,1,0,0,135621,135622
32063,1,0,0,0,161478,161479
32064,1,0,0,0,161476,161477
32065,1,1,0,0,135623,135624
32066,1,1,0,2,135625,135762
32067,1,0,0,0,161474,161475
32068,11,0,0,0,130904,130905
32069,9,1,0,0,324393,0
32070,9,0,0,0,324394,0
32071,2,0,0,0,153886,153887
32072,9,1,0,0,324395,0
32073,2,0,0,0,160825,160826
32074,9,0,0,0,324396,0
32075,2,1,0,0,175762,175763
32076,2,1,0,0,175760,175761
32077,2,1,0,0,175758,175759
32078,1,0,0,0,161472,161473
32079,10,0,0,0,209693,209694
32080,10,0,0,0,209691,209692
32081,10,1,0,0,209232,209233
32082,10,1,0,0,209230,209231
32083,2,0,0,0,169122,169123
32084,2,1,0,0,127330,127331
32085,2,0,0,0,169120,169121
32086,2,0,0,0,169118,169119
32087,2,0,0,0,169116,169117
32088,2,0,0,0,125712,125713
32089,2,0,0,0,169114,169115
32090,2,0,0,0,169112,169113
32091,2,0,0,0,169110,169111
32092,2,1,0,0,175756,175757
32093,2,0,0,0,127581,127582
32094,2,0,0,0,127583,127584
32095,2,0,0,0,127585,127586
32096,2,1,0,0,127587,127588
32097,2,0,0,0,129263,129264
32098,2,1,0,0,175754,175755
32099,2,0,0,0,169108,169109
32100,2,0,0,0,169106,169107
32117,2,0,0,0,169104,169105
127254,10,0,0,0,209689,209690
127256,2,0,0,0,169102,169103
127259,11,0,0,0,130902,130903
127260,11,0,0,0,130900,130901
127266,11,0,0,0,130898,130899
127267,1,0,0,0,161470,161471
127269,1,1,0,0,135763,135764
127272,7,0,0,0,119224,119225
127281,11,1,0,0,0,150911
127284,11,1,0,0,150912,150913
127285,11,1,0,0,150914,150915
127286,11,1,0,0,150916,150917
127287,11,0,0,0,130896,130897
127288,11,0,0,0,130894,130895
127289,11,0,0,0,130892,130893
127290,11,0,0,0,130890,130891
127291,11,1,0,0,150918,150919
127292,11,1,0,0,150920,150921
127293,11,0,0,0,130888,130889
127294,11,0,0,0,130886,130887
127297,11,0,0,0,130884,130885
127299,2,0,0,0,169100,169101
127300,11,0,0,0,130882,130883
127301,2,0,0,0,169098,169099
127302,2,0,0,0,152814,152815
127303,2,0,0,0,169096,169097
127304,11,0,0,0,130880,130881
127305,9,0,0,0,123847,0
127306,2,0,0,0,169094,169095
127307,2,0,0,0,169092,169093
127308,11,0,0,0,130878,130879
127310,2,0,0,0,125565,125566
127311,2,0,0,0,129938,129939
127312,2,1,0,0,175751,175752
127313,11,1,0,0,128404,150922
127314,2,0,0,0,169090,169091
127315,11,1,0,0,150923,150924
127316,2,1,0,0,175749,175750
127317,11,1,0,0,127913,150925
127318,11,1,0,0,127912,150926
127319,11,1,0,0,127911,150927
127320,11,1,0,0,127910,150928
127321,11,1,0,0,127909,150929
127322,11,1,0,0,127908,150930
127324,11,1,0,0,127916,150931
127325,11,1,0,0,127915,150932
127326,11,1,0,0,127904,150933
127327,2,1,0,0,130204,130205
127328,2,1,0,0,130206,130207
127329,2,0,0,0,125563,125564
127330,2,0,0,0,125561,125562
127331,1,0,0,0,161468,161469
127332,11,0,0,0,130876,130877
127333,2,0,0,0,169088,169089
127334,11,1,0,0,150934,150935
127335,11,0,0,0,130874,130875
127336,11,0,0,0,130872,130873
127337,2,0,0,0,169086,169087
127338,2,0,0,0,169084,169085
127339,2,0,0,0,169082,169083
127340,2,1,0,0,175747,175748
127341,2,1,0,0,175745,175746
127342,2,1,0,0,175743,175744
127343,2,1,0,0,175741,175742
127344,11,1,0,0,150936,150937
127345,2,0,0,0,126892,126893
127346,2,0,0,0,169080,169081
127347,2,0,0,0,169078,169079
127348,2,0,0,0,169076,169077
127349,2,0,0,0,169074,169075
127350,2,1,0,0,175739,175740
127351,2,1,0,0,175737,175738
127352,2,1,0,0,175735,175736
127353,2,1,0,0,175733,175734
127354,11,0,0,0,130870,130871
127355,2,0,0,0,169072,169073
127356,2,1,0,0,175731,175732
127357,11,0,0,0,130868,130869
127358,2,0,0,0,125559,125560
127359,2,0,0,0,125557,125558
127360,2,0,0,0,125555,125556
127361,2,0,0,0,125553,125554
127362,2,1,0,0,135839,135840
127363,2,1,0,0,135841,135842
127364,2,1,0,0,135843,135844
127365,2,1,0,0,135845,135846
127366,11,0,0,0,130866,130867
127367,11,0,0,0,130864,130865
127368,11,1,0,0,150938,150939
127369,11,1,0,0,150940,150941
127370,11,1,0,0,150942,150943
127371,11,0,0,0,130862,130863
127372,2,1,0,0,175729,175730
127374,2,0,0,0,169070,169071
127375,2,0,0,0,169068,169069
127376,2,0,0,0,169066,169067
127389,2,1,0,0,175727,175728
127390,2,1,0,0,175725,175726
127391,2,0,0,0,169064,169065
127392,2,0,0,0,169062,169063
127393,2,1,0,0,175723,175724
127394,11,1,0,0,150944,150945
127395,2,0,0,0,169060,169061
127396,2,0,0,0,169058,169059
127397,2,1,0,0,175721,175722
127398,2,1,0,0,175719,175720
127399,2,1,0,0,124133,124134
127402,2,0,0,0,124139,124140
127403,2,1,0,0,123850,123851
127405,2,0,0,0,169056,169057
127406,2,0,0,0,169054,169055
127407,2,0,6,0,169052,169053
127408,2,0,6,0,169050,169051
127409,2,1,6,0,175717,175718
127410,2,1,6,0,175715,175716
127411,3,0,0,0,118454,118455
127412,2,1,0,0,124109,124110
127413,2,1,0,0,123917,123918
127414,2,1,0,0,125291,125292
127416,2,0,0,0,124137,124138
127417,2,0,0,0,124111,124112
127418,2,0,0,0,126352,126353
127419,2,0,0,0,124123,124124
127421,2,0,0,0,126394,126395
127422,2,0,0,0,169048,169049
127437,4,1,0,0,130394,130395
127438,2,0,0,0,124164,124165
127439,2,0,0,0,124167,124168
127440,2,0,0,0,145331,145332
127441,2,0,0,0,145327,145328
127442,2,1,0,0,119809,119810
127443,2,1,0,0,119807,119808
127444,2,0,0,0,145319,145320
127445,2,1,0,0,119811,119812
127446,2,0,0,0,145329,145330
127447,2,1,0,0,119813,119814
127448,2,0,0,0,169046,169047
127449,2,0,0,0,145321,145322
127450,2,1,0,0,119823,119824
127451,2,0,0,0,169044,169045
127452,2,0,0,0,169042,169043
127453,2,1,0,0,119825,119826
127455,2,0,0,0,123616,123617
127456,2,1,0,0,119827,119828
127457,2,1,0,0,175713,175714
127458,2,1,0,0,175711,175712
127459,2,1,0,0,175709,175710
127474,2,1,0,0,124135,124136
127475,2,0,0,0,169040,169041
127476,2,1,0,0,123852,123853
127477,2,0,0,0,169038,169039
127478,2,1,0,0,124129,124130
127479,2,1,0,0,124131,124132
127480,2,1,0,0,124151,124152
127481,2,1,0,0,124153,124154
127495,2,0,0,0,169036,169037
127496,8,0,0,0,157338,157339
127497,8,1,0,0,177079,177080
127498,2,0,0,0,127178,127179
127499,2,0,0,0,126971,126972
127500,2,0,0,0,124329,124330
127501,2,0,0,0,123913,123914
127502,2,0,0,0,130486,130487
127503,3,0,0,0,118452,118453
127504,2,0,0,0,169034,169035
127505,3,0,0,0,118450,118451
127507,2,1,0,0,175705,175706
127520,2,0,0,0,169032,169033
127521,2,0,0,0,169030,169031
127522,2,0,0,0,169028,169029
127523,2,0,0,0,124107,124108
127524,2,1,0,0,124113,124114
127525,2,0,0,0,169026,169027
127526,2,0,0,0,169024,169025
127527,2,1,0,0,175703,175704
127528,2,1,0,0,175701,175702
127529,2,0,0,0,0,125156
127530,2,0,0,0,169022,169023
127531,10,1,0,0,209228,209229
127532,2,0,0,0,169020,169021
127533,2,1,0,0,175699,175700
127534,2,1,0,0,175697,175698
127535,2,0,0,0,169018,169019
127536,2,0,0,0,169016,169017
127537,2,0,0,0,169014,169015
127538,11,0,0,0,130860,130861
127540,11,1,0,0,155942,155943
127553,2,0,0,0,112654,112655
127554,2,0,0,0,169012,169013
127555,2,0,0,0,169010,169011
127556,2,1,0,0,175695,175696
127557,2,1,0,0,175693,175694
127558,2,0,0,0,0,125087
127559,2,0,0,0,0,125089
127560,4,0,0,0,174216,174217
127575,2,0,0,0,169008,169009
127576,2,0,0,0,154087,154088
127590,9,0,0,0,324398,0
127591,2,0,0,0,169006,169007
127592,2,1,0,0,175691,175692
127593,7,0,0,0,119222,119223
127594,24,0,0,0,324399,0
127595,2,1,0,0,175689,175690
127596,2,1,0,0,175687,175688
127598,6,0,0,0,116253,116254
127599,6,0,0,0,116255,116256
127600,6,1,0,0,136856,136857
127601,6,1,0,0,136858,136859
127602,8,1,0,0,124176,177078
127603,8,0,0,0,157336,157337
127604,8,0,0,0,157334,157335
127605,8,0,0,0,157332,157333
127606,8,0,0,0,157330,157331
127607,11,1,0,0,150946,150947
127608,10,0,0,0,209687,209688
127609,1,1,0,0,135765,135766
127610,2,1,0,0,175685,175686
127611,9,0,0,0,324400,0
127612,9,0,0,0,324401,0
127613,9,1,0,0,324402,0
127614,2,0,0,0,153212,153213
127615,2,0,0,0,153214,153215
127616,2,1,0,0,153219,153220
127617,2,1,0,0,153221,153222
127618,11,1,0,0,150948,150949
127619,11,1,0,0,150950,150951
127620,11,0,0,0,130858,130859
127621,1,0,0,0,161466,161467
127622,1,0,0,0,161464,161465
127623,11,0,0,0,130856,130857
127624,2,0,0,0,161886,161887
127625,2,1,0,0,125295,125296
127626,2,0,0,0,169004,169005
127627,2,1,0,0,124125,124126
127628,2,1,0,0,125299,125300
127629,10,1,0,0,209226,209227
127630,2,0,0,0,169002,169003
127631,1,0,0,0,161462,161463
127632,1,0,0,0,161460,161461
127633,1,0,0,0,161458,161459
127634,1,0,0,0,160914,160915
127635,1,0,0,0,160916,160917
127636,1,0,0,0,160918,160919
127637,1,0,0,0,161456,161457
127638,1,0,0,0,161454,161455
127639,1,0,0,0,161452,161453
127640,1,0,0,0,161450,161451
127641,1,0,0,0,161448,161449
127642,1,1,0,0,135767,135768
127643,1,1,0,0,135769,135770
127644,1,0,0,0,159258,159259
127645,1,0,0,0,159288,159289
127646,1,1,0,0,135771,135772
127647,1,1,0,0,135773,135774
127648,2,0,0,0,123885,123886
127649,2,1,0,0,125293,125294
127650,2,1,0,0,125287,125288
127651,8,1,0,0,177076,177077
127652,8,1,0,0,177074,177075
127653,2,0,0,0,169000,169001
127654,2,0,0,0,168998,168999
127655,2,1,0,0,175683,175684
127656,2,1,0,0,175681,175682
127657,2,0,0,0,168996,168997
127658,2,0,0,0,123612,123613
127659,8,1,0,0,177072,177073
127660,2,1,0,0,175679,175680
127661,2,0,0,0,168994,168995
127662,2,0,0,0,123614,123615
127663,2,0,0,0,168992,168993
127664,2,0,0,0,119829,119830
127665,2,0,0,0,168990,168991
127666,2,0,0,0,168988,168989
127667,2,0,0,0,168986,168987
127668,2,0,0,0,168984,168985
127669,2,0,0,0,168982,168983
127670,2,0,0,0,168980,168981
127684,8,1,0,0,177070,177071
127685,8,0,0,0,157328,157329
127687,2,1,0,0,119815,119816
127688,2,1,0,0,119817,119818
127689,2,1,0,0,119819,119820
127690,2,1,0,0,119821,119822
127691,2,0,0,0,123659,123660
127692,2,1,0,0,175677,175678
127693,2,1,0,0,125301,125302
127694,8,1,0,0,177068,177069
127695,2,0,0,0,168978,168979
127696,2,0,0,0,168976,168977
127697,2,0,0,0,168974,168975
127698,2,0,0,0,168972,168973
127699,2,0,0,0,168970,168971
127700,2,1,0,0,175675,175676
127701,2,1,0,0,141624,141625
127702,2,0,0,0,125551,125552
127703,2,0,0,0,123467,123468
127704,4,0,0,0,174214,174215
127705,2,0,0,0,123465,123466
127706,10,1,0,0,0,209225
127707,2,1,0,0,125289,125290
127708,2,0,0,0,125133,125134
127709,2,0,0,0,168968,168969
127711,2,0,0,0,168966,168967
127712,2,1,0,0,175673,175674
127713,11,1,0,0,150952,150953
127714,11,1,0,0,116528,150954
127716,11,0,0,0,130854,130855
127717,11,0,0,0,130852,130853
127718,11,0,0,0,115688,130851
127721,11,0,0,0,116267,130850
127722,9,0,0,0,324403,0
127723,9,0,0,0,324404,0
127724,2,0,0,0,125012,125013
127725,11,0,0,0,130848,130849
127726,11,0,0,0,130846,130847
127727,11,1,0,0,150955,150956
127728,11,1,0,0,150957,150958
127729,2,0,0,0,168964,168965
127732,2,0,0,0,125710,125711
127734,2,0,0,0,168962,168963
127735,11,0,0,0,130844,130845
127736,2,0,0,0,168960,168961
127738,2,1,0,0,175671,175672
127739,22,0,0,0,324405,0
127740,19,0,0,0,324406,0
127741,18,0,0,0,324407,0
127742,8,1,0,0,177066,177067
127743,3,0,0,0,118448,118449
127744,2,0,0,0,113387,113388
127745,11,1,0,0,127933,150959
127746,11,1,0,0,127934,150960
127747,11,0,0,0,127809,130843
127748,11,0,0,0,127810,130842
127749,2,1,0,0,113389,113390
127750,2,0,0,0,118532,118533
127752,2,1,0,0,175669,175670
127754,2,0,0,0,168958,168959
127755,2,0,0,0,168956,168957
127756,2,0,0,0,168954,168955
127757,2,0,0,0,168952,168953
127759,2,0,0,0,168950,168951
127760,2,0,0,0,168948,168949
127761,2,0,0,0,168946,168947
127762,2,1,0,0,127286,127287
127763,2,1,0,0,175667,175668
127764,2,1,0,0,127288,127289
127765,2,1,0,0,127290,127291
127767,2,0,0,0,168944,168945
127779,22,0,0,0,324408,0
127781,2,0,0,0,168942,168943
127782,2,0,0,0,168940,168941
127783,2,0,0,0,168938,168939
127784,2,1,0,0,125279,125280
127785,2,1,0,0,125281,125282
127786,2,1,0,0,125283,125284
127787,2,1,0,0,125285,125286
127788,11,0,0,0,130840,130841
127789,11,0,0,0,130838,130839
127790,11,0,0,0,130836,130837
127791,11,0,0,0,130834,130835
127792,11,1,0,0,150961,150962
127793,11,1,0,0,150963,150964
127794,11,1,0,0,150965,150966
127795,11,1,0,0,150967,150968
127796,11,1,0,0,150969,150970
127798,8,0,0,0,157326,157327
127799,2,0,0,0,168936,168937
127801,9,0,0,0,324409,0
127802,9,0,0,0,324410,0
127803,9,1,0,0,324411,0
127804,9,1,0,0,324412,0
127805,9,0,0,0,324413,0
127806,5,0,0,0,127301,127302
127807,6,0,0,0,116257,116258
127808,2,1,0,0,175665,175666
127809,2,1,0,0,175663,175664
127810,2,1,0,0,175661,175662
127811,7,1,0,0,118606,118607
127812,3,0,0,0,118446,118447
127813,2,0,0,0,168934,168935
127814,2,0,0,0,168932,168933
127815,1,0,0,0,161446,161447
127816,1,1,0,0,135775,135776
127818,2,0,0,0,168930,168931
127819,2,0,0,0,168928,168929
127820,2,1,0,0,175659,175660
127821,2,0,0,0,168926,168927
127822,2,1,0,0,175657,175658
127823,11,0,0,0,130832,130833
127824,11,1,0,0,150971,150972
127825,1,0,0,0,125626,161445
127826,2,0,0,0,124160,124161
127827,2,0,0,0,119658,119659
127828,2,1,0,0,124155,124156
127829,2,1,0,0,124158,124159
127830,11,0,0,0,130830,130831
127831,9,0,0,0,324414,0
127832,9,0,0,0,324415,0
127833,9,0,0,0,324416,0
127834,9,0,0,0,324417,0
127835,9,1,0,0,324418,0
127836,9,1,0,0,324419,0
127837,9,1,0,0,324420,0
127838,9,1,0,0,324421,0
127839,11,1,0,0,150973,150974
127840,9,0,6,0,324422,0
127841,2,0,0,0,168924,168925
127842,2,0,0,0,168922,168923
127843,2,0,0,0,123094,123095
127844,2,0,0,0,168920,168921
127845,2,1,0,0,175655,175656
127846,2,1,0,0,175653,175654
127847,2,1,0,0,175651,175652
127848,2,1,0,0,175649,175650
127849,11,1,0,0,150975,150976
127850,11,1,0,0,150977,150978
127851,11,1,0,0,150979,150980
127852,11,1,0,0,150981,150982
127853,11,0,0,0,130828,130829
127854,11,0,0,0,130826,130827
127855,11,0,0,0,130824,130825
127856,11,0,0,0,130822,130823
127857,24,0,0,0,324423,0
127858,24,0,0,0,324424,0
127859,24,0,0,0,204514,0
127860,24,1,0,0,324425,0
127861,17,0,0,0,324426,0
127862,17,0,0,0,324427,0
127863,2,0,0,0,168918,168919
127864,2,0,0,0,168916,168917
127865,2,1,0,0,175647,175648
127866,2,1,0,0,135918,135919
127867,2,0,0,0,168914,168915
127869,8,0,0,0,157324,157325
127870,9,0,0,0,324428,0
127871,2,0,0,0,168912,168913
127872,9,0,0,0,324429,0
127873,9,1,0,0,324430,0
127874,2,1,0,0,175645,175646
127875,9,1,0,0,324431,0
127876,2,0,0,0,117151,117152
127877,2,0,0,0,168910,168911
127878,2,0,0,0,117357,117358
127879,2,1,0,0,175643,175644
127880,2,0,0,0,168908,168909
127881,2,1,0,2,125270,125271
127882,2,0,0,0,0,168907
127883,2,0,0,0,168904,168905
127884,2,1,0,0,175641,175642
127885,2,1,0,0,175639,175640
127886,2,0,0,0,168902,168903
127887,2,0,0,0,168900,168901
127888,2,1,0,0,175637,175638
127889,2,1,0,0,175635,175636
127890,2,0,0,0,168898,168899
127891,11,1,0,0,0,150984
127892,2,0,0,0,168896,168897
127893,2,1,0,0,175633,175634
127894,2,1,0,0,175631,175632
127896,2,0,0,0,168894,168895
127897,2,0,0,0,168892,168893
127898,11,0,0,0,127812,130821
127899,11,0,0,0,127813,130820
127900,11,0,0,0,127811,130819
127901,11,0,0,0,125276,130818
127902,11,1,0,0,127847,150985
127903,11,1,0,0,127931,150986
127904,11,1,0,0,127932,150987
127905,11,0,0,0,126233,130817
127906,11,1,0,0,126230,150988
127907,11,0,0,0,127808,130816
127908,2,0,0,0,168890,168891
127909,2,1,0,0,175629,175630
127910,2,1,0,0,175627,175628
127911,2,0,0,0,168888,168889
127912,2,0,0,0,168886,168887
127913,3,0,0,0,118444,118445
127914,2,1,0,0,175625,175626
127915,2,1,0,0,175623,175624
127916,2,0,0,0,168884,168885
127917,2,0,0,0,168882,168883
127918,2,1,0,0,175621,175622
127919,2,1,0,0,175619,175620
127920,2,0,0,0,168880,168881
127921,2,0,0,0,168878,168879
127922,2,1,0,0,175617,175618
127923,2,1,0,0,175615,175616
127924,2,0,0,0,168876,168877
127925,2,0,0,0,168874,168875
127926,2,1,0,0,175613,175614
127927,2,1,0,0,175611,175612
127928,2,0,0,0,168872,168873
127929,2,0,0,0,168870,168871
127930,2,1,0,0,175609,175610
127931,2,1,0,0,175607,175608
127932,1,1,0,0,135777,135778
127933,9,1,0,0,324432,0
127934,9,0,0,0,123106,0
127935,9,0,0,0,324433,0
127936,9,1,0,0,324434,0
127937,9,0,0,0,324435,0
127938,9,1,0,0,324436,0
127941,9,1,0,0,324437,0
127942,9,0,0,0,324438,0
127943,11,0,0,0,130814,130815
127944,6,0,0,0,116259,116260
127945,11,0,0,0,130812,130813
127946,11,0,0,0,130810,130811
127947,11,0,0,0,130808,130809
127948,4,1,0,0,130396,130397
127949,11,1,0,0,150991,150992
127950,11,1,0,0,150993,150994
127951,11,1,0,0,150995,150996
127952,11,1,0,0,150997,150998
127953,2,0,0,0,126310,126311
127954,11,1,0,0,150999,151000
127955,11,0,0,0,130806,130807
127960,10,0,0,0,123074,209686
127961,1,1,0,0,123075,135779
127962,10,0,0,0,209684,209685
127963,10,0,0,0,209682,209683
127964,10,1,0,0,209222,209223
127965,10,1,0,0,209220,209221
127966,1,0,0,0,161443,161444
127967,11,1,0,0,151001,151002
127971,2,1,0,0,175605,175606
127992,7,1,0,0,118604,118605
127994,2,0,0,0,168868,168869
127999,2,1,0,0,175603,175604
128000,2,0,0,0,168866,168867
128001,11,0,0,0,130804,130805
128002,1,0,0,0,125837,161442
128003,3,0,0,0,118442,118443
128004,11,0,0,0,130802,130803
128005,11,1,0,0,127848,151003
128006,2,1,0,0,175599,175600
128007,10,0,0,0,209680,209681
128008,11,1,0,0,127914,151004
128013,2,1,0,0,125297,125298
128014,2,0,0,0,168864,168865
128017,2,0,0,0,168862,168863
128018,25,1,0,1,324439,0
128019,25,0,0,1,324440,0
128020,24,1,0,1,324441,0
128021,24,0,0,1,324442,0
128022,24,1,0,1,324443,0
128023,24,0,0,1,324444,0
128024,22,1,0,1,324445,0
128025,22,0,0,1,324446,0
128026,11,1,0,0,112734,151005
128027,9,0,0,0,324447,0
128028,2,1,0,0,112581,112582
128029,2,0,0,0,168860,168861
128030,2,0,0,0,168858,168859
128031,2,0,0,0,112579,112580
128032,11,0,0,0,112583,130801
128033,11,0,0,0,112584,130800
128034,2,0,0,0,112585,112586
128035,2,0,0,0,112622,112623
128036,2,0,6,0,168856,168857
128037,26,0,0,0,146956,0
128038,6,0,0,0,116261,116262
128039,8,0,0,0,157318,157319
128040,6,0,0,0,116263,116264
128041,5,0,0,0,127299,127300
128042,2,0,0,0,168854,168855
128043,8,0,0,0,157316,157317
128044,6,0,0,0,116265,116266
128045,2,0,0,0,168852,168853
128046,2,0,0,0,112634,112635
128047,2,0,0,0,112638,112639
128048,2,0,0,0,112656,112657
128049,2,0,0,0,112658,112659
128050,2,1,0,0,112662,112663
128051,2,1,0,0,112664,112665
128052,11,0,0,0,112684,130799
128053,11,1,0,0,112699,151006
128054,1,1,0,0,112700,135780
128055,11,0,0,0,112733,130798
128056,11,1,0,0,112735,151007
128057,11,0,0,0,112736,130797
128066,2,1,0,0,114144,114145
128067,2,1,0,0,114146,114147
128068,2,1,0,0,114148,114149
128069,2,1,0,0,114150,114151
128070,2,1,0,0,114152,114153
128071,2,1,0,0,114154,114155
128072,2,1,0,0,114156,114157
128073,2,1,0,0,114158,114159
128074,2,1,0,0,114160,114161
128075,2,1,0,0,114162,114163
128076,2,1,0,0,114164,114165
128077,2,1,0,0,114166,114167
128078,2,1,0,0,114168,114169
128079,2,1,0,0,114170,114171
128080,2,1,0,0,114172,114173
128081,2,1,0,0,114174,114175
128082,2,1,0,0,114176,114177
128083,2,1,0,0,114178,114179
128084,2,1,0,0,114180,114181
128085,2,1,0,0,114182,114183
128086,2,1,0,0,114184,114185
128087,2,1,0,0,114186,114187
128088,2,1,0,0,114188,114189
128089,2,1,0,0,114190,114191
128090,2,1,0,0,114192,114193
128091,2,1,0,0,114194,114195
128092,2,1,0,0,114196,114197
128093,2,1,0,0,114198,114199
128094,2,1,0,0,114200,114201
128095,2,1,0,0,114202,114203
128096,2,1,0,0,114204,114205
128097,2,1,0,0,114206,114207
128098,2,1,0,0,114208,114209
128099,2,1,0,0,114210,114211
128100,2,1,0,0,114212,114213
128101,2,1,0,0,114214,114215
128102,2,1,0,0,114216,114217
128103,2,1,0,0,114218,114219
128104,2,1,0,0,114220,114221
128105,2,1,0,0,114222,114223
128106,2,1,0,0,114224,114225
128107,2,1,0,0,114226,114227
128108,2,1,0,0,114228,114229
128109,2,1,0,0,114230,114231
128110,2,1,0,0,114232,114233
128111,2,1,0,0,114234,114235
128112,2,1,0,0,114236,114237
128127,3,0,0,0,0,114260
128128,3,1,0,0,0,114262
128129,9,0,0,0,114731,0
128142,2,1,0,0,114774,114776
128144,2,1,0,0,115123,115124
128145,2,1,0,0,115630,115631
128146,2,0,0,0,115652,115654
128147,2,0,0,0,115668,115669
128148,2,0,0,0,115731,115733
128149,2,0,0,0,115789,115790
128150,2,1,0,0,115791,115792
128152,2,1,0,0,115852,115853
128153,2,0,0,0,115949,115951
128154,2,0,0,0,115994,115996
128155,2,1,0,0,116018,116020
128156,2,1,0,0,116032,116034
128157,11,0,0,0,116268,130796
128160,2,0,0,0,116269,116270
128161,11,0,0,0,116457,130795
128165,2,1,0,0,117353,117354
128177,2,0,0,0,117359,117360
128194,3,1,0,0,118183,118184
128212,11,0,0,0,118185,130794
128213,11,1,0,0,118186,151008
128215,10,1,0,0,118204,209219
128216,11,1,0,0,118205,130793
128217,1,0,0,0,119661,160913
128218,2,0,0,0,119679,119680
128219,11,0,0,0,119563,130792
128220,1,0,0,0,119564,161441
128221,1,0,0,0,119566,161440
128222,1,0,0,0,119567,161439
128223,11,0,0,0,119568,130791
128224,1,0,0,0,119569,161438
128225,1,0,0,0,119571,161437
128226,1,0,0,0,119572,161436
128227,1,1,0,0,119573,135781
128228,1,1,0,0,119574,135782
128229,1,1,0,0,119575,135783
128230,1,1,0,0,119576,135784
128231,11,1,0,0,119577,151009
128232,2,0,0,0,119578,119579
128233,22,0,0,0,119581,0
128234,11,1,0,0,119582,151010
128235,2,0,0,0,119649,119650
128236,2,0,0,0,119651,119652
128237,2,0,0,0,119653,119654
128238,11,0,0,0,119772,130790
128239,11,1,0,0,119773,151011
128240,11,0,0,0,119780,130789
128241,11,1,0,0,119781,151012
128242,1,1,0,0,119803,135785
128243,2,0,0,0,119804,119805
128279,1,0,0,0,119914,161435
128280,1,0,0,0,119915,161434
128281,1,1,0,0,119916,135786
128282,1,1,0,0,119917,135787
128283,2,0,0,0,119934,119935
128284,8,1,0,0,119994,177065
128285,1,0,0,0,123010,161433
128286,2,0,0,0,123027,123028
128287,2,0,0,0,123096,123097
128288,2,0,0,0,123098,123099
128289,2,1,0,0,123100,123101
128290,2,1,0,0,123102,123103
128291,2,0,0,0,123107,123108
128292,2,0,0,0,123109,123110
128293,2,1,0,0,123111,123112
128294,2,1,0,0,123113,123114
128295,9,0,0,0,123115,0
128296,9,1,0,0,123116,0
128297,9,0,0,0,123117,0
128298,9,1,0,0,123118,0
128299,2,0,0,0,123119,123120
128300,2,0,0,0,123121,123122
128301,2,1,0,0,123123,123124
128303,2,1,0,0,123127,123128
128304,9,1,0,0,123138,0
128305,5,0,0,0,123139,127298
128306,5,1,0,0,123140,161888
128307,9,0,0,0,123141,0
128308,2,0,0,0,123369,123370
128312,2,1,0,0,123402,123403
128313,2,0,0,0,123404,123405
128314,2,1,0,0,123457,123458
128315,2,0,0,0,123459,123460
128316,2,0,0,0,123461,123462
128317,2,0,0,0,123463,123464
128319,2,1,0,0,123608,123609
128320,2,1,0,0,123610,123611
128321,2,1,0,0,123618,123619
128322,2,1,0,0,123620,123621
128323,2,1,0,0,123622,123623
128324,2,1,0,0,123624,123625
128325,2,0,0,0,123626,123627
128326,2,1,0,0,123652,123653
128327,2,0,0,0,123654,123655
128331,2,1,0,0,123661,123662
128332,2,0,0,0,123663,123664
128335,2,1,0,0,123669,123670
128336,2,0,0,0,123671,123672
128337,2,0,0,0,123673,123674
128338,2,1,0,0,123675,123676
128339,2,0,0,0,123677,123678
128340,2,1,0,0,123679,123680
128341,2,0,0,0,123681,123682
128342,11,1,0,0,123683,151013
128344,11,1,0,0,123686,151014
128345,11,1,0,0,123736,151015
128347,2,0,0,0,123740,123741
128348,11,0,0,0,123743,130788
128349,11,1,0,0,123749,151016
128350,9,0,0,0,123765,0
128351,2,0,0,0,123797,123798
128352,2,0,0,0,123799,123800
128353,2,1,0,0,123801,123802
128354,2,1,0,0,123803,123804
128355,2,0,0,0,123839,123840
128356,2,0,0,0,123841,123842
128357,2,0,0,0,123843,123844
128358,2,0,0,0,123845,123846
128359,2,0,0,0,123848,123849
128360,2,1,0,0,123877,123878
128361,11,1,0,0,123879,151017
128362,2,1,0,0,123887,123888
128363,2,1,0,0,123915,123916
128364,2,0,0,0,0,123920
128366,2,1,0,0,0,123924
128367,2,0,0,0,123925,123926
128382,2,0,0,0,124081,124082
128396,2,0,0,0,124104,124105
128397,2,1,0,0,124115,124116
128398,2,1,0,0,124127,124128
128399,2,1,0,0,124141,124142
128400,11,1,0,0,124166,151018
128414,8,0,0,0,0,157315
128415,8,0,0,0,0,157314
128416,11,0,0,0,124191,130787
128421,2,1,0,0,124197,124198
128425,2,1,0,0,124203,124204
128431,2,0,0,0,124213,124214
128433,8,0,0,0,124217,157313
128447,2,1,0,0,124237,124238
128449,2,1,0,0,124245,124246
128450,2,1,0,0,124247,124248
128451,2,1,0,0,124327,124328
128452,2,1,0,0,124331,124332
128453,2,1,0,0,124336,124337
128454,2,1,0,0,124340,124341
128455,5,0,0,0,124414,127297
128456,2,0,0,0,124415,124416
128457,1,1,0,0,124418,153116
128458,5,0,0,0,124419,127296
128459,2,0,0,0,124453,124454
128460,1,0,0,0,124455,161432
128461,2,1,0,0,124456,124457
128462,2,1,0,0,124458,124459
128463,2,1,0,0,124492,124493
128464,2,1,0,0,124725,124726
128467,11,1,0,0,124851,151019
128468,7,0,0,0,124853,124854
128469,7,0,0,0,124855,124856
128470,7,1,0,0,124857,124858
128471,7,0,0,0,124859,124860
128475,2,0,0,0,124955,124956
128477,2,1,0,0,124960,124961
128478,2,0,0,0,124962,124963
128479,2,0,0,0,124964,124965
128480,2,0,0,0,124966,124967
128482,2,1,0,0,124989,124990
128483,2,0,0,0,0,125011
128484,2,0,0,0,125014,125015
128485,2,0,0,0,125019,125020
128486,2,1,0,0,125024,125025
128487,2,1,0,0,125026,125027
128488,2,1,0,0,125028,125029
128489,2,1,0,0,125030,125031
128490,2,0,0,0,125035,125036
128491,2,0,0,0,125037,125038
128492,2,0,0,0,125039,125040
128493,2,0,0,0,125041,125042
128494,2,0,0,0,125090,125091
128495,2,1,0,0,0,125093
128496,2,0,0,0,125100,125101
128497,2,0,0,0,125102,125103
128498,2,1,0,0,125106,125107
128499,2,1,0,0,125129,125130
128500,2,0,0,0,125131,125132
128501,2,0,0,0,125152,125153
128503,1,0,0,0,125159,161431
128515,2,0,0,0,125206,125207
128516,2,0,0,0,125210,125211
128517,2,0,0,0,125266,125267
128518,2,0,0,0,125268,125269
128519,11,1,0,0,125272,151020
128520,9,1,0,0,125273,0
128521,2,0,0,0,125274,125275
128522,2,1,0,0,125366,125367
128523,11,0,0,0,125368,130786
128524,2,0,0,0,125369,125370
128525,11,0,0,0,125371,130785
128526,2,0,0,0,125372,125373
128527,2,1,0,0,125374,125375
128528,2,1,0,0,125376,125377
128529,11,0,0,0,125378,130784
128531,22,0,0,0,125444,0
128532,11,0,0,0,125445,130783
128533,11,0,0,0,125472,130782
128534,1,1,0,0,125473,135788
128535,9,1,0,0,125474,0
128536,3,0,0,0,125475,125476
128537,2,0,0,0,125477,125478
128538,1,0,0,0,125479,161430
128539,11,1,0,0,125499,151021
128540,11,0,0,0,125500,130781
128541,11,1,0,0,125502,151022
128542,11,0,0,0,125503,130780
128543,11,0,0,0,125504,130779
128544,2,0,0,0,125509,125510
128545,11,1,0,0,125511,151024
128546,2,1,0,0,125512,125513
128547,11,0,0,0,125514,130778
128548,11,0,0,0,125515,130777
128549,11,1,0,0,125528,151025
128552,11,0,0,0,125532,130776
128553,11,1,0,0,125533,151026
128554,3,1,0,0,125537,125538
128555,1,0,0,0,125548,161429
128556,1,1,0,0,125549,135789
128557,1,0,0,0,125550,161428
128558,11,1,0,0,125593,151027
128559,11,1,0,0,125594,151028
128573,1,0,0,0,125623,161427
128574,1,1,0,0,125624,135790
128575,1,0,0,0,125625,161426
128576,2,1,0,0,125668,125669
128577,2,1,0,0,125670,125671
128578,2,0,0,0,125672,125673
128579,7,1,0,0,125708,125709
128580,2,0,0,0,125714,125715
128581,2,1,0,0,125716,125717
128582,2,1,0,0,125718,125719
128583,2,1,0,0,125721,125722
128584,2,1,0,0,125723,125724
128585,2,0,0,0,125725,125726
128586,2,0,0,0,125727,125728
128587,2,0,0,0,125729,125730
128588,2,0,0,0,125731,125732
128589,2,0,0,0,125733,125734
128590,2,0,0,0,125735,125736
128591,11,0,0,0,125737,130775
128592,1,0,0,0,125738,161425
128593,4,0,0,0,125739,174213
128594,11,0,0,0,125763,130774
128595,11,0,0,0,125764,130773
128596,11,0,0,0,125801,130772
128597,3,1,0,0,125803,125804
128598,8,0,0,0,125805,157312
128599,5,0,0,0,125806,127295
128600,6,0,0,0,125807,125808
128601,10,1,0,0,125809,209218
128602,2,0,0,0,125822,125823
128603,2,0,0,0,125824,125825
128604,2,0,0,0,125826,125827
128605,2,0,0,0,125828,125829
128606,11,1,0,0,125830,151030
128607,11,0,0,0,125831,130771
128608,11,0,0,0,125832,130770
128609,11,1,0,0,125836,151031
128623,11,0,0,0,125858,130769
128624,11,0,0,0,125866,130768
128625,11,1,0,0,125867,151032
128626,11,1,0,0,125870,151033
128627,10,1,0,0,125871,209217
128628,10,1,0,0,125872,209216
128629,4,1,0,0,125873,130398
128630,4,1,0,0,125874,130399
128631,2,1,0,0,125894,125895
128632,2,1,0,0,125896,125897
128633,2,0,0,0,125898,125899
128634,2,1,0,0,125900,125901
128635,2,0,0,0,125902,125903
128636,2,1,0,0,125904,125905
128638,11,0,0,0,125926,130767
128639,2,1,0,0,125927,125928
128640,11,0,0,0,125929,130766
128641,2,1,0,0,125930,125931
128642,2,1,0,0,125932,125933
128643,2,1,0,0,125934,125935
128644,11,1,0,0,125936,151034
128645,11,1,0,0,125937,151035
128646,11,0,0,0,125938,130765
128647,11,1,0,0,125939,151036
128648,11,0,0,0,125946,130764
128649,1,0,0,0,0,161424
128650,9,1,0,0,125948,0
128651,2,0,0,0,125951,125952
128652,11,0,0,0,126019,130763
128653,11,1,0,0,126020,151037
128654,9,0,0,0,126021,0
128655,11,1,0,0,126022,151038
128656,11,1,0,0,126023,151039
128657,9,0,0,0,126024,0
128658,2,0,0,0,126025,126026
128659,2,0,0,0,126027,126028
128660,9,0,0,0,126029,0
128661,9,1,0,0,126030,0
128662,9,0,0,0,126031,0
128663,9,1,0,0,126032,0
128664,11,0,0,0,126033,130762
128665,2,0,0,0,126034,126035
128666,11,0,0,0,126036,130761
128667,11,0,0,0,126037,130760
128668,2,1,0,0,126038,126039
128669,11,1,0,0,126040,151040
128670,11,1,0,0,126041,151041
128672,11,0,0,0,126045,130759
128673,11,0,0,0,126046,130758
128674,11,1,0,0,126050,151042
128675,1,0,0,0,126051,161423
128676,11,0,0,0,126052,130757
128678,11,1,0,0,126055,151043
128679,11,1,0,0,126056,151044
128680,2,0,0,0,126057,126058
128681,25,0,0,0,126222,0
128682,11,0,0,0,126223,130756
128683,11,0,0,0,126224,130755
128684,11,1,0,0,126225,151045
128685,11,1,0,0,126226,151046
128686,11,1,0,0,126227,151047
128687,11,1,0,0,126228,151048
128688,11,1,0,0,126229,151049
128689,11,0,0,0,126231,130754
128690,11,0,0,0,126232,130753
128691,11,1,0,0,126234,151050
128692,11,1,0,0,126249,151051
128693,11,0,0,0,126273,130752
128694,11,0,0,0,126274,130751
128695,11,0,0,0,126276,130750
128696,11,0,0,0,126277,130749
128697,11,0,0,0,126278,130748
128698,11,1,0,0,126279,151052
128699,9,0,0,0,126280,0
128700,10,0,0,0,126312,209679
128701,5,0,0,0,0,126314
128702,2,0,0,0,126317,126318
128703,2,0,0,0,126320,126321
128704,2,0,0,0,126322,126323
128705,2,0,0,0,126324,126325
128706,2,0,0,0,126326,126327
128720,5,0,0,0,126396,126397
128721,9,0,0,0,126398,0
128722,9,0,0,0,126399,0
128723,9,1,0,0,126400,0
128724,11,1,0,0,126678,151053
128725,5,1,0,0,126679,126680
128726,11,1,0,0,126681,151054
128727,11,0,0,0,126682,130747
128728,11,1,0,0,126683,151055
128729,11,0,0,0,126684,130746
128730,11,1,0,0,126685,151056
128731,11,1,0,0,126686,151057
128732,11,0,0,0,126687,130745
128733,11,0,0,0,126688,130744
128734,11,0,0,0,126689,130743
128736,11,1,0,0,126691,151058
128737,11,0,0,0,126692,130742
128741,11,1,0,0,126697,151059
128743,11,1,0,0,126699,151060
128751,11,0,0,0,126711,130741
128752,11,1,0,0,126712,151061
128754,11,1,0,0,126716,151062
128755,11,0,0,0,126719,130740
128756,11,0,0,0,126721,130739
128757,11,1,0,0,126722,151063
128758,11,1,0,0,126723,151064
128759,3,1,0,0,126739,126740
128760,11,0,0,0,126741,130738
128761,2,1,0,0,126744,126745
128762,2,0,0,0,126882,126883
128763,2,0,0,0,126884,126885
128764,11,0,0,0,126906,130737
128765,11,1,0,0,126907,151065
128767,11,0,0,0,126951,130736
128768,11,0,0,0,126952,130735
128769,11,0,0,0,126953,130734
128770,11,1,0,0,126954,151066
128771,11,1,0,0,126955,151067
128772,2,0,0,0,126966,126967
128773,11,0,0,0,126968,130733
128774,11,1,0,0,126969,151068
128775,11,1,0,0,126970,151069
128776,2,0,0,0,0,126978
128777,2,0,0,0,126979,126980
128778,2,0,0,0,126981,126982
128779,2,1,0,0,126983,126984
128780,2,1,0,0,126985,126986
128781,2,0,0,0,126987,126988
128782,2,0,0,0,126989,126990
128783,2,1,0,0,126991,126992
128784,2,1,0,0,126993,126994
128785,2,0,0,0,126998,126999
128786,2,0,0,0,127000,127001
128787,2,1,0,0,127002,127003
128788,2,1,0,0,127004,127005
128789,2,0,0,0,127006,127007
128790,2,1,0,0,127008,127009
128791,2,0,0,0,127010,127011
128792,2,1,0,0,127012,127013
128793,2,1,0,0,127014,127015
128794,2,0,0,0,127016,127017
128795,2,1,0,0,127018,127019
128796,2,0,0,0,127020,127021
128797,2,0,0,0,127022,127023
128798,11,0,0,0,127024,130732
128799,2,0,0,0,127027,127028
128800,2,1,0,0,127029,127030
128801,2,0,0,0,127031,127032
128802,1,1,0,0,127033,135791
128803,6,1,0,0,127036,127037
128804,2,0,0,0,127038,127039
128805,8,1,0,0,127040,177064
128806,8,0,0,0,127043,127140
128807,6,0,0,0,127045,127046
128808,6,1,0,0,127047,127048
128809,9,0,0,0,127049,0
128848,2,0,0,2,127097,127098
128849,8,1,0,2,127099,177063
128851,2,1,0,0,127101,127102
128852,26,1,0,2,127103,0
128853,6,0,0,0,127105,127106
128854,2,1,0,2,127107,127464
128855,9,1,0,0,127108,0
128856,8,1,0,0,127110,177062
128857,2,0,0,0,127111,127112
128858,2,0,0,0,127113,127114
128859,2,1,0,0,127115,127116
128860,2,1,0,0,0,127118
128862,10,1,0,0,127122,209215
128863,2,0,0,0,127123,127124
128865,9,0,0,2,127138,0
128867,2,0,0,0,127146,127147
128868,2,0,0,0,127185,127186
128869,2,0,0,0,127187,127188
128870,2,0,0,0,127189,127190
128872,1,0,0,0,127198,161422
128873,9,0,0,0,127199,0
128875,9,0,0,0,127204,0
128883,11,0,0,0,127241,130731
128895,2,0,0,0,127260,127261
128896,2,1,0,0,127262,127263
128906,2,0,0,0,127282,127283
128907,1,0,0,0,127284,161421
128909,11,0,0,0,127294,130730
128910,11,1,0,0,127317,151070
128911,11,1,0,0,127318,151071
128912,11,1,0,0,127319,151072
128913,11,1,0,0,127320,151073
128914,11,1,0,0,127321,151074
128915,11,1,0,0,127322,151075
128916,11,1,0,0,127323,151076
128917,11,1,0,0,127324,151077
128918,11,0,0,0,127325,130729
128919,11,0,0,0,127326,130728
128920,11,0,0,0,127327,130727
128921,11,1,0,0,127328,151078
128922,11,0,0,0,127329,130726
128923,11,0,0,0,127338,130725
128924,11,1,0,0,127339,151079
128925,11,1,0,0,127340,151080
128926,11,0,0,0,127341,130724
128927,4,1,0,0,127408,127409
128928,2,0,0,0,127417,127418
128929,11,0,0,0,127419,130723
128930,4,1,0,0,127420,127421
128931,2,0,0,0,127442,127443
128932,2,0,0,0,127444,127445
128933,2,1,0,0,127446,127447
128934,2,1,0,0,127448,127449
128935,2,1,0,0,127450,127451
128936,11,1,0,0,127452,151081
128937,11,0,0,0,127455,130722
128938,11,1,0,0,127456,151082
128939,11,0,0,0,127457,130721
128940,2,1,0,0,127458,127459
128941,11,0,0,0,127460,130720
128942,11,0,0,0,127461,130719
128943,11,1,0,0,127462,151083
128944,11,1,0,0,127463,151084
128945,2,1,0,0,127465,127466
128948,10,1,0,0,127471,209214
128949,6,0,0,0,127472,127551
128950,2,1,0,0,127549,127550
128951,11,0,0,0,127552,130718
128952,5,0,0,0,127559,127562
128953,2,1,0,0,127563,127564
128954,11,1,0,0,127565,151085
128955,2,0,0,0,127566,127567
128956,3,0,0,0,127568,127569
128957,1,0,0,0,127570,161420
128958,2,0,0,0,127571,127572
128959,2,0,0,0,127573,127574
128960,2,1,0,0,127575,127576
128961,2,1,0,0,127577,127578
128962,9,0,0,0,127579,0
128963,11,0,0,0,127580,130717
128965,3,0,0,0,127593,127595
128966,3,1,0,0,127597,127598
128967,2,1,0,0,127599,127600
128968,11,0,0,0,127603,130716
128969,11,0,0,0,127604,130715
128974,9,0,0,0,127614,0
128975,11,0,0,0,127615,130714
128976,11,0,0,0,127616,130713
128977,2,0,0,0,127617,127618
128978,11,1,0,0,127619,151086
128979,2,0,0,0,127620,127621
128980,11,1,0,0,127622,151087
128982,2,1,0,0,127625,127626
128983,2,1,0,0,127627,127628
128984,11,1,0,0,127629,151088
128990,9,0,0,0,127640,0
128993,9,1,0,0,127646,0
128994,9,1,0,0,127649,0
128995,2,1,0,0,127651,127652
128997,11,0,0,0,127655,130712
128998,8,0,0,0,127656,127657
128999,8,0,0,0,127658,157311
129000,8,1,0,0,127659,177061
129001,8,1,0,0,127660,177060
129003,2,0,0,0,127662,127663
129004,11,1,0,0,127664,151089
129005,11,0,0,0,127665,130711
129006,1,0,0,0,127666,161417
129007,6,0,0,0,127667,127668
129009,2,0,0,0,127670,127671
129015,11,0,0,0,127680,130710
129016,11,0,0,0,127681,130709
129017,11,1,0,0,127682,151090
129018,11,1,0,0,127683,151091
129020,2,1,0,2,127685,127686
129024,10,1,0,2,127708,209213
129027,2,0,0,0,127712,127713
129039,2,0,0,0,127731,127732
129042,2,1,0,0,127736,127737
129044,2,1,0,0,127740,127741
129045,2,1,0,0,127742,127743
129049,11,1,0,0,127752,151092
129052,10,0,0,0,127756,209678
129053,10,0,0,0,127757,209677
129054,10,1,0,0,127767,209212
129055,10,0,0,0,127768,209676
129056,11,0,0,0,127769,130708
129058,11,1,0,0,127772,151093
129059,11,1,0,0,127773,151094
129060,11,1,0,0,127774,151095
129061,11,1,0,0,127775,151096
129062,11,1,0,0,127776,151097
129063,11,1,0,0,127777,151098
129067,11,1,0,0,127791,151099
129068,11,1,0,0,127792,151100
129069,11,1,0,0,127793,151101
129070,11,0,0,0,127794,130707
129072,11,0,0,0,127797,130706
129073,10,0,0,0,127798,209675
129074,11,0,0,0,127799,130705
129075,11,0,0,0,127800,130704
129076,11,0,0,0,127801,130703
129077,11,0,0,0,127802,130702
129078,11,0,0,0,127803,130701
129080,11,0,0,0,127816,130700
129081,11,0,0,0,127817,130699
129083,11,1,0,0,127819,151102
129086,11,1,0,0,127824,151103
129087,11,1,0,0,127825,151104
129093,3,0,0,0,127833,127834
129096,22,1,0,0,127839,0
129102,5,1,0,0,127935,127936
129103,3,0,0,0,128012,128013
129104,3,0,0,0,128014,128015
129105,10,1,0,0,128021,130698
129106,11,0,0,0,128022,130697
129107,11,0,0,0,128023,130696
129108,11,0,0,0,128024,130695
129109,10,1,0,0,128025,209211
129110,11,0,0,0,128026,130694
129111,11,1,0,0,128027,151105
129112,2,0,0,0,128028,128029
129113,11,1,0,0,128030,151106
129114,11,1,0,0,128031,151107
129132,10,0,0,0,128148,209674
129133,10,1,0,0,128149,209210
129134,11,0,0,0,128150,130693
129135,11,1,0,0,128151,151108
129136,11,0,0,0,128152,130692
129137,11,0,6,0,128153,130691
129138,11,0,0,0,128154,130690
129139,11,1,0,0,128155,151109
129140,11,1,6,0,128156,151110
129141,11,0,0,0,128157,130689
129142,1,0,0,0,128158,135792
129143,11,0,0,0,128166,130688
129144,11,1,0,0,128167,151111
129145,11,0,0,0,128168,130687
129146,11,0,0,0,128169,130686
129147,1,0,0,0,128170,161416
129148,4,0,0,0,128171,174212
129149,11,0,0,0,128172,130685
129150,7,1,0,0,128173,128174
129151,11,1,0,0,128192,151112
129152,11,0,0,0,128193,130684
129153,11,1,0,0,128194,151113
129154,2,0,0,0,128195,128196
129155,8,0,0,0,128197,157306
129156,6,0,0,0,128198,128199
129157,5,1,0,0,128200,128201
129158,10,0,0,0,128202,209673
129159,10,1,0,0,128203,209209
129160,8,0,0,0,128204,157305
129161,8,1,0,0,128205,177059
129162,4,0,0,0,128206,174211
129163,6,0,0,0,128207,128208
129164,6,1,0,0,128211,128212
129165,6,0,0,0,128213,128214
129166,2,0,0,0,128215,128216
129167,2,1,0,0,128219,128220
129171,11,0,0,0,128224,130683
129173,2,0,0,0,128226,128227
129175,2,0,0,0,128229,128230
129178,2,1,0,2,128259,128260
129179,11,0,0,0,128261,130682
129180,10,1,0,0,128262,209208
129181,10,0,0,0,128263,209672
129196,1,0,0,0,128323,161415
129198,2,0,0,0,128340,128341
129199,11,0,0,0,128345,130681
129200,11,0,0,0,128346,130680
129201,1,0,0,0,128348,161414
129202,7,0,0,0,128353,128354
129203,10,1,0,0,128358,209207
129214,10,0,0,0,128383,209671
129215,10,0,0,0,128384,209670
129216,2,1,0,0,128385,128386
129217,2,1,0,0,128387,128388
129218,2,0,0,0,128389,128390
129219,9,0,0,0,128391,0
129220,2,0,0,0,128392,128393
129221,2,0,0,0,128394,128395
129222,2,0,0,0,128396,128397
129223,2,0,0,0,128398,128399
129224,2,0,0,0,128400,128401
129225,2,0,0,0,128402,128403
129226,2,0,0,0,128405,128406
129227,2,0,0,0,128407,128408
129228,2,0,0,0,128409,128410
129229,2,0,0,0,128411,128412
129230,2,0,0,0,128413,128414
129231,2,0,0,0,128416,128417
129232,2,0,0,0,128418,128419
129233,2,0,0,0,128420,128421
129234,2,0,0,0,128422,128423
129235,2,0,0,0,128424,128425
129236,2,1,0,0,128426,128427
129239,1,0,0,0,128531,161413
129251,3,0,0,0,128575,128576
129252,3,1,0,0,128577,128578
129253,4,1,0,0,128579,128580
129254,1,0,0,0,128581,148590
129255,1,0,0,0,128582,148589
129256,1,1,0,0,128583,128584
129257,1,1,0,0,128585,128586
129258,10,1,0,0,128814,209206
129260,1,0,0,0,128826,161412
129261,11,0,0,0,128827,130665
129262,11,0,0,0,128828,130664
129263,11,1,0,0,128829,151114
129264,11,1,0,0,128830,151115
129265,11,0,0,0,128831,130663
129266,11,0,0,0,128832,130662
129267,11,1,0,0,128833,151116
129268,11,1,0,0,128834,151117
129269,11,0,0,0,128835,130661
129270,11,0,0,0,128836,130660
129271,11,0,0,0,128837,130659
129272,11,0,0,0,128838,130658
129273,11,1,0,0,128839,151118
129274,11,1,0,0,128840,151119
129275,11,1,0,0,0,151120
129276,1,0,0,0,128842,148588
129277,11,0,0,0,128845,130657
129278,6,0,0,0,128846,128847
129279,11,0,0,0,128848,130656
129280,1,0,0,0,128849,148587
129281,2,0,6,0,128850,128851
129282,10,0,0,0,128852,209669
129283,1,1,0,0,128853,128854
129284,22,0,0,0,128855,0
129285,1,0,0,0,128856,161411
129286,8,1,0,0,128921,177058
129287,22,1,6,0,128923,0
129288,2,0,6,0,128924,128925
129289,5,0,0,0,128926,128927
129290,1,0,0,0,128928,161410
129291,1,0,0,0,128929,161409
129292,1,1,0,0,128930,128931
129293,8,1,0,0,128932,177057
129294,6,0,0,0,128933,128934
129295,5,1,0,0,128935,128936
129296,1,1,0,0,128937,128938
129297,1,1,0,0,128939,128940
129298,8,0,0,0,128941,157304
129299,6,0,0,0,128942,128943
129300,6,0,0,0,128944,128945
129301,10,1,0,0,128946,209205
129302,2,1,0,0,128947,128948
129303,1,0,0,0,128949,148586
129304,1,1,0,0,128950,128951
129305,1,1,0,0,128952,128953
129306,22,0,0,0,128954,0
129307,10,1,0,0,128955,209204
129308,5,1,0,0,128957,128958
129312,1,1,0,0,0,128964
129313,11,1,0,0,129013,151121
129314,9,0,0,0,129094,0
129315,9,1,0,0,129095,0
129316,1,1,0,0,129097,129098
129317,3,0,0,0,129099,129100
129318,3,1,0,0,129101,129102
129319,7,0,0,0,129103,129104
129320,7,1,0,0,129105,129106
129321,10,0,0,0,129107,209668
129322,11,0,0,0,129124,130655
129323,20,0,0,0,129178,0
129324,7,0,0,0,129179,129180
129325,1,0,0,0,129181,148578
129326,1,0,0,0,129182,148577
129327,9,0,0,0,129183,0
129331,6,0,0,0,129190,129191
129341,7,0,0,0,129205,129206
129343,7,0,0,0,129209,129210
129344,2,0,0,0,129211,129212
129345,5,0,0,0,129213,129214
129346,1,0,0,0,129258,148585
129347,2,1,0,0,129259,129260
129348,2,1,0,0,129261,129262
129349,1,0,0,0,129265,148584
129350,1,0,0,0,129266,148583
129351,1,1,0,0,129267,129268
129352,1,1,0,0,129269,129270
129353,11,1,0,0,129271,151122
129354,11,0,0,0,129272,130654
129355,1,1,0,0,129273,129274
129358,2,1,0,0,129278,129279
129360,1,0,0,0,129281,148582
129361,1,0,0,0,129282,148581
129363,1,1,0,0,129284,129285
129364,1,1,0,0,129286,129287
129374,11,1,0,0,129304,151123
129375,11,0,0,0,129305,130653
129377,11,1,0,0,129308,151124
129390,1,0,0,0,129389,148579
129391,1,0,0,0,129390,148580
129392,1,0,0,0,129391,161408
129393,2,0,0,0,129392,129393
129394,2,0,0,0,129394,129395
129395,10,1,0,0,129396,209203
129397,1,0,0,0,129424,161407
129398,11,1,0,0,129425,151125
129399,7,0,0,0,129426,129427
129406,2,0,0,0,129436,129437
129416,2,1,0,0,129473,129474
129417,9,0,0,0,129475,0
129418,1,0,0,0,129815,161406
129419,10,1,0,0,129816,209202
129420,1,1,0,0,129946,129947
129421,2,0,0,0,129995,129996
129422,2,0,0,0,130007,130008
129423,9,0,0,0,130010,0
129424,2,0,0,0,130011,130012
129425,1,1,0,0,130065,130066
129426,9,0,0,0,130067,0
129427,9,0,0,0,130068,0
129428,9,1,0,0,130069,0
129429,9,1,0,0,130070,0
129430,2,0,0,0,130071,130072
129431,1,0,0,0,130073,161405
129432,1,0,0,0,0,161404
129433,2,0,0,0,130077,130078
129434,2,0,0,0,130079,130080
129436,1,0,0,0,130117,161403
129437,2,0,0,0,130118,130119
129438,2,0,0,0,130120,130121
129439,11,0,0,0,130122,130652
129440,9,0,0,0,130198,0
129441,1,0,0,0,130200,147961
129442,9,1,0,0,130211,0
129443,9,0,0,0,130226,0
129444,9,0,0,0,130227,0
129445,11,1,0,0,130421,151126
129446,9,0,0,0,130424,0
129447,9,0,0,0,130425,0
129448,9,0,0,0,130426,0
129449,9,0,0,0,130427,0
129450,9,1,0,0,130428,0
129451,9,1,0,0,130429,0
129452,9,1,0,0,130430,0
129453,9,1,0,0,130431,0
129454,9,0,0,0,130432,0
129455,9,0,0,0,130433,0
129456,9,0,0,0,130434,0
129457,9,1,0,0,130439,0
129458,5,0,0,0,130440,130441
129459,9,0,0,0,130442,0
129460,1,0,0,0,130443,152383
129461,9,0,0,0,130444,0
129463,9,1,0,0,130446,0
129464,9,0,0,0,130447,0
129465,11,0,0,0,130461,130462
129466,9,1,0,0,130463,0
129467,1,1,0,0,130464,130465
129468,9,1,0,0,130472,0
129469,4,1,0,0,130473,130474
129470,2,0,0,0,130476,130477
129471,2,1,0,0,130478,130479
129473,2,0,0,0,130481,130482
129474,9,0,0,0,130483,0
129476,9,1,0,0,130488,0
129477,2,1,0,0,130492,130493
129478,10,0,6,0,130494,209667
129479,11,0,0,0,130495,130496
129480,6,1,0,0,130503,130504
129481,9,0,0,0,130598,0
129482,9,0,0,0,130599,0
129483,9,1,0,0,130600,0
129484,9,1,0,0,130601,0
129485,6,0,0,0,130605,130606
129486,9,0,0,0,130609,0
129487,11,1,0,0,130622,151127
129488,2,1,0,0,130623,130624
129490,4,1,6,0,130650,130651
129492,2,0,0,0,130674,130675
129493,8,0,0,0,130676,157303
129495,4,0,0,0,130678,174210
129496,9,0,0,0,131061,0
129497,3,0,0,0,131113,131115
129498,3,1,0,0,131189,131191
129499,5,0,0,0,131318,133952
129500,9,1,0,0,131485,0
129501,9,1,0,0,132164,0
129503,11,1,0,0,132166,151128
129504,8,1,0,2,132167,177056
129505,22,1,0,0,132168,0
129506,8,0,0,0,132280,157302
129507,1,1,0,0,132393,132394
129508,22,0,0,0,132395,0
129509,8,1,0,0,132485,177055
129510,3,0,0,0,132520,132522
129511,4,1,0,0,0,132523
129512,10,1,0,0,132536,209201
129514,6,1,0,0,132648,132649
129515,4,1,0,0,132689,132691
129516,2,0,0,0,132734,132735
129517,2,1,0,0,132768,132770
129518,2,0,0,0,132808,132809
129519,2,1,0,0,132830,132831
129520,8,0,0,0,132840,132841
129521,8,1,0,0,132842,132843
129522,1,1,0,0,132874,132875
129523,2,0,0,0,132878,132879
129524,2,1,0,0,132893,132895
129525,1,1,0,0,133054,149821
129526,6,0,0,0,0,133056
129527,1,0,0,0,133116,133117
129528,1,1,0,0,133136,133162
129529,1,0,0,0,133137,155726
129530,1,1,0,0,133138,133161
129531,4,0,0,0,133158,174195
129532,4,1,0,0,133159,133160
129533,3,0,0,0,133163,133164
129534,3,1,0,0,133165,133166
129535,6,0,0,0,133689,133690
129537,2,0,0,0,133693,133694
129538,22,0,0,0,133695,0
129539,10,1,0,0,133863,133865
129540,1,0,0,0,134169,161402
129541,2,1,0,0,134209,134210
129543,2,1,0,0,134245,134246
129544,2,1,0,0,134596,134662
129545,1,1,0,0,134759,134760
129546,1,1,0,0,134761,134762
129547,2,0,0,0,135499,135500
129548,9,1,0,0,135609,0
129549,1,0,0,0,135793,161401
129550,1,0,0,0,135826,161400
129551,2,1,0,0,135827,135828
129552,2,0,0,0,135829,135830
129553,2,0,0,0,135831,135832
129554,2,0,0,0,135833,135834
129555,2,1,0,0,135835,135836
129556,2,0,0,0,135837,135838
129557,2,1,0,0,135847,135848
129558,2,0,0,0,135849,135850
129559,1,0,0,0,135851,161399
129560,9,1,0,0,135852,0
129561,3,1,0,0,135853,135854
129562,2,1,0,0,135861,135862
129563,1,1,0,0,135863,135864
129564,7,1,0,0,135865,135866
129565,8,0,6,0,135867,135868
129566,10,1,0,0,135869,209200
129567,1,0,0,0,135870,161398
129568,2,0,0,0,135871,135872
129569,11,1,0,0,135873,151129
129570,1,0,0,0,135874,161397
129571,11,1,0,0,135875,151130
129572,9,1,0,1,135876,0
129573,7,0,0,0,135879,135880
129574,24,0,0,0,135881,0
129575,10,0,0,0,135882,209666
129576,2,1,0,0,135883,135884
129577,1,0,0,0,135909,161396
129578,1,0,0,0,135910,161395
129579,11,0,0,0,135911,135912
129580,11,0,0,0,135913,135914
129581,2,0,0,0,135915,135916
129582,24,1,0,0,135917,0
129583,7,1,0,0,135920,135921
129584,3,1,0,0,135922,135923
129585,2,1,0,0,135924,135925
129586,5,1,0,0,136018,136019
129587,24,1,0,0,136106,0
129588,2,0,0,0,136279,136280
129589,1,0,6,0,136767,161394
129590,5,1,0,0,136862,136863
129591,5,1,0,0,136864,136865
129592,11,0,0,0,136866,136867
129593,8,1,0,0,136870,177054
129594,3,0,0,0,136871,136872
129595,7,0,0,0,136873,136874
129596,8,1,6,0,136875,177053
129597,9,1,0,0,136876,0
129598,7,0,0,0,136877,136878
129599,9,0,0,0,136892,0
129600,3,0,6,0,136897,136899
129601,3,0,0,0,137074,137075
129602,10,1,0,0,137076,209199
129603,2,0,0,0,137077,137078
129604,4,1,0,0,0,137080
129605,11,0,0,0,137093,143086
129606,5,1,0,0,137103,137104
129607,11,0,0,0,137105,137106
129608,11,0,0,0,137107,137108
129609,5,1,0,0,137109,137110
129610,11,1,0,0,137111,151131
129611,11,0,0,0,137115,137116
129612,11,1,0,0,137117,151132
129613,11,1,0,0,137727,151133
129614,11,0,0,0,138469,138474
129615,11,0,0,0,138872,138878
129616,11,1,0,0,140173,151134
129617,11,1,0,0,140424,151135
129618,2,1,0,0,141576,141577
129619,11,1,0,0,141578,151136
129621,9,0,0,0,141587,0
129622,9,1,0,0,141588,0
129623,7,0,0,0,141589,141590
129624,7,1,0,0,141591,141592
129625,9,0,0,0,141593,0
129626,5,0,0,0,141594,141595
129627,1,1,0,0,141611,143404
129628,11,0,0,0,141612,141613
129629,6,1,0,0,141615,141616
129630,5,0,0,0,141617,141618
129631,6,1,0,0,141619,141620
129632,9,1,0,0,141621,0
129633,6,1,0,0,141622,141623
129634,1,0,0,0,141626,161393
129635,5,1,0,0,141627,141628
129636,3,1,0,0,141629,141630
129637,10,1,0,0,141631,141632
129638,1,0,0,0,141633,147190
129639,11,1,0,0,141634,151137
129640,22,0,0,0,141647,0
129641,4,1,0,0,141648,141649
129642,22,0,0,0,141650,0
129643,4,0,0,0,141651,174209
129644,3,1,0,0,141652,141653
129645,2,0,0,0,141686,141687
129647,11,0,0,0,143075,143076
129648,3,1,0,0,143079,143080
129651,2,0,0,0,143087,143088
129652,2,1,0,0,143089,143090
129653,11,0,0,0,143092,143093
129654,2,0,0,0,143095,143096
129655,2,0,0,0,143097,143098
129656,2,1,0,0,143291,143292
129658,9,1,0,0,143294,0
129659,8,0,0,0,143295,157301
129660,2,0,0,0,143296,143297
129661,2,1,0,0,143298,143299
129662,5,0,0,0,143300,143301
129664,26,1,0,0,143307,0
129665,2,0,0,0,143311,143312
129666,3,0,0,0,143315,143316
129667,2,0,0,0,143317,143318
129668,2,0,0,0,143319,143320
129669,2,0,0,0,143321,143322
129670,7,0,6,0,143323,143324
129671,1,0,0,0,143325,161392
129672,3,0,0,0,143329,143330
129673,2,0,0,0,143331,143332
129674,2,0,0,0,143341,143342
129675,11,1,0,0,143343,151138
129676,2,0,0,0,143396,143397
129678,11,0,0,0,143400,143401
129679,3,0,0,0,143402,143403
129680,3,1,0,0,143813,143814
129681,10,1,6,0,144439,209198
129682,1,0,0,0,144721,161391
129683,11,0,0,0,144722,145072
129684,11,1,0,0,144789,150590
129685,11,1,0,0,144790,150589
129686,2,1,0,0,144794,144795
129687,2,0,0,0,144797,144798
129688,6,1,6,0,144799,144802
129689,4,1,6,0,144800,144801
129690,2,0,0,0,144803,144804
129691,2,1,0,0,144805,144806
129692,5,0,0,0,144807,144808
129693,2,0,0,0,144809,144810
129694,2,0,0,0,144811,144812
129695,1,0,6,0,144814,161390
129696,8,1,0,0,144815,144823
129697,2,0,0,0,144818,144819
129698,10,0,0,0,144820,209665
129699,22,1,0,0,144821,0
129700,2,0,0,0,144826,144827
129701,1,0,0,0,144828,161389
129702,4,0,0,0,144830,144831
129703,2,0,0,0,144832,144833
129704,10,1,0,0,144914,209197
129705,8,0,0,0,0,157300
129706,11,1,0,0,144917,151139
129707,22,0,0,0,144918,0
129708,2,0,0,0,144919,144920
129709,11,0,0,0,145073,145074
129710,8,1,0,0,145075,177052
129711,11,0,0,0,145076,145077
129712,4,1,0,0,145078,145079
129713,6,1,0,0,145080,145081
129714,11,0,0,0,145082,145083
129715,4,1,0,0,145084,145085
129716,11,0,0,0,145086,145087
129717,2,1,0,0,145088,145089
129718,2,0,0,0,0,145091
129719,2,0,0,0,0,145093
129720,2,0,0,0,145094,145095
129721,11,1,0,0,145158,145159
129722,2,1,0,0,0,145161
129723,2,1,0,0,145162,145163
129724,2,0,0,0,145164,145165
129725,2,0,0,0,145166,145167
129726,2,0,0,0,145168,145169
129727,2,1,0,0,145170,145171
129728,2,0,0,0,145184,145185
129729,11,0,0,0,145311,145312
129730,11,0,0,0,145313,145314
129731,11,1,0,0,145315,151140
129732,11,1,0,0,145316,151141
129733,11,0,0,0,145317,145318
129734,2,1,0,0,145323,145324
129735,2,0,0,0,145325,145326
129736,11,1,0,0,145333,151142
129737,11,0,0,0,145334,145350
129738,11,1,0,0,145335,151143
129739,11,0,0,0,145336,145362
129740,11,1,0,0,145337,151144
129743,11,1,0,0,145340,151145
129744,11,1,0,0,145341,151146
129745,11,0,0,0,145342,145343
129746,11,0,0,0,145344,145345
129747,11,0,0,0,145346,145347
129748,11,1,0,0,145348,145349
129749,11,0,0,0,145351,145355
129750,11,1,0,0,145352,151147
129751,11,1,0,0,145353,145354
129752,11,0,0,0,145356,145357
129753,2,0,0,0,145358,145359
129754,5,0,0,0,145360,145361
129755,11,0,0,0,145363,145364
129756,11,1,0,0,145365,151148
129757,11,1,0,0,145366,151149
129758,10,0,0,0,145367,209664
129760,11,0,0,0,145591,145592
129761,11,1,0,0,145593,151150
129762,11,1,0,0,145594,151151
129763,11,1,0,0,145595,151152
129764,11,1,0,0,145596,151153
129765,7,0,0,0,145604,145605
129766,3,1,0,0,145606,145607
129767,22,0,0,0,145608,0
129768,1,1,0,0,145609,145610
129769,11,0,0,0,145617,145618
129770,11,0,0,0,145619,145620
129771,11,1,0,0,145621,151154
129772,11,1,0,0,145622,151155
129773,11,0,0,0,145623,145624
129774,8,1,0,0,145704,177051
129775,2,1,0,0,145705,145706
129777,9,1,0,0,145709,0
129778,11,0,0,0,145710,145711
129779,4,1,0,0,145712,145713
129780,11,0,0,0,145714,145715
129781,11,1,0,0,145716,151156
129782,11,1,0,0,145718,151157
129783,22,1,0,0,145719,0
129784,7,1,0,0,145721,145722
129785,25,0,0,0,145723,0
129786,9,0,0,0,145724,0
129787,2,1,0,0,145725,145726
129788,11,1,0,0,145727,151158
129789,2,0,0,0,145728,145729
129790,26,1,0,0,145730,0
129791,22,0,0,0,145731,0
129792,11,0,0,0,145732,145733
129793,11,0,0,0,145734,145735
129794,11,1,0,0,145736,151159
129795,11,1,0,0,145737,151160
129796,20,0,0,1,145738,0
129797,11,0,0,0,145739,145740
129798,11,1,0,0,145741,151161
129799,11,1,0,0,145742,151162
129800,11,1,0,0,145743,151163
129801,11,1,0,0,145744,151164
129802,10,1,0,0,145745,209196
129803,11,1,0,0,145753,151165
129804,11,1,0,0,145754,151166
129805,11,0,0,0,145755,145756
129806,11,1,0,0,145757,151167
129807,11,1,0,0,145758,151168
129808,2,0,0,0,145759,145760
129809,2,0,0,0,145761,145762
129810,11,1,0,0,145763,151169
129811,11,0,0,0,145764,145765
129812,11,1,0,0,145766,151170
129813,11,0,0,0,145767,145768
129814,11,1,0,0,145769,151171
129815,3,1,0,0,145770,145771
129816,11,0,0,0,145839,145840
129817,11,1,0,0,145841,151172
129818,22,0,0,0,145842,0
129819,10,1,0,0,145843,209195
129820,1,0,0,0,145844,161388
129821,1,1,0,0,145845,145846
129822,1,1,0,0,145847,145848
129823,4,0,0,0,145849,174208
129824,11,0,0,0,145850,145851
129825,11,0,0,0,145852,145853
129826,11,0,0,0,145854,145855
129827,11,0,0,0,145856,145857
129828,11,0,0,0,145993,145994
129829,11,1,0,0,145995,151173
129830,11,0,0,0,145996,145997
129831,11,1,0,0,145998,151174
129832,11,1,0,0,145999,151175
129833,22,1,0,0,146000,0
129834,2,0,0,0,146001,146002
129835,11,0,0,0,146003,146004
129836,11,1,0,0,146005,151176
129837,11,0,0,0,146006,146007
129838,2,0,0,0,146008,146009
129839,2,0,0,0,146010,146011
129840,2,1,0,0,146012,146013
129841,2,0,0,0,146014,146015
129847,1,1,0,0,146024,146035
129851,24,1,0,0,146030,0
129852,2,0,0,0,146031,146032
129853,2,0,0,0,146033,146034
129858,11,1,0,0,146254,151177
129859,2,0,0,0,146256,146257
129860,2,0,0,0,146258,146259
129861,2,0,0,0,146260,146261
129862,11,0,0,0,146263,146264
129863,11,1,0,0,146265,151178
129864,2,0,0,0,146268,146269
129865,2,1,0,0,146275,146276
129866,2,1,0,0,146279,146280
129867,11,0,0,0,0,146282
129868,2,0,0,0,146306,146307
129869,2,0,0,0,146308,146309
129870,2,1,0,0,146310,146311
129871,2,1,0,0,146312,146313
129872,11,0,0,0,146314,146315
129873,11,0,0,0,146316,146317
129874,9,0,0,0,146318,0
129875,9,0,6,0,146319,0
129876,9,0,0,0,146320,0
129877,9,0,0,0,146334,0
129878,11,1,0,0,146341,146342
129879,1,0,0,0,146349,146350
129880,22,0,0,0,146351,0
129881,2,0,0,0,146364,146365
129882,2,0,0,0,146366,146367
129883,2,1,0,0,146368,146369
129884,2,1,0,0,146370,146371
129885,1,0,0,0,146372,146373
129886,1,0,0,0,146374,146375
129887,1,1,0,0,146376,146377
129888,3,0,0,0,146378,146379
129889,3,1,0,0,146380,146381
129890,11,1,0,0,146382,151179
129891,11,1,0,0,146383,151180
129892,7,1,0,0,146390,146391
129893,9,0,0,0,146392,0
129894,1,0,0,0,146393,146394
129895,2,1,0,0,146437,146438
129896,2,1,0,0,146439,146440
129897,2,0,0,0,146441,146442
129898,2,0,0,0,146443,146444
129899,8,0,0,0,146449,157299
129900,11,0,0,0,146450,146451
129904,11,0,0,0,146462,146463
129905,11,1,0,0,146464,151181
129906,11,1,0,0,146465,151182
129907,2,1,0,0,146468,146469
129908,11,0,0,0,146472,146473
129909,11,1,0,0,146474,151183
129910,4,0,0,0,146482,174207
129911,11,0,0,0,146483,146484
129912,9,1,0,0,146485,0
129913,2,1,0,0,146486,146487
129914,5,0,0,0,146492,146493
129915,11,0,0,0,146499,146500
129916,2,0,0,0,146502,146503
129917,7,0,0,0,146671,146672
129918,22,1,0,0,146685,0
129919,11,1,0,0,146690,151184
129920,2,1,0,0,146692,146693
129921,2,1,0,0,146695,146696
129922,6,0,0,0,146697,146698
129923,2,1,0,0,146699,146700
129924,11,1,0,0,146742,150588
129925,10,1,0,0,146870,209194
129926,2,0,0,0,146871,146872
129927,2,0,0,0,146876,146877
129928,11,0,0,0,146957,146958
129929,2,0,0,0,146959,146960
129930,2,0,0,0,146961,146962
129931,2,1,0,0,146963,146964
129932,11,0,0,0,146965,146966
129933,2,1,0,0,146967,146968
129934,11,1,0,0,146969,151185
129935,1,1,0,0,146970,146971
129936,2,0,0,0,146972,146973
129937,2,0,0,0,146974,146975
129938,11,0,0,0,146976,146977
129939,2,0,0,0,146978,146979
129940,2,0,0,0,146980,146981
129941,7,0,0,0,146982,146983
129942,11,1,0,0,146984,151186
129943,2,0,0,0,146985,146986
129945,11,0,0,0,146989,146990
129946,11,0,0,0,146991,146992
129947,11,1,0,0,146993,150586
129948,11,1,0,0,146994,150587
129949,11,0,0,0,146995,146996
129950,9,1,0,0,146997,0
129951,1,0,0,0,147000,147001
129953,3,0,0,0,147012,147013
129960,10,1,0,0,147023,209193
129962,9,0,0,0,147025,0
129963,9,0,0,0,147026,0
129964,9,0,0,0,147027,0
129965,9,0,0,0,147028,0
129966,9,0,0,0,147029,0
129967,5,0,0,0,147030,147031
129968,9,0,0,0,147032,0
129969,2,1,0,0,147039,147040
129970,9,0,0,0,147041,0
129971,3,1,0,0,147042,147043
129972,1,1,0,0,147044,147045
129973,2,0,0,0,147046,147047
129974,2,0,0,0,147048,147049
129975,2,0,0,0,147050,147051
129976,2,0,0,0,147052,147053
129977,2,0,0,0,147054,147055
129978,10,1,0,0,147056,209192
129979,5,0,0,0,147057,147058
129980,1,0,0,0,147165,147166
129981,6,1,0,0,147171,147172
129982,11,0,0,0,147173,147174
129983,11,1,0,0,147175,147176
129984,11,1,0,0,147177,151187
129985,11,0,0,0,0,147179
129986,1,0,0,0,147180,147181
129987,1,0,0,0,147182,147183
129988,10,0,0,0,147184,209663
129989,11,0,0,0,147185,147186
129990,11,1,0,0,147187,151188
129991,1,1,0,0,147188,147189
129992,11,0,0,0,147191,147192
129993,11,1,0,0,147193,151189
129994,11,1,0,0,147194,151190
129995,11,0,0,0,147213,147214
129996,7,1,0,0,147215,147216
129997,2,0,0,0,147217,147218
129998,2,0,0,0,147219,147220
129999,2,0,0,0,147221,147222
130000,11,0,0,0,147223,147224
130004,11,0,0,0,147229,147230
130005,11,1,0,0,147231,147232
130006,11,1,0,0,147233,151191
130009,11,0,0,0,147238,147239
130010,11,0,0,0,147240,147241
130011,11,0,0,0,147242,147243
130014,11,0,0,0,183359,183360
130029,24,1,0,0,147291,0
130032,11,0,0,0,147296,147297
130038,2,0,0,0,147305,147306
130047,2,0,0,0,147322,147323
130048,2,0,0,0,147325,147326
130049,1,1,0,0,147327,147328
130050,2,0,0,0,147329,147330
130051,3,0,0,0,147391,147392
130052,6,0,0,0,147393,147394
130053,4,0,0,0,147396,147397
130054,8,1,0,0,147398,177050
130055,4,1,0,0,147399,147400
130056,8,0,0,0,147401,147402
130057,11,0,0,0,147403,147404
130058,22,0,0,0,147405,0
130059,1,0,0,0,147408,147409
130060,4,1,0,0,147410,147411
130061,24,1,0,0,147412,0
130062,2,0,0,0,147413,147414
130076,1,0,0,0,147438,147439
130077,1,1,0,0,147440,147441
130078,1,1,0,0,147442,147443
130079,2,0,0,0,147444,147445
130080,11,1,0,0,147464,151192
130081,3,1,0,0,147474,147475
130082,5,1,0,0,147476,147477
130083,11,1,0,0,147511,151193
130084,8,0,0,0,147512,157296
130085,11,0,0,0,147513,147514
130086,11,0,0,0,147517,147518
130087,1,0,0,0,147983,147985
130088,11,0,0,0,148070,148071
130089,11,0,0,0,148591,148592
130090,11,0,0,0,148594,148595
130091,1,1,0,2,148728,148729
130092,1,1,0,0,148732,148733
130093,3,1,0,0,148734,148735
130094,2,0,0,0,148777,148778
130095,1,0,0,0,148779,148780
130096,8,1,0,0,148781,177049
130097,3,0,0,0,148782,148783
130098,22,1,0,0,148920,0
130099,9,1,0,0,148921,0
130100,11,1,0,0,148922,148923
130101,9,1,0,0,148924,0
130102,11,0,0,0,148929,148930
130103,11,1,0,0,148931,148932
130104,11,1,0,0,148934,148935
130105,2,1,0,0,149132,149133
130107,11,1,0,0,149137,149138
130114,11,0,0,0,149350,149351
130115,9,0,0,0,149352,0
130117,11,0,0,0,0,149355
130118,8,0,0,0,149356,157295
130119,11,0,0,0,149357,149358
130121,8,1,0,0,149360,177048
130122,11,1,0,0,149361,149362
130124,11,0,0,0,149370,149371
130131,10,0,0,0,149383,209662
130132,11,0,0,0,149384,149385
130133,6,0,0,0,149550,149551
130134,3,0,0,0,149552,149553
130135,8,1,0,0,149556,177047
130136,1,1,0,0,149557,149558
130137,11,1,0,0,149793,149794
130138,11,1,0,0,149795,149796
130139,11,1,0,0,149797,149798
130140,1,1,0,0,149828,149829
130141,2,0,0,0,149922,149923
130142,2,1,0,0,150325,150326
130145,2,0,0,0,150396,150397
130146,6,1,0,0,150398,150399
130148,3,1,0,0,150500,150501
130150,11,1,0,0,150615,150616
130151,2,1,0,0,150989,150990
130156,2,0,0,0,151377,151378
130157,3,0,0,0,151379,151380
130158,6,1,0,0,151381,151382
130159,3,1,0,0,151383,151384
130160,11,1,0,0,151389,151390
130161,10,1,0,0,151391,209191
130162,4,1,0,0,0,151393
130163,22,0,0,0,151541,0
130164,6,0,0,0,0,151543
130165,4,0,0,0,0,174206
130166,6,0,0,0,0,151577
130167,8,0,0,0,0,157294
130168,22,0,0,0,151579,0
130169,9,0,0,0,151580,0
130170,11,0,0,0,151581,151582
130171,11,0,0,0,151583,151584
130172,11,1,0,0,151585,151586
130173,11,1,0,0,151587,151588
130174,11,0,0,0,151589,151590
130175,2,0,0,0,151591,151592
130176,11,0,0,0,151593,151594
130177,3,0,0,0,151595,151596
130178,2,0,0,0,151597,151598
130179,11,1,0,0,151599,151600
130180,11,0,0,0,151602,151603
130181,2,1,0,0,151604,151605
130182,11,0,0,0,151618,151619
130183,2,0,0,0,151621,151622
130184,11,1,0,0,151650,151651
130185,1,1,0,0,151660,151661
130186,1,0,0,0,151662,151663
130187,6,0,0,0,151664,151665
130188,6,1,0,0,151694,151695
130189,11,0,0,0,151696,151697
130190,11,1,0,0,151698,151699
130191,4,0,0,0,151700,174205
130192,6,0,0,0,151995,151996
130193,6,0,0,0,151997,151998
130194,22,0,0,0,151999,0
130195,6,1,0,0,152000,152001
130196,6,0,0,0,152002,152003
130197,4,0,0,0,152004,174204
130198,6,1,0,0,152005,152006
130200,22,1,0,0,152009,0
130201,6,0,0,0,152010,152011
130202,4,0,0,0,152018,174203
130206,2,1,0,0,152053,152054
130207,11,0,0,0,152055,152056
130208,2,0,0,0,152057,152058
130209,2,0,0,0,152059,152060
130210,9,0,0,0,152061,0
130211,11,0,0,0,152062,152063
130212,11,1,0,0,152064,152065
130213,22,1,0,0,152107,0
130214,8,1,0,0,0,177046
130215,4,1,0,0,0,152110
130216,8,1,0,0,0,177045
130217,8,1,0,0,152112,177044
130218,22,1,0,0,152113,0
130219,8,1,0,0,0,177043
130220,7,0,0,0,152115,152116
130221,22,1,0,0,152117,0
130222,6,0,0,0,152118,152119
130223,4,0,0,0,152120,174202
130224,11,1,0,0,152149,152150
130225,11,0,0,0,152193,152194
130226,11,0,0,0,152266,152267
130227,2,0,0,0,152384,152385
130228,1,1,0,0,152386,152387
130229,10,0,0,0,152442,209661
130230,11,0,0,0,152444,152445
130231,2,0,0,0,152446,152447
130232,2,1,0,0,152448,152449
130233,11,0,0,0,152451,152452
130234,10,1,0,0,152461,152462
130235,7,1,0,0,152467,152468
130236,1,0,0,0,152469,152470
130237,9,1,0,0,152471,0
130238,5,1,0,0,152472,152473
130240,2,0,0,0,152476,152477
130241,3,0,0,0,152478,152479
130242,2,0,0,0,152480,152481
130243,11,0,0,0,152495,152496
130244,3,0,0,0,152497,152498
130245,11,1,0,0,152505,152506
130246,3,1,0,0,152507,152508
130247,9,1,0,0,152509,0
130248,7,0,0,0,152510,152511
130250,7,1,0,0,152514,152515
130251,11,1,0,0,152516,152517
130252,11,0,0,0,152518,152519
130253,11,1,0,0,152588,152589
130254,11,1,0,0,152590,152591
130255,11,1,0,0,152592,152593
130256,11,1,0,0,152594,152595
130257,11,1,0,0,152596,152597
130258,11,1,0,0,152603,152604
130259,2,0,0,0,152605,152606
130261,2,0,0,0,152609,152610
130262,7,0,0,0,152611,152612
130263,2,1,0,0,152613,152614
130265,7,0,0,0,152617,152618
130266,7,0,0,0,152619,152620
130267,2,0,0,0,152621,152622
130268,2,0,0,0,152623,152624
130269,2,0,0,0,152625,152626
130270,11,0,0,0,152627,152628
130271,11,1,0,0,152629,152630
130272,2,0,0,0,152652,152653
130273,9,1,6,0,152654,0
130274,2,0,0,0,152655,152656
130275,2,0,0,0,152657,152658
130276,11,0,0,0,152659,152660
130277,11,0,0,0,152661,152662
130278,11,1,0,0,152663,152664
130279,11,1,0,0,152665,152666
130280,7,0,0,0,152667,152668
130281,7,1,0,0,152669,152670
130282,7,0,0,0,152671,152672
130283,11,0,0,0,152740,152741
130284,3,0,0,0,152742,152743
130285,3,1,0,0,152744,152745
130286,2,0,0,0,152746,152747
130287,11,0,0,0,152751,152752
130288,11,1,0,0,152753,152754
130289,11,0,0,0,152755,152756
130290,11,1,0,0,152757,152758
130291,7,0,0,0,152759,152760
130292,1,0,0,0,152761,152762
130293,7,0,0,0,152807,152808
130294,7,1,0,0,152809,152810
130295,11,1,0,0,152811,152812
130296,9,1,0,0,152813,0
130297,1,1,0,0,152816,152817
130298,7,0,0,0,152818,152819
130299,11,1,0,0,152820,152821
130300,1,0,0,0,152822,152823
130301,7,1,0,0,152824,152825
130302,2,0,0,0,152888,152889
130303,11,0,0,0,152890,152891
130304,9,0,0,0,152893,0
130305,11,1,0,0,152951,152952
130306,11,0,0,0,152953,152954
130307,2,1,0,0,152955,152956
130309,22,0,0,0,152961,0
130322,2,0,0,0,153095,153096
130323,1,0,0,0,153097,153098
130325,1,0,0,0,153114,153115
130326,6,1,0,0,153117,153118
130327,24,1,0,0,153119,0
130328,1,0,0,0,153120,153121
130329,2,0,0,0,153122,153123
130330,5,0,0,0,153124,153125
130331,2,1,0,0,153126,153127
130332,1,0,0,0,153204,153205
130333,5,0,0,0,153206,153207
130334,1,1,0,0,153208,153209
130335,2,0,0,0,153210,153211
130336,2,0,0,0,153223,153224
130337,2,1,0,0,153225,153226
130338,2,1,0,0,153227,153228
130339,11,0,0,0,153229,153230
130340,11,0,0,0,153231,153232
130341,11,1,0,0,153233,153234
130342,11,1,0,0,153235,153236
130343,2,0,0,0,153237,153238
130344,6,0,0,0,153239,153240
130345,22,0,0,0,153241,0
130346,8,1,0,0,153242,157191
130347,9,0,0,0,153243,0
130348,22,1,0,0,153244,0
130349,9,1,0,0,153245,0
130350,9,0,0,0,153246,0
130351,4,1,0,0,153248,153249
130352,9,0,0,0,153250,0
130353,11,0,0,0,0,153252
130354,22,0,0,0,153253,0
130355,11,0,0,0,0,153255
130356,5,1,0,0,153256,153257
130357,11,1,0,0,0,153259
130358,11,1,0,0,0,153261
130359,1,1,0,0,153262,153263
130360,10,1,0,0,0,209190
130361,2,1,0,0,153266,153267
130362,1,1,0,0,0,153269
130363,2,1,0,0,153270,153271
130364,2,1,0,0,153272,153273
130365,2,0,0,0,153301,153302
130366,2,0,0,0,153303,153304
130367,2,1,0,0,153305,153306
130368,2,1,0,0,153307,153308
130369,2,0,0,0,153309,153310
130370,2,1,0,0,153311,153312
130371,7,1,0,0,153313,153314
130372,7,0,0,0,153315,153316
130373,9,0,0,0,153601,0
130374,9,0,0,0,153602,0
130375,9,0,0,0,153603,0
130376,2,0,0,0,153662,153663
130377,2,1,0,0,153664,153665
130378,2,1,0,0,153666,153667
130379,2,0,0,0,153668,153669
130380,1,0,0,0,153671,153672
130381,7,0,0,0,153673,153674
130382,2,0,0,0,153675,153676
130383,3,0,0,0,153677,153678
130384,10,1,0,0,153679,209189
130385,1,1,0,0,153680,153681
130386,5,1,0,0,153682,153683
130387,4,1,0,0,153684,153685
130388,2,1,0,0,153686,153687
130389,11,1,0,0,153688,153689
130390,6,0,0,0,153735,153736
130391,26,1,0,0,153738,0
130392,7,1,0,0,153739,153740
130393,2,0,6,0,153741,153742
130394,3,1,0,0,153743,153744
130395,11,0,6,0,153745,153746
130396,7,0,0,0,153757,153758
130397,9,1,0,0,153760,0
130398,9,1,0,0,153761,0
130399,2,0,0,0,153762,153763
130400,3,1,0,0,153764,153765
130401,3,1,0,0,153766,153767
130402,22,0,0,0,153807,0
130403,22,1,0,0,153808,0
130404,8,0,0,0,153809,157293
130405,1,0,0,0,153810,153811
130406,9,1,0,0,153812,0
130407,9,0,0,0,153851,0
130408,9,0,0,0,153852,0
130409,2,0,0,0,153888,153889
130410,2,0,0,0,153890,153891
130411,2,0,0,0,153892,153893
130412,2,0,0,0,153894,153895
130413,2,1,0,0,153896,153897
130414,2,1,0,0,153898,153899
130415,2,1,0,0,153900,153901
130416,2,1,0,0,153902,153903
130417,2,0,0,0,153909,153910
130418,2,0,0,0,153911,153912
130419,2,0,0,0,153913,153914
130420,2,0,0,0,153915,153916
130421,2,1,0,0,153917,153918
130422,2,1,0,0,153919,153920
130423,2,1,0,0,153921,153922
130424,2,1,0,0,153923,153924
130425,2,0,0,0,153925,153926
130426,2,0,0,0,153927,153928
130427,2,0,0,0,153929,153930
130428,2,0,0,0,153931,153932
130429,2,1,0,0,153933,153934
130430,2,1,0,0,153935,153936
130431,2,1,0,0,153937,153938
130432,2,1,0,0,153939,153940
130433,2,0,0,0,153942,153943
130434,11,0,0,0,153944,153945
130435,2,1,0,0,153951,153952
130436,2,0,0,0,153953,153954
130437,2,1,0,0,153955,153956
130438,1,0,0,0,153958,153959
130439,9,0,0,0,154018,0
130440,1,0,6,0,0,154020
130441,1,0,0,0,154058,154059
130442,22,1,0,0,154060,0
130443,1,0,0,0,154061,154062
130444,1,0,0,0,154063,154064
130445,1,0,0,0,154083,154084
130446,1,1,0,0,154085,154086
130447,1,0,0,0,0,154090
130448,11,0,0,0,154132,154133
130449,11,0,0,0,154136,154137
130450,11,0,0,0,154138,154139
130451,11,0,0,0,154141,154142
130453,2,0,0,0,154340,154341
130454,1,0,0,0,154342,154343
130455,9,1,0,0,154344,0
130456,11,0,0,0,154345,154346
130457,11,1,0,0,154348,154349
130458,11,1,0,0,154350,154351
130459,11,1,0,0,154352,154353
130460,11,1,0,0,154354,154355
130477,2,0,0,0,154614,154615
130478,10,1,0,0,154616,209188
130483,1,0,0,0,154622,154623
130484,1,0,0,0,154624,154625
130485,1,1,0,0,154626,154627
130486,1,1,0,0,154628,154629
130487,11,0,0,0,154922,154923
130488,5,0,0,0,155000,155001
130489,3,1,0,0,155017,155018
130490,2,1,0,0,155074,155075
130491,11,0,0,0,155085,155086
130492,10,0,0,0,155144,209660
130493,2,0,0,0,155355,155356
130494,5,0,0,0,155357,155358
130495,5,0,0,0,155359,155360
130500,1,1,0,0,155386,155387
130501,1,1,0,0,155388,155389
130502,1,1,0,0,155390,155391
130503,1,1,0,0,155392,155393
130504,1,1,0,0,155394,155395
130505,1,0,0,0,155396,155397
130507,2,0,0,0,155400,155401
130508,2,1,0,0,155402,155403
130509,22,0,0,0,155404,0
130510,1,0,0,0,155405,155406
130511,1,1,0,0,155407,155408
130512,3,0,0,0,155409,155410
130513,10,1,0,0,0,209187
130514,8,0,0,0,155412,157292
130515,5,1,0,0,155413,155414
130516,2,1,0,0,155415,155416
130517,2,0,0,0,155417,155418
130519,1,0,0,0,155423,155424
130520,1,0,0,0,155425,155426
130521,2,0,0,0,155428,155429
130532,3,1,0,0,155448,155449
130535,2,1,0,0,155453,155454
130537,9,0,0,0,155722,0
130538,9,0,0,0,155723,0
130539,7,1,0,0,155727,155728
130540,11,0,0,0,155729,155730
130541,2,1,0,0,155743,155744
130542,1,1,0,0,155747,155748
130543,7,1,0,0,155749,155750
130544,3,0,6,0,155753,155754
130545,4,0,0,0,155840,174201
130546,4,1,0,0,155841,155842
130547,4,0,6,0,155843,174200
130548,9,0,0,0,155844,0
130549,2,1,0,0,155845,155846
130550,8,0,0,0,155849,155850
130551,1,1,0,0,155851,155852
130552,2,0,0,0,155853,155854
130553,11,0,0,0,155970,155971
130554,2,1,0,0,155972,155973
130555,2,1,0,0,155974,155975
130556,5,0,0,0,155979,155980
130557,6,1,0,0,156023,156024
130558,3,1,0,0,156025,156026
130559,4,1,0,0,156027,156028
130560,11,1,0,0,156029,156030
130561,4,0,0,0,156031,156032
130562,6,0,0,0,156036,156037
130563,6,1,0,0,156038,156039
130564,4,1,0,0,156040,156041
130565,6,0,0,0,156042,156043
130566,4,0,0,0,156044,174199
130567,1,1,0,0,156045,156046
130568,22,0,0,0,156243,0
130569,1,1,0,0,156244,156245
130570,7,0,0,0,156276,156277
130571,7,1,0,0,156613,156614
130572,3,0,0,0,156615,156616
130573,4,0,0,0,156617,174198
130574,11,0,0,0,156618,156619
130575,4,1,0,0,156620,156621
130576,4,1,0,0,156622,156623
130577,2,0,0,0,156624,156625
130578,2,0,0,0,156626,156627
130579,9,0,0,0,156628,0
130580,9,0,0,0,156629,0
130581,9,1,0,0,156630,0
130582,9,1,0,0,156631,0
130583,2,0,0,0,0,156633
130584,3,0,0,0,0,156635
130585,2,0,0,0,156765,156766
130586,1,0,0,0,156767,156768
130587,7,0,0,0,156769,156770
130588,26,0,0,0,156771,0
130589,1,0,0,0,156772,156773
130590,11,0,0,0,156774,156775
130591,3,0,0,0,156776,156777
130592,8,0,0,0,156778,156779
130593,4,0,0,0,156780,174197
130594,11,1,0,0,156781,156782
130595,10,0,0,0,156783,209659
130596,25,1,0,0,156784,0
130597,1,0,0,0,156789,156790
130598,1,0,0,0,156792,156793
130599,1,1,0,0,156794,156795
130600,4,1,0,0,156796,156797
130601,9,0,0,0,156798,0
130602,1,0,0,0,156799,156800
130603,11,0,0,0,156801,156802
130604,4,0,0,0,156803,168833
130605,3,0,0,0,156804,156805
130606,7,0,0,0,156806,156807
130607,1,0,0,0,156808,156809
130608,22,0,0,0,156810,0
130609,1,1,0,0,156811,156812
130610,1,1,0,0,156813,156814
130611,1,0,0,0,156816,156817
130612,11,0,0,0,156855,156856
130613,1,1,0,0,156858,156859
130614,7,1,0,0,156860,156861
130615,7,1,0,0,156862,156863
130616,7,0,0,0,156865,156866
130617,1,0,0,0,157058,157059
130618,2,0,0,0,157060,157061
130619,2,0,0,0,157062,157063
130620,2,0,0,0,157076,157077
130621,2,0,0,0,157079,157080
130622,1,0,0,0,157088,157089
130623,1,1,0,0,157090,157091
130624,1,1,0,0,157185,157186
130625,4,1,0,0,157187,157188
130626,6,1,0,0,157189,157190
130627,22,1,0,0,157192,0
130628,5,0,0,0,157193,157194
130629,10,1,0,0,0,209186
130630,5,0,0,0,157196,157197
130631,9,0,0,0,157198,0
130632,5,0,0,0,157199,157200
130633,10,0,0,0,157201,209658
130634,9,0,0,0,157202,0
130635,2,0,0,0,157203,157204
130636,8,0,0,0,157205,157206
130637,8,0,0,0,157207,157208
130638,6,0,0,0,157209,157210
130639,10,0,0,0,157211,209657
130640,6,1,0,0,157212,157213
130641,9,1,0,0,157214,0
130642,26,0,0,0,157217,0
130643,2,1,0,0,157218,157219
130644,8,0,0,0,157269,157270
130645,8,1,0,0,157273,157274
130646,6,0,0,0,157275,157276
130647,8,1,0,0,157277,157278
130648,5,0,0,0,157279,157280
130649,9,0,0,0,157281,0
130650,10,0,0,0,157282,209656
130651,8,1,0,0,157283,157284
130652,8,1,0,0,157285,157286
130653,5,1,0,0,157297,157298
130654,2,0,0,0,157307,157308
130655,2,0,0,0,157309,157310
130656,2,1,0,0,157320,157321
130657,2,1,0,0,157322,157323
130658,2,0,0,0,157454,157455
130659,11,1,0,0,158041,158042
130660,8,0,0,0,158200,158201
130661,1,0,0,0,158317,158318
130662,11,0,0,0,158574,158575
130663,1,0,0,0,159247,159248
130664,1,0,0,0,159260,159261
130665,1,0,0,0,159264,159265
130666,1,0,0,0,159266,159267
130667,1,0,0,0,159268,159269
130668,3,0,6,0,159270,159271
130669,2,0,0,0,159272,159273
130670,2,0,0,0,159274,159275
130671,2,0,0,0,159276,159277
130672,2,0,0,0,159278,159279
130673,2,1,0,0,159280,159281
130674,2,0,0,0,159282,159283
130675,2,0,0,0,159284,159285
130676,2,1,0,0,159286,159287
130677,11,0,0,0,159290,159291
130678,2,0,0,0,159321,159322
130679,2,1,0,0,159323,159324
130680,11,0,0,0,159325,159326
130681,7,1,0,0,159412,159413
130682,1,1,0,0,159414,159415
130683,1,0,0,0,159454,159455
130684,1,0,0,0,159499,159500
130685,7,0,0,0,159530,159531
130686,3,0,0,0,159545,159546
130687,26,0,0,0,159547,0
130688,3,1,0,0,159548,159549
130689,25,0,0,0,159550,0
130690,1,0,0,0,159551,159552
130691,11,0,0,0,159553,159554
130692,5,0,0,0,159555,159556
130693,11,1,0,0,159557,159558
130694,11,1,0,0,159559,159560
130695,11,0,0,0,159561,159562
130696,11,0,0,0,159563,159564
130697,3,0,0,0,159612,159613
130698,6,0,0,0,159687,159688
130699,2,0,0,0,159690,159691
130700,10,1,0,0,159692,209185
130701,2,1,0,0,159695,159696
130702,6,0,0,0,159697,159698
130703,8,0,0,0,159699,159700
130704,11,0,0,0,159701,159702
130705,11,0,0,0,159703,159704
130706,11,1,0,0,159705,159706
130707,11,1,0,0,159707,159708
130708,2,0,0,0,159709,159710
130709,10,0,0,0,159724,209655
130710,11,1,0,0,160058,160059
130711,10,1,0,2,160060,160061
130712,4,1,0,0,160083,160084
130713,10,1,0,0,160085,209184
130715,11,1,0,0,160174,160175
130716,11,0,0,0,160176,160177
130717,2,1,0,0,160227,160228
130718,2,0,0,0,160229,160230
130719,2,1,0,0,160231,160232
130723,1,0,0,0,160254,160255
130724,1,0,0,0,160256,160257
130725,1,0,0,0,160258,160259
130726,1,0,0,0,160260,160261
130727,1,1,0,0,160262,160263
130728,1,1,0,0,160264,160265
130729,1,1,0,0,160266,160267
130730,1,1,0,0,160268,160269
130733,1,0,0,0,160443,160444
130734,1,0,0,0,160445,160446
130735,1,1,0,0,160530,160531
130736,1,1,0,0,160532,160533
130737,4,0,0,0,160534,174196
130738,11,0,0,0,160605,160606
130739,1,0,0,0,160611,160612
130740,1,0,0,0,160622,160623
130741,1,1,0,0,160624,160625
130742,1,1,0,0,160626,160627
130743,7,0,0,0,160682,160683
130744,11,1,0,0,160766,160767
130745,1,1,0,0,160768,160769
130746,2,0,0,0,160821,160822
130747,3,1,0,0,160842,160843
130748,2,0,0,0,160844,160845
130749,2,0,0,0,160846,160847
130750,2,0,0,0,160848,160849
130751,2,1,0,0,160850,160851
130752,2,1,0,0,160852,160853
130753,2,1,0,0,160854,160855
130754,2,1,0,0,160856,160857
130755,2,0,0,0,160892,160893
130756,2,0,0,0,160894,160895
130757,2,1,0,0,160896,160897
130758,2,1,0,0,160898,160899
130759,11,0,0,0,160922,160923
130760,11,0,0,0,160924,160925
130761,2,0,0,0,160926,160927
130762,2,0,0,0,160928,160929
130763,2,1,0,0,160930,160931
130764,2,1,0,0,160932,160933
130765,2,1,0,0,161095,161096
130766,11,0,0,0,161106,161107
130767,1,0,0,0,161207,161208
130768,2,0,0,0,161211,161212
130769,2,1,0,0,161213,161214
130770,2,1,0,0,161215,161216
130771,2,0,0,0,161217,161218
130772,2,1,0,0,161219,161220
130773,2,0,0,0,161262,161263
130774,2,1,0,0,161264,161265
130775,11,0,0,0,161282,161283
130776,2,0,0,0,161284,161285
130777,11,1,0,0,161328,161329
130778,2,1,0,0,161330,161331
130779,2,0,0,0,161332,161333
130780,2,0,0,0,161334,161335
130781,2,1,0,0,161336,161337
130782,2,1,0,0,161338,161339
130783,2,0,0,0,161340,161341
130784,11,0,0,0,161380,161381
130785,8,0,0,0,161382,161383
130786,11,0,0,0,161384,161385
130787,11,1,0,0,161418,161419
130788,11,0,0,0,161493,161494
130789,11,0,0,0,161636,161637
130790,11,1,0,0,161643,161644
130791,9,1,6,0,161885,0
130792,11,1,0,0,161889,161890
130794,11,0,0,0,163200,163201
130796,2,1,0,0,163544,163545
130797,2,0,0,0,163546,163547
130798,5,0,0,0,163612,163613
130799,7,1,0,0,163614,163615
130800,6,1,0,0,163617,163618
130801,2,1,0,0,163619,163620
130802,2,0,0,0,163621,163622
130819,9,0,0,0,163760,0
130820,2,0,0,0,163761,163762
130821,2,1,0,0,163763,163764
130822,6,1,0,0,163765,163766
130823,6,0,0,0,164265,164267
130824,3,1,0,0,164319,164320
130825,8,0,0,0,164339,164340
130826,8,0,0,0,164341,164342
130827,8,1,0,0,164343,164344
130828,8,1,0,0,164372,164374
130829,4,1,0,0,165220,165222
130830,6,0,0,0,165656,165657
130831,10,1,0,0,165697,209183
130832,9,0,0,0,166227,0
130833,10,0,0,0,166764,209654
130834,10,1,0,0,166765,209182
130835,10,0,0,0,166766,209653
130836,11,1,0,0,166767,166768
130837,10,1,0,0,166769,209181
130838,10,0,0,0,166770,209652
130839,9,1,0,0,166771,0
130840,11,0,0,0,166920,166921
130841,11,1,0,0,166929,166931
130842,2,0,0,0,167764,167765
130843,1,0,0,0,168311,168312
130844,1,0,0,0,168313,168314
130845,10,1,0,0,168315,209180
130846,3,1,0,0,168316,168317
130847,1,0,0,0,168348,168349
130848,7,1,0,0,168350,168351
130849,3,0,0,0,168352,168353
130850,4,1,0,0,168354,168355
130851,22,0,0,0,168356,0
130852,11,1,0,0,168357,168358
130853,2,0,0,0,168366,168367
130854,2,0,0,0,168368,168369
130855,3,0,6,0,168370,168371
130856,1,0,0,0,168372,168373
130857,25,0,0,0,168396,0
130858,1,0,0,0,168399,168400
130859,1,1,0,0,168401,168402
130860,1,0,0,0,168403,168404
130861,1,0,0,0,168405,168406
130862,1,1,0,0,168407,168408
130863,1,1,0,0,168409,168410
130864,4,1,0,0,168411,168412
130865,4,0,6,0,168413,168414
130866,3,1,0,0,168415,168416
130867,3,0,0,0,168417,168418
130868,11,0,0,0,168420,168421
130869,11,0,0,0,168422,168423
130871,1,0,0,0,168426,168427
130872,1,0,0,0,168428,168429
130873,1,1,6,0,168468,168469
130874,9,1,6,0,168470,0
130875,2,0,0,0,168471,168472
130876,2,1,6,0,168473,168474
130877,22,1,6,0,168475,0
130878,5,0,0,0,168476,168477
130879,3,0,6,0,168478,168479
130880,11,0,0,0,168480,168481
130881,26,1,0,0,168487,0
130882,1,0,0,0,168488,168489
130883,1,1,0,0,168490,168491
130884,26,0,0,0,168492,0
130885,26,1,0,0,168493,0
130886,2,0,6,0,168494,168495
130887,3,0,0,0,168496,168497
130888,3,0,0,0,168498,168499
130889,3,1,0,0,168500,168501
130890,3,1,0,0,168502,168503
130891,2,1,0,0,168504,168505
130892,2,1,0,0,168506,168507
130893,4,1,0,0,168508,168509
130894,7,0,0,0,168510,168511
130895,25,0,0,0,168512,0
130896,25,1,0,0,168513,0
130897,25,1,0,0,168514,0
130898,3,0,0,0,168515,168516
130899,22,0,6,0,168708,0
130900,9,0,6,0,168709,0
130901,22,0,6,0,168710,0
130902,9,0,0,0,168711,0
130903,7,0,0,0,168712,168713
130904,4,1,0,0,168714,168715
130905,6,0,0,0,168716,168717
130906,25,0,0,0,168722,0
130907,10,1,0,0,168723,209179
130908,4,1,0,0,168724,168725
130909,8,0,0,0,168726,168727
130910,6,0,0,0,168728,168729
130911,7,0,0,0,168730,168731
130912,5,0,0,0,168732,168733
130913,1,0,0,0,168734,168735
130914,3,0,0,0,168736,168737
130915,5,1,0,0,168738,168739
130916,1,0,0,0,168740,168741
130917,7,1,0,0,168742,168743
130918,5,1,0,0,168767,168768
130919,2,0,0,0,168769,168770
130920,3,1,0,0,168771,168772
130921,6,1,0,0,168773,168774
130922,6,0,0,0,168775,168776
130923,7,0,0,0,168777,168778
130924,7,1,0,0,168779,168780
130925,7,1,0,0,168797,168798
130926,8,0,0,0,168799,168800
130927,2,0,0,0,168801,168802
130928,2,1,0,0,168803,168804
130929,2,0,0,0,168805,168806
130930,2,1,0,0,168807,168808
130931,2,0,0,0,168809,168810
130932,2,1,0,0,168811,168812
130933,2,0,0,0,168813,168814
130934,2,1,0,0,168815,168816
130935,7,0,0,0,168817,168818
130936,26,1,0,0,168819,0
130937,10,1,0,0,168829,209178
130938,4,1,0,0,168830,168831
130939,10,1,0,0,168832,209177
130940,11,1,0,0,168834,168835
130941,10,1,0,0,168836,209176
130942,6,1,0,0,168837,168838
130943,3,1,0,0,168841,168842
130944,9,1,0,0,168843,0
130945,4,1,0,0,0,168845
130946,1,0,0,0,168846,168847
130947,5,0,0,0,168848,168849
130948,8,1,0,0,168850,168851
130949,2,1,0,0,169252,169253
130950,4,1,0,0,169254,169255
130951,10,0,0,0,169256,209651
130952,5,0,0,0,169257,169258
130953,1,0,0,0,169259,169260
130954,10,1,0,0,0,209175
130955,7,1,0,0,169436,169437
130956,9,1,0,0,169438,0
130957,3,1,0,0,169439,169440
130958,8,1,0,0,169441,169442
130959,3,1,0,0,169443,169444
130960,3,0,6,0,170352,170354
130961,5,1,0,0,170712,170713
130962,11,1,0,0,170714,170715
130963,11,1,0,0,170716,170717
130964,2,0,0,0,171264,171265
130965,2,1,0,0,171266,171267
130966,6,1,0,0,172361,172363
130967,11,1,0,0,172768,172769
130968,6,0,0,0,172774,172775
130969,10,1,0,0,172815,209174
130970,7,0,0,0,173006,173007
130971,11,0,0,0,173101,173103
130972,3,1,0,0,173189,173190
130973,5,1,0,0,173421,173422
130976,4,1,0,0,173701,173702
130978,2,0,0,0,173705,173706
130979,4,1,12,0,173707,173708
130980,4,0,0,0,173709,173710
130981,4,0,0,0,173711,173712
130982,10,0,12,0,173713,173714
130983,11,1,0,0,173715,173716
130984,11,1,0,0,173717,173718
130985,2,1,0,0,173719,173720
130986,2,0,0,0,173721,173722
130987,2,1,0,0,173723,173724
130988,11,0,0,0,173725,173726
130989,2,0,0,0,173727,173728
130990,11,1,0,0,173729,173730
130992,11,0,0,0,173733,173734
130993,2,1,0,0,173735,173736
130994,11,1,0,0,173737,173738
130995,2,1,0,0,173739,173740
130996,2,0,0,0,173743,173744
130999,2,0,0,0,173748,173749
131000,2,0,0,0,173750,173751
131001,2,0,0,0,173752,173753
131002,2,0,0,0,173754,173755
131003,2,0,0,0,173756,173757
131004,2,0,0,0,173758,173759
131005,2,0,0,0,173760,173761
131006,2,0,0,0,173763,173764
131011,2,0,0,0,173772,173773
131015,2,1,0,0,173780,173781
131022,2,1,0,0,173792,173793
131033,2,1,0,0,173811,173812
131034,2,1,0,0,173813,173814
131035,2,1,0,0,173815,173816
131036,2,1,0,0,173817,173818
131037,2,1,0,0,173819,173820
131038,2,1,0,0,173821,173822
131043,1,1,0,0,173837,173838
131048,2,0,0,0,173880,173881
131049,1,0,0,0,0,173982
131050,4,1,0,0,173887,173888
131051,3,0,0,0,173889,173890
131052,1,1,0,0,173891,173892
131054,10,1,0,0,173967,209173
131055,11,1,0,0,173968,173969
131056,3,0,6,0,173970,173971
131057,7,0,0,0,173972,173973
131058,5,1,0,0,173974,173975
131059,11,0,0,0,173976,173977
131060,4,1,0,0,173978,173979
131061,11,1,0,0,173980,173981
131062,1,0,0,0,173985,173986
131063,11,0,0,0,173987,173988
131064,1,0,0,0,173989,173990
131065,22,0,0,0,173991,0
131066,4,0,0,0,173992,173993
131067,3,0,0,0,173994,173995
131068,11,0,0,0,173996,173997
131069,7,0,0,0,173998,173999
131070,1,0,0,0,174000,174001
131071,3,0,0,0,174002,174003
131072,4,0,0,0,174004,174005
131073,7,0,6,0,174006,174007
131074,10,0,0,0,174008,209650
131075,2,0,0,0,174009,174010
131076,6,0,0,0,174011,174012
131077,5,1,0,0,174013,174014
131078,8,1,0,0,174015,174016
131079,9,1,0,0,174017,0
131080,26,0,0,0,174018,0
131081,11,1,0,0,174019,174020
131082,2,1,0,0,174021,174022
131083,2,0,0,0,174023,174024
131084,10,1,0,0,174037,174038
131085,11,0,0,0,174052,174053
131086,24,0,0,0,174054,0
131087,8,0,0,0,174183,174184
131089,2,0,0,0,175437,175438
131090,2,0,0,0,175597,175598
131104,2,0,0,0,176043,176044
131105,9,1,0,0,176114,0
131106,1,0,0,0,176758,176759
131107,6,0,0,5,176779,176780
131108,9,1,0,0,176781,0
131109,11,1,0,0,176798,176799
131110,2,1,0,0,176800,176801
131111,9,0,0,0,176802,0
131112,9,0,0,0,176803,0
131113,9,0,0,0,176804,0
131114,2,0,0,0,176806,176807
131115,2,1,0,0,176808,176809
131117,2,0,0,0,176854,176855
131118,2,1,0,0,176856,176857
131119,2,0,0,0,176858,176859
131120,2,1,0,0,176860,176861
131121,9,1,0,0,176862,0
131122,2,1,0,0,176895,176896
131123,2,0,0,0,176897,176898
131124,7,1,0,0,176899,176900
131125,2,0,0,0,176901,176902
131126,2,1,0,0,176903,176904
131127,2,1,0,0,176905,176906
131128,1,0,0,0,176907,176908
131129,5,0,0,0,176909,176910
131130,10,0,0,0,176911,209649
131131,10,0,0,0,176912,209648
131132,6,0,0,0,176913,176914
131133,9,0,0,0,176915,0
131134,8,1,0,0,176934,176935
131135,9,0,0,0,176936,0
131136,5,1,0,0,176937,176938
131137,6,0,0,0,176939,176940
131138,10,1,0,0,176941,209172
131139,9,0,0,0,176942,0
131140,2,0,0,0,176943,176944
131141,5,0,0,0,176945,176946
131142,2,0,0,0,176947,176948
131143,5,0,0,0,176949,176950
131144,26,0,0,0,176951,0
131145,2,1,0,0,176952,176953
131146,5,0,0,0,176954,176955
131147,10,1,0,0,0,209171
131150,11,1,0,0,177016,177017
131151,2,0,0,0,177024,177025
131152,8,0,6,0,177026,177027
131153,7,0,6,0,177028,177029
131154,10,1,6,0,177030,209170
131155,6,1,6,0,177031,177032
131156,4,1,6,0,177040,177041
131157,26,1,0,0,177042,0
131158,2,0,0,0,178129,178130
131159,1,0,0,0,178131,178132
131160,10,0,0,0,178133,209647
131161,22,0,0,0,178134,0
131162,9,1,0,0,178135,0
131163,4,1,0,0,178136,178137
131164,2,1,0,0,178138,178139
131165,1,1,0,0,178140,178141
131166,2,0,0,0,178142,178143
131167,4,0,0,0,178159,178160
131168,2,1,0,0,178167,178168
131169,1,1,0,0,178169,178170
131170,2,1,0,0,178171,178172
131171,1,1,0,0,178177,178178
131172,6,0,0,0,178179,178180
131173,10,1,0,0,178181,209169
131174,3,0,6,0,178182,178183
131175,1,0,0,0,178184,178185
131176,1,0,0,0,178186,178187
131177,10,1,0,0,178188,209168
131178,2,0,6,0,178189,178190
131179,2,0,6,0,178191,178192
131180,1,0,0,0,178193,178194
131181,3,0,0,0,178195,178196
131182,7,1,0,0,178197,178198
131183,4,1,0,0,178240,178241
131184,2,0,0,0,178243,178244
131185,6,1,0,0,178245,178246
131186,3,1,0,0,178247,178248
131187,8,1,0,0,178249,178250
131188,25,1,0,0,178251,0
131189,6,0,0,0,178252,178253
131190,7,0,0,0,178254,178255
131191,6,0,0,0,178256,178257
131192,1,0,0,0,178258,178259
131193,8,1,0,0,0,178261
131194,3,1,0,0,0,178263
131195,2,1,0,0,178264,178265
131196,1,1,0,0,178266,178267
131197,10,1,0,0,178268,209167
131198,22,1,0,0,178269,0
131199,10,0,0,0,178271,209646
131200,4,0,0,0,178272,178273
131201,22,0,0,2,178491,0
131202,5,0,0,0,178492,178493
131203,8,0,0,0,178494,178495
131204,1,0,0,0,178496,178497
131205,25,0,0,0,178498,0
131206,9,1,0,0,178499,0
131207,26,1,0,0,178500,0
131208,7,1,0,0,178501,178502
131209,10,1,0,0,178503,209166
131210,1,1,0,0,178504,178505
131211,2,0,0,0,178506,178507
131212,1,0,0,0,178513,178514
131213,2,1,0,0,178515,178516
131214,4,1,0,0,178517,178518
131215,2,0,0,0,178519,178520
131216,5,1,0,0,178521,178522
131217,3,1,0,0,178523,178524
131218,5,1,0,0,178525,178526
131219,3,1,0,0,178527,178528
131220,8,0,0,0,178529,178530
131221,4,0,0,0,178531,178532
131222,8,0,0,0,0,178534
131223,3,0,0,0,178535,178536
131224,2,0,0,0,178537,178538
131225,3,0,0,0,178539,178540
131226,6,0,0,0,178541,178542
131227,3,0,0,0,178543,178544
131228,26,1,0,0,178545,0
131229,3,1,0,0,178546,178547
131230,3,0,0,0,178548,178549
131231,26,1,0,0,178589,0
131232,2,0,0,0,178590,178591
131233,2,0,0,0,178592,178593
131234,2,1,0,0,178594,178595
131235,2,1,0,0,178596,178597
131236,2,0,0,0,178598,178599
131237,2,0,0,0,178600,178601
131238,2,0,0,0,178602,178603
131239,2,1,0,0,178604,178605
131240,25,0,0,0,178606,0
131241,2,1,0,0,178607,178608
131242,6,0,0,0,178609,178610
131243,3,0,0,0,178611,178612
131244,10,0,0,0,178613,209645
131245,2,0,0,0,178614,178615
131246,1,0,0,0,178616,178617
131247,2,1,0,0,178618,178619
131248,1,1,0,0,178620,178621
131249,7,0,0,0,178622,178623
131250,3,1,0,0,178624,178625
131251,8,1,0,0,178626,178627
131252,7,1,0,0,178628,178629
131253,9,1,0,0,178670,0
131254,22,0,0,0,178671,0
131255,3,1,0,0,178672,178673
131256,9,0,0,0,178674,0
131257,22,0,0,0,178675,0
131258,26,1,0,0,178691,0
131259,22,1,0,0,178692,0
131260,8,0,0,0,178693,178694
131261,4,1,0,0,178695,178696
131262,5,0,0,0,178697,178699
131263,22,0,0,0,178698,0
131264,5,0,0,0,178700,178701
131265,4,1,0,0,178702,178703
131266,22,0,0,0,178704,0
131267,10,1,0,0,178705,209165
131268,22,1,0,0,178706,0
131269,1,1,0,0,178707,178708
131270,8,0,0,0,178709,178710
131271,6,0,0,0,178711,178712
131272,4,1,12,0,178719,178720
131273,4,1,0,0,178731,178732
131274,4,0,0,0,178733,178734
131275,4,0,0,0,178735,178736
131276,4,0,0,0,178737,178738
131277,6,0,0,0,178739,178740
131278,8,1,0,0,178741,178742
131279,25,1,0,0,178743,0
131280,6,0,0,0,178744,178745
131281,1,0,0,0,178746,178747
131282,9,1,0,0,178748,0
131283,22,1,0,0,178749,0
131284,2,0,0,0,178750,178751
131285,1,1,6,0,178752,178753
131286,5,1,0,0,178754,178755
131287,1,1,0,0,178756,178757
131288,9,0,0,0,178765,0
131289,9,1,0,0,178766,0
131290,8,0,0,0,178789,178790
131291,3,0,0,0,178791,178792
131292,22,1,0,0,178793,0
131293,9,1,0,0,178794,0
131294,25,0,0,0,178795,0
131295,9,0,0,0,178796,0
131296,22,0,0,0,178797,0
131297,8,0,0,0,178798,178799
131298,1,0,0,0,178800,178801
131299,2,0,0,0,178802,178803
131300,1,0,0,0,178804,178805
131301,5,1,0,0,178807,178808
131302,3,1,0,0,178809,178810
131303,2,1,0,0,178811,178812
131304,1,0,0,0,0,178814
131305,1,1,0,0,178815,178816
131306,1,1,0,0,178817,178818
131307,2,1,0,0,178831,178832
131308,2,1,0,0,178833,178834
131309,2,0,0,0,178835,178836
131310,4,1,0,0,178837,178838
131311,10,0,0,0,178839,209644
131312,24,0,0,0,178840,0
131313,22,1,0,0,178841,0
131314,1,0,0,0,178842,178843
131315,9,0,0,0,178844,0
131316,11,0,0,0,178845,178846
131317,24,0,0,0,178847,0
131318,11,1,0,0,178848,178849
131319,11,1,0,0,178850,178851
131320,9,0,0,0,178866,0
131321,1,0,0,0,0,178868
131322,1,1,0,0,0,178870
131323,9,0,0,0,178871,0
131324,9,0,0,0,178872,0
131325,9,1,0,0,178873,0
131326,9,1,0,0,178874,0
131327,9,1,0,0,178875,0
131328,5,0,0,0,178876,178877
131329,5,0,0,0,178878,178879
131330,4,1,0,0,178880,178881
131332,5,1,0,0,178884,178885
131333,4,1,0,0,178891,178892
131334,4,0,0,0,178947,178948
131335,11,1,0,0,178961,178962
131336,11,1,0,0,178963,178964
131337,11,1,0,0,178965,178966
131338,11,0,0,0,178967,178968
131339,1,0,0,0,179143,179144
131340,1,0,0,0,179145,179146
131341,1,1,0,0,179147,179148
131342,6,1,0,0,179149,179150
131343,6,0,0,0,179151,179152
131344,6,0,0,0,179153,179154
131345,1,0,0,0,179155,179156
131346,1,0,0,0,179157,179158
131347,1,1,0,0,179159,179160
131348,1,1,0,0,179161,179162
131349,8,1,0,0,179163,179164
131350,2,1,0,0,179165,179166
131351,22,1,0,0,179167,0
131352,10,0,0,0,179168,209643
131353,4,1,0,0,179169,179170
131354,1,0,0,0,179171,179172
131355,7,1,0,0,179173,179174
131356,4,1,0,0,179175,179176
131357,11,1,0,0,179199,179200
131358,4,0,0,0,179201,179202
131359,1,1,0,0,179203,179204
131360,6,0,0,0,179205,179206
131361,2,1,0,0,179207,179208
131362,8,1,0,0,179209,179210
131363,4,1,0,0,179211,179212
131364,4,1,0,0,179213,179214
131365,4,1,0,0,179215,179216
131366,2,0,0,0,179225,179226
131367,4,1,6,0,179227,179228
131368,10,1,12,0,179229,179230
131369,4,1,0,0,179231,179232
131370,10,0,0,0,179233,209642
131372,13,1,0,0,179258,0
131373,4,0,12,4,179260,179261
131374,1,0,0,0,179264,179265
131375,4,1,0,0,179298,179299
131376,6,0,0,0,179300,179301
131377,4,0,0,0,179302,179303
131378,1,0,0,0,179304,179305
131379,4,0,0,0,179306,179307
131380,4,1,0,0,179308,179309
131381,8,0,0,0,179310,179311
131382,6,1,0,0,179312,179313
131383,7,0,0,0,179330,179331
131384,7,0,0,0,179332,179333
131385,7,0,0,0,179334,179335
131386,7,1,0,0,179336,179337
131387,7,1,0,0,179338,179339
131388,1,0,0,0,179340,179341
131389,1,1,0,0,179342,179343
131390,22,0,0,0,179366,0
131391,1,1,0,0,179367,179368
131392,1,1,0,0,179369,179370
131393,3,0,0,0,179371,179372
131394,4,0,0,0,179373,179374
131395,2,1,0,0,179375,179376
131396,8,0,0,0,179377,179378
131398,24,0,0,0,179384,0
131399,10,1,0,0,179385,209164
131400,1,1,0,0,179386,179387
131403,5,1,0,0,179395,179396
131404,5,0,0,0,179398,179399
131405,4,0,0,0,179456,179457
131406,4,0,0,0,179458,179459
131407,10,0,0,0,179465,209641
131408,2,0,0,0,179466,179467
131409,2,1,0,0,179468,179469
131410,10,0,0,0,179479,209640
131411,1,1,0,0,179480,179481
131412,2,0,0,0,179482,179483
131414,2,1,0,0,179488,179489
131415,8,1,0,0,179490,179491
131416,2,0,0,0,179523,179524
131418,6,0,0,0,179526,179527
131419,9,1,0,0,179551,0
131420,9,0,0,0,179552,0
131421,9,0,0,0,179553,0
131422,3,0,0,0,179565,179566
131423,3,1,0,0,179567,179568
131424,7,1,0,0,179569,179570
131425,3,1,0,0,179571,179572
131426,1,1,0,0,179573,179574
131427,9,1,0,0,179575,0
131428,9,0,0,0,179576,0
131429,9,0,0,0,179577,0
131430,9,1,0,0,179578,0
131431,2,0,0,0,179581,179582
131432,3,0,0,0,179583,179584
131433,3,1,0,0,179585,179586
131434,3,1,0,0,179587,179588
131435,1,0,0,0,179589,179590
131436,6,0,0,0,179591,179592
131437,11,1,0,0,179593,179594
131438,25,0,0,0,179595,0
131439,2,0,0,0,179596,179597
131440,8,0,0,0,179615,179616
131441,1,0,0,0,179617,179618
131442,11,0,0,0,179619,179620
131443,1,0,0,0,179621,179622
131444,4,1,0,0,180373,180374
131445,5,1,0,0,180385,180386
131446,9,1,0,0,180387,0
131447,11,1,0,0,180388,180389
131448,8,1,0,0,180390,180391
131449,8,0,0,0,180392,180393
131450,2,0,0,0,180394,180395
131451,9,1,0,0,180396,0
131452,9,0,0,0,180397,0
131453,2,1,0,0,180398,180399
131454,5,0,0,0,180700,180701
131455,26,1,0,0,180702,0
131456,1,1,0,0,180703,180704
131457,22,0,0,0,180705,0
131458,11,1,0,0,180706,180707
131459,2,1,0,0,180708,180709
131460,4,0,0,0,181308,181309
131461,6,1,0,0,181310,181311
131462,1,0,0,0,181333,181334
131463,6,0,0,0,181364,181365
131464,9,0,0,0,181370,0
131465,2,1,0,0,181391,181392
131466,6,0,0,0,181393,181394
131467,8,0,0,0,181426,181427
131468,8,0,0,0,181428,181429
131469,8,1,0,0,181430,181432
131470,9,0,0,0,181431,0
131471,8,1,0,0,181433,181434
131472,8,0,0,0,181435,181436
131473,8,0,0,0,181437,181438
131474,8,1,0,0,181439,181440
131475,8,1,0,0,181441,181442
131478,10,1,0,0,181447,209163
131480,10,0,0,0,181702,209639
131482,3,0,0,0,181705,181706
131483,3,1,0,0,181707,181708
131484,5,1,0,0,181710,181711
131485,22,0,0,0,181712,0
131486,1,0,0,0,181750,181751
131487,3,0,0,0,181752,181753
131488,2,1,0,0,181754,181755
131489,2,0,0,0,181756,181757
131490,2,0,0,0,181758,181759
131491,2,0,0,0,181760,181761
131492,2,0,0,0,181762,181763
131493,2,0,0,0,181764,181765
131496,2,1,0,0,182089,182090
131497,2,1,0,0,182091,182092
131498,11,1,0,0,182098,182099
131499,11,1,0,0,182100,182101
131500,11,0,0,0,182102,182103
131501,1,1,0,0,182104,182105
131503,1,0,0,0,182122,182123
131504,11,0,0,0,182124,182125
131511,2,0,0,0,182358,182359
131512,2,0,0,0,182360,182361
131513,2,0,0,0,182373,182374
131515,2,0,0,0,182377,182378
131516,2,1,0,0,182382,182383
131517,2,1,0,0,182384,182385
131526,5,1,0,0,182405,182406
131527,1,0,0,0,182407,182408
131528,4,0,0,0,182420,182421
131529,4,0,0,0,182422,182423
131530,4,1,0,0,182424,182425
131531,4,1,0,0,182426,182427
131532,4,0,0,0,182428,182429
131533,9,1,0,2,182430,0
131534,4,0,0,0,182431,182432
131535,4,1,0,0,182433,182434
131536,4,1,0,0,182435,182436
131537,4,1,6,0,183115,183116
131538,4,0,0,0,183117,183118
131576,22,0,0,0,183361,0
131577,22,0,0,0,183362,0
131578,22,0,0,0,183363,0
131579,5,0,0,0,183383,183384
131595,4,1,0,0,183435,183436
131596,11,1,0,2,183462,183463
131597,2,1,0,0,183464,183465
131598,2,0,0,0,183466,183467
131600,2,0,0,0,183470,183471
131601,11,0,0,0,183518,183519
131602,11,0,0,0,183520,183521
131603,4,1,6,0,183522,183523
131604,11,1,0,0,183524,183525
131606,17,0,0,0,183567,0
131615,16,0,0,0,183588,0
131617,1,0,0,0,183616,183617
131619,7,1,0,0,185468,185469
131620,7,0,0,0,185470,185471
131634,2,0,0,0,185542,185543
131635,2,0,0,0,185544,185545
131636,2,0,0,0,185546,185547
131637,2,0,0,0,185548,185549
131638,2,0,0,0,185550,185551
131639,11,0,0,0,185552,185553
131640,8,0,0,0,185554,185555
131641,9,1,0,0,185556,0
131642,2,1,0,0,185557,185558
131643,17,0,0,0,185569,0
131644,3,0,0,0,189757,189758
131645,2,0,0,0,189797,189798
131646,2,0,0,0,189799,189800
131647,10,1,0,0,191171,209162
131648,5,0,0,0,191180,191181
131649,2,0,0,0,191356,191357
131650,11,0,0,0,191358,191359
131651,2,0,0,0,191360,191361
131652,2,0,0,0,191362,191363
131653,2,0,0,0,191364,191365
131654,2,1,0,0,191366,191367
131657,3,0,0,0,191381,191382
131658,5,1,0,0,191383,191384
131659,10,0,0,0,191385,209638
131660,11,0,0,0,191386,191387
131661,2,1,0,0,191402,191403
131662,2,0,0,0,191404,191405
131663,11,0,0,0,191406,191407
131664,2,0,0,0,191408,191409
131665,2,1,0,0,191410,191411
131666,1,1,0,0,191412,191413
131667,7,1,0,0,191414,191415
131668,4,0,6,0,191416,191417
131669,4,0,6,0,191418,191419
131670,4,1,6,0,191420,191421
131671,4,1,6,0,191422,191423
131674,4,0,0,0,191528,191529
131688,4,0,6,0,191553,191554
131689,4,0,6,0,191555,191556
131690,4,1,6,0,191557,191558
131691,4,1,6,0,191559,191560
131693,3,1,0,0,191579,191580
131694,9,0,0,0,191589,0
131695,6,0,0,0,191590,191591
131696,2,0,0,0,191592,191593
131697,8,0,0,0,191594,191595
131698,4,1,0,0,191617,191618
131699,2,1,0,0,191619,191620
131701,4,1,6,0,191623,191624
131702,3,1,6,0,191625,191626
131703,8,0,6,0,191627,191628
131704,7,0,6,0,191632,191633
131705,2,1,0,0,191641,191642
131706,1,1,6,0,191643,191644
131707,26,1,0,0,191645,0
131708,1,0,0,0,191646,191647
131709,6,1,6,0,191648,191649
131710,8,0,6,0,191650,191651
131711,4,1,6,0,191652,191653
131712,3,0,6,0,191654,191655
131713,1,0,6,0,191656,191657
131714,5,0,0,0,191658,191659
131715,3,0,6,0,191660,191661
131717,4,1,0,0,191664,191665
131721,22,0,0,0,191670,0
131731,2,0,0,0,191688,191689
131732,2,1,0,0,191690,191691
131733,2,0,0,0,191774,191775
131734,2,0,0,0,191776,191777
131737,6,0,0,0,191784,191785
131738,1,0,0,0,191786,191787
131739,2,1,0,0,192014,192015
131740,1,1,0,0,192016,192017
131741,2,0,0,0,192019,192020
131742,1,1,0,0,192021,192022
131743,24,0,0,0,192023,0
131744,4,0,0,0,192024,192025
131745,5,0,0,0,0,192027
131746,3,0,0,0,0,192029
131747,5,1,0,0,192030,192031
131748,10,1,0,0,192039,209161
131749,11,1,0,0,192040,192041
131750,2,1,0,0,192042,192043
131751,3,1,0,0,192088,192089
131752,8,1,0,0,192094,192095
131753,7,0,0,0,192096,192097
131754,8,1,0,0,192098,192099
131755,4,1,0,0,192100,192101
131756,2,1,0,0,192103,192104
131757,10,1,0,0,0,209160
131758,11,1,0,0,0,192113
131759,10,0,0,0,192114,209637
131760,1,0,0,0,192115,192116
131761,9,0,0,0,192117,0
131762,3,0,0,0,192118,192119
131763,8,1,0,0,192120,192121
131764,3,0,0,0,192122,192123
131765,5,1,0,0,0,192125
131766,1,1,0,0,0,192127
131767,24,0,0,0,192129,0
131768,4,0,0,0,192130,192131
131769,10,0,0,0,192132,209636
131770,11,0,0,0,192133,192134
131771,2,1,0,0,192135,192136
131772,25,1,0,0,192137,0
131773,6,1,0,0,192138,192139
131774,3,1,0,0,192140,192141
131775,6,0,0,0,192144,192145
131776,1,0,0,0,192156,192157
131777,8,1,0,0,192158,192159
131778,7,1,0,0,192160,192161
131779,24,1,0,0,192162,0
131780,7,1,0,0,192163,192164
131781,8,0,0,0,192165,192166
131782,7,1,0,0,192167,192168
131783,5,0,0,0,192169,192170
131784,5,0,0,0,192172,192173
131785,3,0,0,0,192174,192175
131786,5,1,0,0,192176,192177
131787,4,1,0,0,192178,192179
131788,13,0,0,0,192180,0
131789,1,1,0,0,192181,192182
131790,10,0,0,0,192183,209635
131791,1,0,0,0,192184,192185
131792,6,1,0,0,192186,192187
131793,3,1,0,0,192188,192189
131794,5,1,0,0,192190,192191
131795,22,1,0,0,192192,0
131796,3,0,0,0,192258,192259
131797,3,0,0,0,192281,192282
131798,3,1,0,0,192283,192284
131799,11,1,0,0,192285,192286
131801,2,0,0,0,192473,192474
131802,2,0,0,0,192475,192476
131808,10,1,0,2,193540,209159
131809,6,1,0,0,193794,193795
131810,1,1,0,0,193796,193797
131811,11,1,0,0,193798,193799
131812,6,0,0,0,193917,193918
131813,10,1,6,0,193919,209158
131814,11,1,0,0,193920,193921
131816,8,0,0,0,193924,193925
131817,4,0,0,0,0,193927
131818,10,0,0,0,193928,209634
131819,10,0,0,0,193929,209633
131820,11,1,0,0,193930,193931
131821,10,0,0,0,193932,209632
131822,11,0,0,0,193933,193934
131823,6,0,0,0,193935,193936
131824,3,0,0,0,193937,193938
131825,6,0,0,0,193939,193940
131826,6,1,0,0,193941,193942
131827,3,1,0,0,193943,193944
131829,6,0,0,0,193988,193989
131830,3,0,0,0,193990,193991
131831,6,0,0,0,193992,193993
131832,3,0,0,0,193994,193995
131833,6,0,0,0,193996,193997
131834,1,0,0,0,193998,193999
131835,2,0,0,0,194000,194001
131836,2,0,0,0,194002,194003
131837,2,0,0,0,194004,194005
131838,2,0,0,0,194006,194007
131839,2,0,0,0,194008,194009
131840,2,0,0,0,194010,194011
131841,4,1,0,0,194012,194013
131842,8,0,6,0,194584,194585
131843,3,0,6,0,194586,194587
131844,2,0,0,0,194874,194875
131845,2,1,0,0,194876,194877
131846,2,0,0,0,194878,194879
131847,6,1,6,0,194880,194881
131848,10,0,0,0,194882,209631
131849,2,0,0,0,194883,194884
131850,2,1,0,0,194885,194886
131851,3,1,0,2,194887,194888
131852,10,0,0,0,194906,209630
131853,10,0,0,0,194907,209629
131858,2,0,0,0,194927,194928
131859,1,0,0,0,194930,194931
131860,10,0,0,0,194957,209628
131861,3,0,0,0,194958,194959
131862,5,0,0,0,194960,194961
131863,1,0,0,0,195014,195015
131864,1,0,0,0,195062,195063
131865,1,0,0,0,195064,195065
131867,2,0,0,0,195091,195092
131868,2,0,0,0,195093,195094
131874,5,0,0,0,195127,195128
131875,5,0,0,0,195129,195130
131876,5,0,0,0,195131,195132
131877,5,0,0,0,195133,195134
131878,5,1,0,0,195135,195136
131879,5,1,0,0,195137,195138
131880,5,1,0,0,195147,195148
131881,5,1,0,0,195149,195150
131882,1,0,0,0,195165,195166
131883,11,0,0,0,196464,196465
131885,5,1,0,0,196531,196532
131887,2,1,0,0,196583,196584
131888,4,1,0,0,196591,196592
131889,4,1,6,0,196593,196594
131941,22,0,0,0,196748,0
131945,9,0,0,0,198840,0
131946,5,1,0,0,198867,198868
131948,4,0,0,0,203807,203808
131949,10,0,12,0,203816,203817
131950,2,0,0,0,203819,203820
131969,4,0,0,0,203996,203997
132096,4,0,12,0,204794,204795
132107,10,0,12,0,204814,208604
132112,4,1,12,0,0,204822
132247,4,0,6,0,205325,205326
132248,4,1,6,0,205327,205328
132249,4,0,6,0,205337,205338
132250,4,0,6,0,205339,205340
132251,4,0,6,0,205341,205342
132252,4,1,6,0,205343,205344
132253,4,1,6,0,205345,205346
132254,4,1,6,0,205347,205348
132255,4,0,6,0,205354,205355
132256,4,1,6,0,205356,205357
132257,4,0,6,0,205372,205373
132259,2,0,0,0,205384,205385
132260,2,0,0,0,205386,205387
132261,2,0,0,0,205388,205389
132262,2,0,0,0,205393,205394
132263,8,1,0,0,205395,205396
132264,2,0,0,0,205397,205398
132267,2,1,0,0,205403,205404
132268,2,0,0,0,205405,205406
132280,1,0,0,0,205428,205430
132309,2,0,0,0,205486,205487
132310,2,1,0,0,205488,205489
132312,2,1,0,0,205492,205493
132313,2,1,0,0,205494,205495
132314,2,1,0,0,205496,205497
132315,2,1,0,0,205502,205503
132316,2,0,0,0,205504,205505
132317,2,0,0,0,205506,205507
132318,2,1,0,0,205529,205530
132319,2,0,0,0,205531,205532
132320,2,0,0,0,205533,205534
132321,2,0,0,0,205535,205536
132336,2,0,0,0,205561,205562
132337,2,0,0,0,205596,205597
132338,2,0,0,0,205598,205599
132339,2,1,0,0,205600,205601
132341,2,1,0,0,205603,205604
132342,2,0,0,0,205618,205619
132343,2,1,0,0,205620,205621
132344,2,0,0,0,205622,205623
132345,2,1,0,0,205624,205625
132346,10,1,0,0,0,233144
132347,10,1,0,0,205632,0
132348,2,0,0,0,205645,205646
132349,4,1,6,0,267382,267383
132350,4,0,0,0,205659,205660
132351,4,1,6,0,205657,205658
132352,4,1,0,0,205661,205662
132353,2,0,0,0,205663,205664
132354,2,0,0,0,205665,205666
132355,2,0,0,0,205670,205671
132356,2,1,0,0,205672,205673
132357,2,0,0,0,205735,205736
132358,2,0,0,0,205737,205738
132359,2,1,0,0,205739,205740
132360,2,1,0,0,205741,205742
132361,2,1,0,0,205743,205744
132362,2,1,0,0,205745,205746
132363,2,0,0,0,205749,205750
132364,2,1,0,0,205751,205752
132365,2,1,0,0,205760,205761
132369,2,0,0,0,205979,205980
132370,2,0,0,0,205981,205982
132371,2,1,0,0,205983,205984
132372,2,1,0,0,205985,205986
132373,2,0,0,0,205987,205988
132374,2,0,0,0,206002,206003
132387,9,0,0,0,206032,0
132389,8,1,0,0,206056,206057
132406,2,0,0,0,206163,206164
132407,2,0,0,0,206165,206166
132408,2,0,0,0,206384,206385
132409,2,0,0,0,206660,206661
132410,7,0,6,0,206671,206672
132411,1,0,0,0,206711,206712
132412,10,0,0,0,206722,0
132413,14,0,0,0,206723,0
132414,2,0,0,0,206794,206795
132415,4,0,12,0,0,206797
132416,4,1,12,0,206798,206799
132417,4,0,12,0,206800,206801
132418,4,1,12,0,206802,206803
132419,10,1,12,0,206804,208168
132420,10,0,12,0,206805,208170
132421,10,1,12,0,206806,208171
132422,10,0,12,0,206807,208169
132423,11,1,0,0,206811,206812
132424,11,1,0,0,206814,206815
132425,11,1,0,0,206816,206817
132426,11,1,0,0,206818,206819
132427,11,1,0,0,206820,206821
132428,11,1,0,0,206822,206823
132443,1,0,0,0,206890,206891
132444,1,0,0,0,206892,206893
132445,1,0,0,0,206894,206895
132446,1,0,0,0,206896,206897
132447,1,1,0,0,206898,206899
132448,1,1,0,0,206900,206901
132449,1,1,0,0,206902,206903
132450,1,1,0,0,206904,206905
132451,3,0,0,0,206906,206907
132452,3,0,0,0,206908,206909
132453,3,0,0,0,206910,206911
132454,3,0,0,0,206912,206913
132455,3,1,0,0,206914,206915
132456,3,1,0,0,206916,206917
132457,3,1,0,0,206918,206919
132458,3,1,0,0,206920,206921
132459,10,1,0,0,0,214800
132460,1,0,0,0,206944,206945
132461,2,0,0,0,206983,206984
132462,2,1,0,0,206986,206987
132463,2,0,0,0,206988,206989
132464,11,1,0,0,206990,206991
132465,11,0,0,0,206992,206993
132466,9,1,0,0,206994,0
132467,1,0,0,0,206995,206996
132468,9,1,0,0,206997,0
132469,2,0,0,0,206998,206999
132470,2,0,0,0,207000,207001
132471,2,0,0,0,207002,207003
132472,2,0,0,0,207004,207005
132473,2,1,0,0,207006,207007
132474,2,1,0,0,207008,207009
132475,2,1,0,0,207010,207011
132477,9,0,0,0,207123,0
132478,9,1,0,0,207124,0
132479,2,0,0,0,207126,207127
132480,2,1,0,0,207128,207129
132481,2,0,0,0,207130,207131
132482,11,1,0,0,207132,207133
132483,11,1,0,0,207134,207135
132484,11,1,0,0,207136,207137
132485,11,1,0,0,207138,207139
132486,11,0,0,0,207140,207141
132487,11,0,0,0,207142,207143
132488,11,1,0,0,207144,207145
132489,11,1,0,0,207146,207147
132490,4,1,0,0,207148,207149
132491,2,0,0,0,207150,207151
132492,11,1,0,0,207152,207153
132493,11,1,0,0,207154,207155
132494,11,0,0,0,207156,207157
132495,11,0,0,0,207158,207159
132496,2,0,0,0,207216,207217
132511,4,0,0,0,207821,207822
132512,1,1,0,0,207846,207847
132530,2,1,0,0,208011,208012
132531,7,0,0,0,208013,208014
132532,2,0,0,0,208021,208022
132549,2,0,0,0,208064,208065
132550,2,0,0,0,208066,208067
132551,2,0,0,0,208068,208069
132564,7,1,0,0,208091,208092
132567,1,0,0,0,208097,208098
132568,10,0,0,0,208122,208123
132569,10,0,0,0,208124,208125
132570,10,0,0,0,208126,208127
132571,10,0,0,0,208128,208129
132572,10,1,0,0,208130,208131
132573,10,1,0,0,208132,208133
132574,10,1,0,0,208134,208135
132575,10,1,0,0,208136,208137
132576,1,0,0,0,208138,208139
132577,1,0,0,0,208140,208141
132578,1,1,0,0,208142,208143
132579,1,1,0,0,208144,208145
132580,1,0,0,0,208146,208147
132581,1,1,0,0,208148,208149
132582,1,0,0,0,208162,208163
132583,1,0,0,0,208164,208165
132584,2,0,0,0,208166,208167
132585,20,0,0,0,208649,0
132586,11,0,0,0,208650,208651
132587,7,0,0,0,208652,208653
132588,7,0,0,0,208654,208655
132589,7,1,0,0,208656,208657
132590,4,0,0,0,208658,208659
132591,3,0,6,0,208660,208661
132592,1,1,0,0,208662,208663
132593,5,0,0,0,208664,208665
132594,9,0,0,0,208717,0
132595,3,0,0,0,208718,208719
132596,7,0,0,0,208720,208721
132597,3,0,0,0,208722,208723
132598,3,0,0,0,208724,208725
132599,3,1,0,0,208726,208727
132600,4,1,0,0,208728,208729
132601,1,1,0,0,208730,208731
132602,4,0,0,0,208736,208737
132603,11,0,0,0,208738,208739
132604,1,0,0,0,208755,208756
132605,4,0,12,0,208776,208777
132606,9,1,0,0,208778,0
132607,2,0,0,0,208788,208789
132608,2,1,0,0,208792,208793
132610,2,0,0,0,208796,208797
132611,2,0,0,0,208798,208799
132612,2,0,0,0,208800,208801
132613,2,0,0,0,208802,208803
132615,2,0,0,0,208813,208814
132617,4,1,0,0,208853,208854
132618,4,1,0,0,208855,208856
132619,4,0,0,0,208857,208858
132620,4,0,0,0,208859,208860
132621,4,0,0,0,208861,208862
132622,4,0,0,0,208863,208864
132623,4,1,0,0,208865,208866
132624,4,0,0,0,208867,208868
132625,1,0,0,0,208870,208871
132626,1,0,0,0,208872,208873
132627,1,0,0,0,208874,208875
132628,6,1,0,0,208876,208877
132629,6,0,0,0,208878,208879
132630,3,0,0,0,208880,208881
132631,1,1,0,0,208882,208883
132632,3,1,0,0,208884,208885
132633,11,0,0,0,208886,208887
132635,4,0,0,0,208932,208933
132636,4,0,0,0,208934,208935
132637,4,1,0,0,208936,208937
132638,4,1,0,0,208938,208939
132639,4,0,0,0,208940,208941
132640,4,0,0,0,208942,208943
132641,4,0,0,0,208944,208945
132642,4,1,0,0,208946,208947
132643,4,1,0,0,208948,208949
132644,16,0,0,0,208950,0
132645,1,0,0,0,208951,208952
132646,1,0,0,0,208953,208954
132647,1,0,0,0,208955,208956
132648,1,0,0,0,208957,208958
132649,1,1,0,0,208959,208960
132650,1,1,0,0,208961,208962
132651,1,1,0,0,208963,208964
132652,1,1,0,0,208965,208966
132653,3,0,0,0,208967,208969
132654,16,0,0,0,208968,0
132655,3,0,0,0,208970,208971
132656,3,0,0,0,208972,208973
132657,3,0,0,0,208974,208975
132658,3,1,0,0,208976,208977
132659,3,1,0,0,208978,208979
132660,3,1,0,0,208980,208981
132661,3,1,0,0,208982,208983
132662,10,0,0,0,208984,208985
132663,10,0,0,0,208986,208987
132664,10,0,0,0,208988,208989
132665,10,0,0,0,208990,208991
132666,10,1,0,0,208992,208993
132667,10,1,0,0,208994,208995
132668,10,1,0,0,208996,208997
132669,10,1,0,0,208998,208999
132670,16,0,0,0,209000,0
132671,16,0,0,0,209001,0
132672,1,1,0,0,209002,209003
132673,4,1,0,0,209004,209005
132674,2,0,0,0,209006,209007
132686,2,0,0,0,209028,209029
132690,16,0,0,0,209035,0
132691,2,0,0,0,209042,209043
132692,16,0,0,4,209046,0
132693,1,1,0,0,209047,209048
132694,4,0,0,0,209057,209058
132695,1,1,0,0,209105,209106
132696,1,0,0,0,209108,209109
132697,10,0,0,0,209121,209122
132698,2,0,0,0,209424,209425
132699,2,1,0,0,209426,209427
132701,1,0,0,0,209626,209627
132702,4,0,0,0,0,209730
132703,4,0,0,0,209734,209736
132704,4,1,0,0,209740,209742
132705,4,1,0,0,209748,209751
132706,2,0,0,0,211164,211167
132707,2,0,0,0,211174,211176
132709,1,0,0,0,213579,213580
132710,11,0,0,0,213581,213582
132712,2,0,0,0,213835,213836
132713,1,1,0,0,0,213859
132714,1,1,0,0,213860,213861
132715,11,1,0,0,213862,213863
132716,1,0,0,0,213864,213865
132717,10,0,0,0,213866,213867
132718,10,0,0,0,213868,213869
132719,5,0,0,0,213870,213871
132720,8,1,0,0,213872,213873
132721,9,1,0,0,213874,0
132722,6,1,0,0,213875,213876
132723,1,0,0,0,213877,213878
132724,1,1,0,0,213879,213880
132725,16,0,0,0,213881,0
132726,1,0,0,0,213882,213883
132727,1,0,0,0,213884,213885
132728,4,1,0,0,213886,213887
132729,4,0,0,0,213888,213889
132730,4,0,0,0,213890,213891
132731,4,0,0,0,213892,213893
132732,16,0,0,0,213894,0
132733,4,0,0,0,213895,213896
132734,4,0,0,0,213897,213898
132735,4,0,0,0,213899,213900
132736,4,1,0,0,213901,213902
132749,4,0,0,0,213924,213925
132750,4,0,0,0,213926,213927
132751,4,1,0,0,213928,213929
132752,4,1,0,0,213930,213931
132755,4,0,0,0,213936,213937
132756,4,1,0,0,213938,213939
132757,1,0,0,0,213944,213945
132758,9,1,0,0,213946,0
132759,24,0,0,0,214036,0
132760,11,1,0,0,214040,214041
132761,11,0,0,0,214042,214043
132762,11,0,0,0,214044,214045
132763,5,0,0,0,214046,214047
132764,11,1,0,0,214048,214049
132765,4,0,0,0,214060,214061
132766,4,1,0,0,214062,214063
132767,4,0,6,0,214064,214065
132768,16,0,0,0,214075,0
132769,16,0,0,0,214085,0
132770,4,0,0,0,214086,214087
132771,1,0,0,0,214112,214113
132772,1,0,0,0,214114,214115
132773,20,0,0,0,214151,0
132774,16,0,0,0,214152,0
132775,7,0,0,0,214180,214181
132776,11,0,0,0,214194,214195
132777,11,0,0,0,214196,214197
132778,11,1,0,0,214198,214199
132779,4,1,12,4,214240,214241
132780,4,0,12,4,0,214243
132781,10,1,12,4,214244,214245
132782,10,0,12,4,214246,214247
132783,1,0,0,0,214248,214249
132784,11,0,0,0,214252,214253
132785,11,0,0,0,214254,214255
132786,11,1,0,0,214256,214257
132787,11,1,0,0,214258,214259
132788,2,0,0,0,214262,214263
132789,2,0,0,0,214312,214313
132802,2,0,0,0,214359,214548
132805,2,0,0,0,214364,214549
132806,2,1,0,0,214365,214550
132807,2,1,0,0,214366,214551
132838,2,0,0,0,214530,214531
132839,2,1,0,0,214532,214533
132840,4,1,0,0,214535,214536
132841,4,1,0,0,214537,214538
132842,4,0,0,0,214539,214540
132843,4,0,0,0,214541,214542
132845,2,0,0,0,214690,214691
132846,2,1,0,0,214692,214693
132847,4,0,0,0,214694,214695
132848,4,0,0,4,214696,214697
132849,4,1,0,0,214698,214699
132850,4,1,0,0,214702,214703
132851,1,0,0,0,214711,214712
132852,1,0,0,0,214713,214714
132853,1,1,0,0,214715,214716
132854,1,1,0,0,214717,214718
132855,3,0,0,0,214719,214720
132856,3,0,0,0,214721,214722
132857,3,1,0,0,214723,214724
132858,3,1,0,0,214725,214727
132859,2,0,0,0,214726,214728
132860,11,0,0,0,214749,214750
132861,11,0,0,0,214751,214752
132862,11,1,0,0,214755,214756
132863,11,1,0,0,214757,214758
132864,2,0,0,0,214759,214760
132865,10,0,0,0,214761,214762
132866,10,0,0,0,214763,214764
132868,10,1,0,0,214766,214767
132869,10,1,0,0,214768,214769
132870,6,0,0,0,214777,214778
132871,6,0,0,0,214779,214780
132872,11,1,0,0,214781,214782
132873,6,1,0,0,214783,214784
132874,6,1,0,0,214785,214786
132875,4,0,0,0,214808,214809
132876,4,1,0,0,214810,214811
132877,4,0,0,0,214812,214813
132878,11,0,0,0,214842,214843
132881,2,0,0,0,214942,214943
132883,7,1,0,0,214957,214958
132884,3,1,0,0,214959,214960
132885,1,0,0,0,214961,214962
132886,4,0,0,0,214963,214964
132887,1,0,0,0,214980,214981
132888,3,0,0,0,214982,214983
132889,3,1,0,0,214984,214985
132890,1,1,0,0,214986,214987
132891,1,0,0,0,214998,214999
132892,6,0,0,0,215000,215001
132893,4,1,0,0,215095,215096
132894,4,0,0,0,215097,215098
132895,6,0,0,0,215099,215100
132896,6,0,0,0,215101,215102
132897,6,0,0,0,215103,215104
132898,6,0,0,0,215105,215106
132899,6,1,0,0,215107,215108
132900,6,1,0,0,215109,215110
132901,6,1,0,0,215111,215112
132902,6,1,0,0,215113,215114
132903,6,1,0,0,215115,215116
132904,6,0,0,0,215117,215118
132905,6,0,0,0,215119,215120
132906,1,0,0,0,215121,215122
132907,10,1,0,0,215135,215136
132908,3,0,0,0,215137,215138
132909,6,1,0,0,215232,215233
132910,6,0,0,0,215234,215235
132911,10,0,0,0,215236,215237
132912,10,1,0,0,215238,215259
132913,8,0,0,0,215239,215241
132914,1,0,0,0,215240,215242
132915,8,1,0,0,215243,215244
132916,5,0,0,0,215245,215246
132917,1,0,0,0,215247,215248
132918,1,0,0,0,215249,215250
132919,1,0,0,0,215251,215252
132920,1,1,0,0,215253,215254
132921,1,1,0,0,215255,215256
132922,1,1,0,0,215257,215258
132923,1,1,0,0,215260,215261
132924,3,0,0,0,215262,215263
132925,3,0,0,0,215264,215265
132926,3,0,0,0,215266,215267
132927,3,0,0,0,215268,215269
132928,3,1,0,0,215270,215271
132929,3,1,0,0,215273,215274
132930,3,1,0,0,215275,215276
132931,5,1,0,0,215277,215279
132932,3,1,0,0,215278,215280
132933,11,0,0,0,215281,215282
132934,11,0,0,0,215283,215284
132935,11,0,0,0,215285,215286
132936,11,0,0,0,215287,215288
132937,11,1,0,0,215289,215290
132938,11,1,0,0,215291,215292
132939,11,1,0,0,215293,215294
132940,11,1,0,0,215295,215296
132941,11,0,0,0,215309,215310
132942,11,0,0,0,215311,215312
132943,11,0,0,0,215313,215314
132944,11,0,0,0,215315,215316
132945,11,1,0,0,215317,215318
132946,11,1,0,0,215319,215320
132947,11,1,0,0,215321,215322
132948,11,1,0,0,215323,215324
132949,11,0,0,0,215325,215326
132950,11,0,0,0,215327,215328
132951,11,0,0,0,215329,215330
132952,11,0,0,0,215331,215332
132953,11,1,0,0,215333,215334
132954,11,1,0,0,215335,215336
132955,11,1,0,0,215337,215338
132956,11,1,0,0,215339,215340
132957,2,0,0,0,215341,215342
132958,2,1,0,0,215343,215344
132959,9,1,0,0,215346,0
132960,2,1,0,0,215347,215348
132961,4,1,0,0,215349,215350
132962,4,0,0,0,215351,215352
132963,4,1,0,0,215353,215354
132964,4,0,0,0,215357,215358
132965,4,1,0,0,215359,215360
132966,4,0,0,0,215361,215362
132967,4,1,0,0,215363,215364
132968,4,0,0,0,215365,215366
132969,4,0,0,0,215367,215368
132970,4,1,0,0,215384,215385
132971,4,1,0,0,215386,215387
132972,6,0,0,0,215388,215389
132973,4,1,0,0,215390,215392
132974,6,0,0,0,215391,215393
132975,1,0,0,0,215394,215395
132976,1,1,0,1,215396,215397
132977,4,0,0,0,215416,215417
132978,4,1,0,0,215418,215419
132979,4,1,0,0,215420,215421
132980,1,0,0,0,215422,215423
132981,4,0,0,0,215424,215425
132982,4,0,0,0,215426,215427
132983,4,1,0,0,215428,215429
132984,4,1,0,0,215430,215431
132985,6,0,0,0,215432,215433
132986,6,0,0,0,215434,215435
132987,6,0,0,0,215436,215437
132988,6,1,0,0,215438,215439
132989,6,1,0,0,215440,215441
132990,6,1,0,0,215442,215443
132991,4,1,0,0,215444,215445
132992,4,0,0,0,215466,215467
132993,10,1,0,0,215468,215469
132994,4,0,0,0,215470,215471
132995,1,0,0,0,215472,215473
132996,10,1,0,0,215474,215475
132997,4,0,0,0,215483,215484
132998,4,1,0,0,215485,215486
132999,2,0,0,0,215487,215488
133000,5,0,0,0,215489,215490
133001,6,0,0,0,215491,215492
133002,6,0,0,0,215493,215494
133003,6,0,0,0,215495,215496
133004,6,0,0,0,215497,215498
133005,6,1,0,0,215499,215500
133006,6,1,0,0,215501,215502
133007,6,1,0,0,215503,215504
133008,6,1,0,0,215505,215506
133009,4,0,0,0,0,215508
133010,6,0,0,0,215525,215526
133011,6,0,0,0,215527,215528
133012,6,0,0,0,215529,215530
133013,6,0,0,0,215531,215532
133014,6,1,0,0,215533,215534
133015,6,1,0,0,215535,215536
133016,6,1,0,0,215537,215538
133018,6,1,0,0,215541,215542
133019,5,0,0,0,215543,215544
133020,4,0,0,0,0,215546
133021,5,1,0,0,215547,215548
133022,5,1,0,0,215549,215550
133023,1,1,0,0,215561,215562
133024,3,0,0,0,215563,215564
133025,10,0,0,0,215565,215566
133026,4,1,0,0,215567,215568
133030,4,1,0,0,215575,215576
133031,5,0,0,0,215577,215578
133032,5,0,0,0,215579,215580
133033,5,1,0,0,215582,215583
133034,5,1,0,0,215584,215585
133036,3,1,0,0,215588,215589
133037,5,0,0,0,215590,215591
133038,11,0,0,0,215592,215593
133039,1,0,0,0,215594,215595
133040,10,0,0,0,215596,215597
133041,10,0,0,0,215598,215599
133042,10,1,0,0,215600,215601
133043,10,1,0,0,215602,215603
133044,11,0,0,0,215604,215605
133045,11,0,0,0,215606,215607
133046,11,1,0,0,215608,215609
133047,11,1,0,0,215610,215611
133048,6,0,0,0,215612,215613
133049,6,0,0,0,215614,215615
133050,6,1,0,0,215616,215617
133051,6,1,0,0,215618,215619
133052,11,0,0,0,215626,215627
133053,11,0,0,0,215628,215629
133054,11,1,0,0,215630,215631
133055,11,1,0,0,215632,215633
133056,6,0,0,0,215634,215635
133057,6,0,0,0,215636,215637
133058,6,1,0,0,215638,215639
133059,6,1,0,0,215640,215641
133061,10,0,0,0,215642,215643
133062,10,0,0,0,215644,215645
133063,10,1,0,0,215646,215647
133064,10,1,0,0,215648,215649
133065,11,0,0,0,215650,215651
133066,11,0,0,0,215652,215653
133067,11,1,0,0,215654,215655
133068,11,1,0,0,215656,215657
133069,6,0,0,0,215658,215659
133070,6,0,0,0,215660,215661
133071,6,1,0,0,215662,215663
133072,6,1,0,0,215664,215665
133073,4,1,0,0,215667,215668
133074,4,0,0,0,215669,215670
133075,1,0,0,0,215671,215672
133076,4,0,0,0,215673,215674
133077,4,1,0,0,215675,215676
133078,5,0,0,0,215689,215690
133079,5,0,0,0,215691,215692
133080,5,0,0,0,215693,215694
133081,5,1,0,0,215695,215696
133082,5,1,0,0,215697,215698
133083,1,1,0,0,215699,215700
133084,10,1,0,0,215701,215702
133085,7,1,0,0,215703,215704
133086,7,1,0,0,215705,215706
133087,1,0,0,0,215707,215708
133088,1,0,0,0,215709,215710
133089,1,0,0,0,215711,215712
133090,1,0,0,0,215713,215714
133091,1,1,0,0,215715,215716
133092,10,1,0,0,215717,215718
133093,10,0,0,0,215719,215720
133094,10,0,0,0,215721,215722
133095,7,0,0,0,215723,215724
133096,7,0,0,0,215725,215726
133097,1,0,0,0,215747,215748
133098,1,0,0,0,215749,215750
133099,3,0,0,0,215751,215752
133100,3,0,0,0,215753,215754
133101,3,1,0,0,215755,215756
133102,1,0,0,0,215757,215758
133103,1,0,0,0,215759,215760
133104,16,0,0,0,215761,0
133105,16,1,0,0,215762,0
133106,1,0,0,0,215883,215884
133107,1,1,0,0,215885,215886
133108,7,0,0,0,215887,215888
133109,7,1,0,0,215889,215890
133111,11,1,0,0,215903,215904
133112,7,1,0,0,215909,215910
133113,4,1,6,0,215911,215912
133114,11,0,0,0,215913,215914
133115,11,1,0,0,215915,215916
133116,3,0,0,0,215917,215918
133117,1,0,0,0,215919,215920
133118,11,1,0,0,215925,215926
133119,11,0,0,0,215927,215928
133120,11,0,0,0,215929,215930
133121,11,1,0,0,215931,215932
133122,11,1,0,0,215933,215934
133123,4,1,0,0,215935,215936
133124,5,0,0,0,215957,215958
133125,6,1,0,0,215959,215960
133126,4,0,6,0,215961,215962
133127,10,1,0,0,215963,215964
133128,1,0,0,0,215965,270855
133129,1,1,0,0,215966,215967
133130,10,0,0,0,215968,215969
133131,11,0,0,0,215970,215971
133133,11,0,0,0,215980,215981
133134,11,1,0,0,215982,215983
133135,11,1,0,0,215984,215985
133136,11,0,0,0,215986,215987
133137,11,0,0,0,215988,215989
133138,11,1,0,0,215990,215991
133139,11,1,0,0,215992,215993
133140,11,0,0,0,215994,215995
133141,11,0,0,0,216005,216006
133142,9,1,0,0,216022,0
133143,16,0,0,0,216039,0
133144,1,0,0,0,216040,216041
133145,16,0,0,0,216042,0
133146,16,0,0,0,216043,0
133147,16,0,0,0,216050,0
133148,16,0,0,0,216051,0
133149,16,0,0,0,216052,0
133150,16,0,0,0,216053,0
133151,16,0,0,0,216054,0
133152,16,0,0,0,216055,0
133153,16,0,0,0,216056,0
133154,16,0,0,0,216057,0
133155,16,0,0,0,216058,0
133156,16,0,0,0,216059,0
133157,16,0,0,0,216060,0
133158,16,0,0,0,216061,0
133159,16,0,0,0,216062,0
133160,16,0,0,0,216063,0
133161,16,0,0,0,216064,0
133162,16,0,0,0,216065,0
133163,7,0,0,0,216066,216067
133164,11,0,0,0,216076,216077
133165,11,0,0,0,216078,216079
133166,11,1,0,0,216080,216081
133167,11,1,0,0,216082,216083
133168,11,1,0,0,216096,216097
133169,11,0,0,0,216098,216099
133184,1,1,0,0,216130,216131
133185,5,0,0,0,216138,216139
133197,22,1,0,0,216170,0
133202,22,0,0,0,216177,0
133203,22,0,0,0,216178,0
133204,22,1,0,0,216196,0
133205,3,0,0,0,216197,216198
133206,3,0,0,0,216199,216200
133207,3,0,0,0,216203,216204
133208,5,0,0,0,216205,216206
133209,1,0,0,0,216207,216208
133210,3,1,0,0,216209,216210
133211,7,0,0,0,216211,216212
133212,4,1,0,0,216213,216214
133213,5,1,0,0,216215,216216
133214,5,0,0,0,216217,216218
133215,5,0,0,0,216219,216220
133216,7,0,0,0,216221,216222
133217,10,1,0,0,216236,216237
133218,2,1,0,0,216238,216239
133219,11,0,0,0,216242,216243
133222,1,1,0,0,216248,216249
133227,11,0,0,0,216257,216258
133236,4,1,0,0,216306,216307
133237,3,0,0,0,216308,216309
133238,3,0,0,0,216310,216311
133239,4,0,0,0,216312,216313
133240,2,1,0,0,216314,216315
133241,2,0,0,0,216316,216317
133242,2,1,0,0,216318,216319
133257,3,0,0,0,216462,216463
133258,1,1,0,0,216464,216465
133259,11,1,0,0,216466,216467
133260,3,1,0,0,216468,216469
133261,1,1,6,0,216590,216591
133262,11,0,0,0,216594,216595
133263,7,0,0,0,216596,216597
133264,1,1,0,0,216598,216599
133265,3,0,0,0,216600,216601
133266,1,1,0,0,216602,216603
133267,22,0,0,0,216604,0
133268,3,1,0,0,216605,216606
133269,10,1,0,0,216614,216615
133270,1,1,0,0,216616,216617
133271,10,1,0,0,216618,216619
133272,8,0,0,0,216620,216621
133273,4,0,0,0,216623,216624
133274,4,0,0,0,216625,216626
133275,2,0,0,0,216627,216628
133276,2,0,0,0,216629,216630
133277,22,1,0,0,216631,0
133278,11,0,0,0,216632,216633
133279,5,1,0,0,216634,216635
133280,11,1,0,0,216636,216637
133291,2,0,0,0,216657,216658
133293,6,1,0,0,216660,216661
133295,1,0,0,0,216663,216664
133296,8,1,0,0,216665,216666
133299,1,0,0,0,216671,216672
133300,1,1,0,0,216673,216674
133301,1,1,0,0,216675,216676
133302,3,0,0,0,216677,216678
133303,3,0,0,0,216679,216680
133304,3,1,0,0,216681,216682
133305,3,1,0,0,216683,216684
133306,11,0,0,0,216685,216686
133307,11,0,0,0,216687,216688
133308,11,1,0,0,216689,216690
133309,11,1,0,0,216691,216692
133310,10,0,0,0,216693,216694
133311,10,0,0,0,216695,216696
133313,24,0,0,0,216698,0
133314,10,1,0,0,216699,216700
133315,10,1,0,0,216701,216702
133316,6,0,0,0,216703,216704
133317,6,0,0,0,216705,216706
133318,6,1,0,0,216707,216708
133319,6,1,0,0,216709,216710
133320,1,0,0,0,216711,216712
133321,1,0,0,0,216713,216743
133322,1,1,0,0,216749,216750
133323,1,1,0,0,216751,216752
133324,3,0,0,0,216753,216754
133325,3,0,0,0,216770,216771
133326,3,1,0,0,216772,216773
133327,3,1,0,0,216774,216775
133328,11,0,0,0,216776,216777
133329,11,0,0,0,216778,216779
133330,11,1,0,0,216780,216781
133331,11,1,0,0,216782,216783
133332,10,0,0,0,216784,216785
133333,10,0,0,0,216786,216787
133334,10,1,0,0,216788,216789
133335,10,1,0,0,216790,216791
133336,6,0,0,0,216792,216793
133337,11,1,0,0,216794,216795
133338,6,0,0,0,216796,216797
133339,6,1,0,0,216798,216799
133340,6,1,0,0,216800,216801
133341,3,1,0,0,216802,216803
133342,20,0,0,0,216805,0
133343,4,1,0,0,216806,216807
133344,4,1,0,0,216808,216809
133345,7,1,0,0,216810,216811
133346,25,1,0,0,216812,0
133347,3,0,0,0,216813,216814
133348,3,1,0,0,216815,216816
133349,1,0,0,0,216817,216818
133350,1,1,0,0,216819,216820
133351,9,0,0,0,216837,0
133352,9,1,0,0,216838,0
133353,10,1,0,0,216839,216840
133354,10,1,0,0,216841,216842
133355,2,0,0,0,216843,216844
133356,2,0,0,0,216845,216846
133357,6,0,0,0,216952,216953
133358,6,1,0,0,216954,216955
133359,20,0,0,0,216956,0
133360,20,0,0,0,216959,0
133361,1,0,0,0,216961,216962
133362,22,0,0,0,216989,0
133363,5,0,0,0,217021,217022
133365,7,0,0,0,217030,217031
133366,4,1,0,0,217053,217054
133368,2,1,0,0,217099,217100
133369,4,0,0,0,217128,217129
133370,4,0,0,0,217130,217131
133371,4,1,0,0,217132,217133
133372,16,0,0,0,217138,0
133373,16,0,0,0,217140,0
133374,16,0,0,0,217141,0
133375,11,0,0,0,217142,217143
133376,2,0,0,0,217147,217148
133377,16,0,0,0,217152,0
133378,16,0,0,0,217156,0
133381,4,0,0,0,217203,217204
133382,15,0,0,0,217205,0
133383,2,0,0,0,217218,217219
133384,2,0,0,0,217267,217268
133385,4,0,0,0,217281,217282
133386,9,0,0,0,217283,0
133387,5,0,0,0,217284,217285
133388,20,0,0,0,217292,0
133389,10,1,0,0,217293,217294
133390,2,1,0,0,217295,217296
133391,11,0,0,0,217297,217298
133392,11,0,0,0,217299,217300
133393,11,0,0,0,217303,217304
133394,11,0,0,0,217305,217306
133395,4,0,0,0,217307,217308
133396,11,0,0,0,217309,217310
133397,11,0,0,0,217311,217312
133398,11,1,0,0,217317,217318
133399,11,1,0,0,217319,217320
133416,9,0,0,0,217381,0
133425,16,0,0,0,217398,0
133428,16,0,0,0,217402,0
133430,16,0,0,0,217405,0
133436,22,0,0,0,217415,0
133437,22,0,0,0,217416,0
133440,22,1,0,0,217456,0
133441,22,1,0,0,217457,0
133442,7,0,0,0,217458,217459
133443,11,0,0,0,217460,217461
133444,11,1,0,0,217462,217463
133445,11,0,0,0,217464,217465
133446,15,0,0,0,217466,0
133447,9,1,0,0,217467,0
133462,11,0,0,0,217493,217494
133463,11,0,0,0,217495,217496
133464,11,0,0,0,217497,217498
133465,11,0,0,0,217499,217500
133466,11,1,0,0,217518,217519
133467,2,1,0,0,217522,217523
133468,11,1,0,0,217551,217552
133469,11,0,0,0,217553,217554
133470,11,0,0,0,217555,217556
133471,11,1,0,0,217557,217558
133472,9,0,0,0,217559,0
133473,2,1,0,0,217595,217596
133475,2,0,0,0,217604,217605
133476,2,0,0,0,217682,217683
133477,2,0,0,0,217714,217715
133478,2,0,0,1,217725,217726
133479,2,1,0,1,217727,217728
133480,2,1,0,1,217729,217730
133481,2,0,0,1,217731,217732
133482,2,0,0,0,217737,217738
133483,2,0,0,0,217739,217740
133484,2,0,0,0,217741,217742
133485,2,0,0,0,217743,217744
133486,10,1,0,0,217764,217765
133487,16,0,0,0,217766,0
133489,9,1,0,0,217769,0
133490,9,1,0,0,217770,0
133491,9,1,0,0,217771,0
133508,4,1,0,0,0,217834
133509,4,0,0,0,217835,217836
133510,4,1,0,0,217837,217838
133511,4,0,0,0,0,217840
133512,1,0,6,0,217842,217843
133513,2,0,6,0,217844,217845
133514,8,1,6,0,217846,217847
133515,3,1,6,0,217848,217849
133522,11,0,0,0,217876,217877
133524,10,1,0,0,217924,217925
133525,2,0,0,0,217928,217929
133526,2,0,0,0,218046,218047
133527,2,1,0,0,218048,218049
133528,5,0,0,0,218051,218052
133529,4,1,0,0,218054,218055
133530,5,0,0,0,218063,218064
133531,5,0,0,0,218086,218087
133532,5,1,0,0,218088,218089
133533,5,1,0,0,218090,218091
133534,10,1,0,0,218098,218099
133535,5,0,0,0,218102,218103
133536,2,0,0,0,218104,218105
133537,1,1,0,0,218107,218108
133539,7,0,0,0,218155,218156
133540,7,0,0,0,218157,218158
133541,7,1,0,0,218159,218160
133542,4,0,0,0,218182,218183
133543,4,1,0,0,218184,218185
133544,4,1,0,0,218186,218187
133545,6,0,0,0,218189,218190
133546,4,1,0,0,218191,218192
133547,9,1,0,0,218203,0
133548,9,0,0,0,218224,0
133549,9,0,0,0,218227,0
133550,9,1,0,0,218230,0
133551,9,0,0,0,218231,0
133552,6,0,0,0,218247,218248
133567,10,1,0,0,218310,218311
133568,10,1,0,0,218333,218334
133569,10,1,0,0,218335,218336
133570,3,1,0,0,0,218343
133571,6,0,0,0,0,218348
133572,9,0,0,0,218349,0
133573,6,1,0,0,218350,218351
133574,6,1,0,0,218352,218353
133575,6,0,0,0,0,218355
133576,6,0,0,0,218371,218372
133577,22,0,0,0,218388,0
133578,22,0,0,0,218389,0
133579,22,1,0,0,218390,0
133580,22,1,0,0,218391,0
133581,22,0,0,0,218392,0
133582,22,0,0,0,218393,0
133583,22,1,0,0,218394,0
133584,22,1,0,0,218395,0
133585,22,0,0,0,218396,0
133586,22,0,0,0,218397,0
133587,22,1,0,0,218398,0
133588,22,1,0,0,218399,0
133589,4,1,0,0,218421,218422
133590,9,0,0,0,218423,0
133592,10,0,0,0,218444,218445
133593,2,1,0,0,218447,218448
133594,1,0,0,0,218449,218450
133595,1,0,0,0,218451,218452
133596,9,1,0,0,218453,0
133597,4,0,0,0,218501,218502
133598,4,1,0,0,218503,218504
133599,4,1,0,0,218505,218506
133600,4,1,0,0,0,218508
133601,6,0,0,0,218509,218510
133602,1,0,0,0,218511,218512
133603,3,0,0,0,218516,218517
133604,1,1,0,0,218518,218519
133605,1,0,0,0,218520,218521
133606,1,0,0,0,218522,218523
133607,1,0,0,0,218524,218525
133608,4,0,0,0,218526,218527
133609,1,0,0,0,218528,218529
133610,1,0,0,0,218530,218531
133611,1,0,0,0,218532,218533
133612,11,0,0,0,218534,218535
133613,1,1,0,0,218536,218537
133614,10,1,0,0,218538,218539
133615,10,0,6,0,218582,218583
133616,11,0,0,0,218584,218585
133617,10,1,6,0,218586,218587
133618,11,1,0,0,218588,218589
133619,11,1,0,0,218590,218591
133620,10,0,0,0,218592,218593
133621,11,1,0,0,218594,218595
133622,6,0,0,0,218596,218597
133623,2,0,0,0,218598,218599
133624,1,1,0,0,218600,218601
133625,11,1,0,0,218602,218603
133626,2,0,0,0,218604,218605
133627,11,1,0,0,218606,218607
133628,11,1,0,0,218608,218609
133629,8,0,0,0,218610,218611
133630,2,0,0,0,218612,218613
133631,10,1,0,0,218761,218762
133632,2,0,0,0,218776,218777
133633,5,1,0,0,218782,218783
133634,20,0,0,0,218784,0
133635,2,1,0,0,218785,218786
133636,25,1,0,0,218787,0
133637,2,1,0,0,218788,218789
133638,2,1,0,0,218790,218791
133639,2,1,0,0,218792,218793
133640,4,0,0,0,218794,218795
133641,2,0,0,0,218796,218797
133642,10,0,0,0,218798,218799
133643,2,0,0,0,218800,218801
133644,11,1,0,0,218802,218803
133645,11,0,0,0,218804,218805
133646,11,1,0,0,218806,218807
133647,11,0,0,0,218808,218809
133648,11,1,0,0,218811,218812
133649,11,0,0,0,218813,218814
133650,11,0,0,0,218815,218816
133651,11,1,0,0,218825,218826
133652,11,0,0,0,218827,218828
133653,11,0,0,0,218829,218830
133654,4,1,0,0,218842,218843
133655,4,1,0,0,218844,218845
133656,4,1,0,0,218846,218847
133657,4,1,0,0,218848,218849
133658,4,1,0,0,218850,218851
133659,4,1,0,0,218852,218853
133660,1,1,0,0,218854,218855
133661,4,0,0,0,218863,218864
133662,4,0,0,0,218865,218866
133663,4,0,0,0,218867,218868
133664,4,0,0,0,218869,218870
133665,11,0,0,0,218871,218872
133666,11,0,0,0,218873,218874
133667,11,1,0,0,218875,218876
133668,11,1,0,0,218877,218878
133669,3,1,0,0,218879,218880
133670,22,1,0,0,218881,0
133671,7,0,0,0,218882,218883
133672,11,1,0,0,218933,218934
133673,1,1,0,0,218936,218937
133688,11,1,0,0,218964,218965
133689,11,0,0,0,218966,218967
133690,11,0,0,0,218968,218969
133691,4,1,0,0,0,218973
133692,1,1,0,0,218992,218993
133693,1,0,0,0,218997,218998
133694,1,1,0,0,219072,219073
133695,4,1,0,0,219174,219175
133696,4,1,0,0,219176,219177
133697,4,0,6,0,219178,219179
133698,1,0,0,1,219180,219181
133699,11,1,0,0,219188,219189
133704,1,0,0,0,219197,219198
133715,1,1,0,0,219427,219428
133716,16,0,0,0,219429,0
133720,11,1,6,0,219477,219478
133721,11,1,6,0,219479,219480
133722,11,0,6,0,219481,219482
133723,11,0,6,0,219483,219484
133724,11,1,6,0,219492,219493
133725,11,0,6,0,219494,219495
133726,6,0,0,0,219524,219525
133727,4,1,6,0,219526,219527
133728,4,0,6,0,219528,219529
133729,3,0,0,0,219530,219531
133730,3,0,0,0,219532,219533
133731,11,1,6,0,219534,219535
133732,3,0,0,0,219536,219537
133733,4,1,6,0,219538,219539
133734,2,1,0,0,219567,219568
133735,2,1,0,0,219569,219570
133736,2,1,0,0,219571,219572
133737,4,0,0,0,219573,219574
133739,22,0,0,0,219620,0
133740,22,0,0,0,219621,0
133741,22,1,0,0,219622,0
133742,1,0,0,0,219646,219647
133743,5,0,0,0,0,219714
133744,5,0,0,0,219715,219716
133745,5,0,0,0,219717,219718
133747,4,1,0,0,0,219753
133748,6,1,0,0,219754,219755
133749,4,1,0,0,219756,219757
133750,2,1,0,0,219762,219763
133751,8,0,0,0,219764,219765
133752,7,1,0,0,219766,219767
133753,22,0,0,0,219768,0
133754,2,1,0,0,219769,219770
133755,2,1,0,0,219771,219772
133757,2,0,0,0,219777,219779
133769,4,1,6,0,219869,219870
133772,4,0,0,0,219873,219874
133775,4,0,0,0,219950,219951
133776,4,0,0,0,0,219953
133777,4,1,0,0,219954,219955
133778,4,1,0,0,219956,219957
133779,10,0,0,0,219967,219968
133780,10,0,0,0,219969,219970
133781,10,1,0,0,219971,219972
133782,10,1,0,0,219973,219974
133783,10,0,0,0,219975,219976
133784,10,0,0,0,219977,219978
133785,10,1,0,0,219979,219980
133786,10,1,0,0,219981,219982
133787,4,0,0,0,219983,219984
133788,4,0,0,0,0,219986
133789,4,1,0,0,219987,219988
133790,4,1,0,0,219989,219990
133791,1,0,0,0,219991,219992
133792,2,1,0,0,219993,219994
133793,11,1,0,0,220005,220006
133794,3,0,0,0,220028,220029
133795,11,0,0,0,220043,220044
133796,11,1,0,0,220045,220046
133797,4,0,6,0,0,220048
133798,4,1,0,0,0,220070
133799,4,0,0,0,220071,220072
133800,10,1,0,0,0,220074
133801,10,0,0,0,220097,220098
133802,10,0,0,0,220099,220100
133803,6,0,0,0,0,220102
133804,11,0,0,0,220217,220218
133805,1,0,0,0,220219,220220
133806,4,1,0,0,220221,220222
133807,4,1,0,0,220223,220224
133808,4,1,0,0,220225,220226
133809,4,1,0,0,0,220228
133810,4,1,0,0,0,220230
133811,4,1,0,0,0,220232
133812,4,0,0,0,220233,220234
133813,4,1,0,0,220235,220236
133814,4,0,0,0,220237,220238
133815,4,0,0,0,220254,220255
133816,4,0,0,0,220256,220257
133817,3,0,0,0,220258,220259
133818,3,0,0,0,220260,220261
133819,1,1,0,0,220284,220285
133820,3,0,0,0,220303,220304
133835,6,0,0,0,220440,220441
133836,2,0,0,0,220444,220445
133837,2,1,0,0,220446,220447
133838,2,1,0,0,220448,220449
133839,8,0,0,0,220484,220485
133840,2,1,0,0,220489,220490
133841,2,0,0,0,220491,220492
133842,2,0,0,0,220493,220494
133843,2,0,0,0,220495,220496
133844,1,1,0,0,220497,220498
133845,1,1,0,0,220499,220500
133846,1,0,0,0,220501,220502
133847,1,0,0,0,220503,220504
133848,1,0,0,0,220505,220506
133849,1,0,0,0,220507,220508
133850,1,0,0,0,220509,220510
133851,1,0,0,0,220511,220512
133852,1,1,0,0,220565,220566
133853,1,1,0,0,220567,220568
133855,1,0,0,0,220664,220665
133856,1,0,0,0,220666,220667
133857,1,1,0,0,220668,220669
133858,1,1,0,0,220671,220672
133859,1,1,0,0,220674,220675
133860,1,0,0,0,220683,220684
133861,1,0,0,0,220685,220686
133862,1,0,0,0,220687,220688
133863,1,0,0,0,220689,220690
133864,1,0,0,0,220691,220692
133879,1,0,0,0,220735,220736
133890,2,1,0,0,220756,220757
133892,2,0,0,0,220759,220760
133896,16,0,0,0,220790,0
133897,7,1,0,0,220822,220823
133898,11,1,0,0,220883,220884
133899,11,1,0,0,220885,220886
133900,11,0,0,0,220889,220890
133901,1,1,0,0,220971,220972
133902,1,1,6,0,220978,220979
133903,24,1,0,0,221011,0
133904,4,1,0,0,221078,221079
133905,2,0,0,0,221094,221095
133906,2,0,0,0,221096,221097
133907,4,1,0,0,221098,221099
133908,11,1,0,0,221108,221109
133909,2,0,0,0,221216,221217
133910,4,1,0,0,221246,221247
133911,4,0,0,0,221248,221249
133912,2,0,0,0,221267,221268
133913,11,1,0,0,221269,221270
133914,1,0,0,0,221287,221288
133915,1,0,0,0,221302,221303
133916,1,0,0,0,221304,221305
133917,1,0,0,0,221306,221307
133918,1,0,0,0,221308,221309
133919,1,1,0,0,221310,221311
133920,1,1,0,0,221312,221313
133921,16,0,0,0,221364,0
133922,1,0,0,0,221365,221366
133923,5,0,0,0,221368,221369
133924,5,1,0,0,221370,221371
133925,5,1,0,0,221372,221373
133926,2,1,0,0,221508,221509
133927,2,1,0,0,221510,221511
133928,10,1,0,0,0,221704
133929,10,1,0,0,221705,221706
133930,5,0,0,0,221848,221849
133931,5,1,0,0,221850,221851
133932,5,1,0,0,221852,221853
133933,5,0,0,0,221854,221855
133934,5,1,0,0,221856,221857
133935,5,1,0,0,221858,221859
133936,5,0,0,0,221860,221861
133937,5,1,0,0,221862,221863
133938,5,1,0,0,221864,221865
133940,16,0,0,0,221897,0
133941,9,1,0,0,221967,0
133942,9,1,0,0,221968,0
133943,9,0,0,0,221969,0
133944,9,0,0,0,221970,0
133945,10,1,0,0,221971,221972
133946,10,1,0,0,221973,221974
133947,10,0,0,0,221975,221976
133948,10,0,0,0,221977,221978
133949,5,0,0,0,221979,221980
133950,5,0,0,0,221981,221982
133951,5,1,0,0,221983,221984
133952,5,1,0,0,221985,221986
133954,8,0,0,0,221989,221990
133955,8,0,0,0,221991,221992
133956,8,1,0,0,221993,221994
133957,8,1,0,0,221995,221996
133958,1,1,0,0,222036,222037
133959,1,1,0,0,222038,222039
133960,1,0,0,0,222040,222041
133961,1,0,0,0,222042,222043
133962,7,1,0,0,222044,222045
133963,10,1,12,0,0,222092
133964,7,1,6,0,222106,222107
133965,7,0,0,0,222108,222109
133966,7,0,0,0,222110,222111
133967,1,0,0,0,222118,222119
133968,22,0,0,0,222120,0
133969,5,0,0,0,222121,222122
133971,10,1,0,0,222248,222249
133972,11,0,0,0,222250,222251
133973,11,1,0,0,222252,222253
134004,6,0,0,0,222459,222460
134005,10,0,0,0,222503,222504
134006,10,0,0,0,222505,222506
134007,4,1,0,0,222516,222517
134008,4,0,0,0,222518,222519
134009,4,0,0,0,222520,222521
134010,1,0,0,0,222522,222523
134011,4,1,0,0,222536,222537
134012,4,0,0,0,222538,222539
134013,4,0,0,0,222542,222543
134014,4,0,0,0,222544,222545
134015,4,0,0,0,222546,222547
134016,4,0,0,0,222549,222550
134017,4,0,0,0,222551,222552
134018,4,0,0,0,222556,222557
134019,1,0,0,0,222559,222560
134020,2,0,0,2,222589,222590
134021,10,1,0,0,0,222688
134022,10,0,12,0,222689,222690
134023,10,0,12,0,222691,222692
134024,4,0,12,0,0,222694
134025,4,1,12,0,222695,222696
134027,11,1,0,0,222739,222740
134028,11,1,0,0,222741,222742
134029,11,0,0,0,222743,222744
134030,11,1,0,0,222745,222746
134031,1,0,0,0,222747,222748
134032,11,0,0,0,222768,222769
134033,9,1,0,0,222779,0
134034,9,1,0,0,222780,0
134035,4,1,0,0,222781,222782
134036,4,1,0,0,222783,222784
134037,4,1,0,0,222785,222786
134038,4,1,0,0,222787,222788
134039,6,0,0,0,222796,222797
134040,6,0,0,0,222798,222799
134041,6,1,0,0,222800,222801
134042,6,0,0,0,222802,222803
134043,6,1,0,0,222804,222805
134044,4,0,0,0,222806,222807
134045,4,0,0,0,222808,222809
134046,4,0,0,0,222810,222811
134047,4,0,0,0,222812,222813
134048,9,1,0,0,222814,0
134049,2,1,0,0,222873,222874
134050,2,0,0,0,222875,222876
134051,11,1,0,0,222891,222892
134052,11,0,0,0,222896,222897
134053,11,0,0,0,222898,222899
134054,11,0,0,0,222900,222901
134055,11,1,0,0,222902,222903
134056,4,1,6,0,222908,222909
134057,4,1,0,0,222972,222973
134058,4,0,0,0,222974,222975
134059,16,0,0,0,222980,0
134064,2,1,0,0,223006,223007
134065,2,0,0,0,223008,223009
134066,10,1,0,0,223010,223011
134067,10,1,0,0,223012,223013
134068,10,1,0,0,223014,223015
134069,11,0,0,0,223032,223033
134070,11,1,0,0,223034,223035
134071,3,1,0,0,223036,223309
134072,1,1,0,0,223037,223038
134077,4,0,0,0,223206,223207
134078,9,1,0,0,223223,0
134080,9,0,0,0,223226,0
134082,2,0,0,0,223263,223264
134084,9,0,0,0,223333,0
134100,1,0,0,0,223369,223370
134102,6,1,0,0,223385,223386
134103,3,1,0,0,223392,223393
134104,9,1,6,0,223394,0
134105,9,0,0,0,223395,0
134107,3,0,0,0,223399,223400
134108,3,0,0,0,223401,223402
134110,6,1,0,0,223442,223443
134111,5,1,0,0,223444,223445
134112,3,0,6,0,223446,223447
134115,1,0,0,0,223476,223477
134116,1,0,0,0,223478,223479
134132,3,0,0,0,223613,223614
134133,2,0,0,0,223691,223692
134135,4,0,0,0,223728,223729
134137,8,0,0,0,223734,223735
134142,1,0,0,0,223775,223776
134159,6,0,0,0,223837,223838
134160,11,1,0,0,223839,223840
134161,7,1,0,0,223856,223857
134162,9,1,0,0,223858,0
134163,13,0,0,0,224159,0
134164,16,0,0,0,224243,0
134165,16,0,0,0,224251,0
134167,16,0,0,0,224264,0
134169,7,1,0,0,224267,224268
134179,11,1,0,0,224286,224287
134181,11,0,0,0,224289,224290
134183,11,1,0,0,224292,224293
134184,11,0,0,0,224294,224295
134190,1,0,0,0,224306,224307
134191,10,1,0,0,224339,224340
134193,6,1,0,0,224347,224348
134194,6,1,0,0,224349,224350
134195,2,0,0,0,224365,224366
134196,1,0,0,0,224379,224380
134197,2,0,0,0,224386,224387
134198,2,0,0,0,224388,224389
134199,24,1,0,0,224390,0
134200,1,0,0,0,224397,224398
134201,5,0,0,0,224399,224400
134202,2,0,0,0,224403,224404
134203,2,1,0,0,224412,224413
134204,6,0,0,0,224414,224415
134205,2,0,0,0,224416,224417
134206,2,1,0,0,224418,224419
134207,4,0,0,0,224455,224456
134208,9,0,0,0,224458,0
134209,9,1,0,0,224459,0
134210,1,1,0,0,0,224461
134211,1,0,0,0,0,224463
134212,4,1,0,0,0,224465
134213,3,0,0,0,0,224467
134214,3,1,0,0,0,224469
134215,3,1,0,0,0,224471
134216,3,1,0,0,0,224473
134217,3,1,0,0,0,224475
134218,3,0,0,0,0,224477
134219,3,0,0,0,0,224479
134220,1,1,0,0,0,224481
134221,1,0,0,0,0,224483
134222,7,1,0,0,0,224486
134223,7,1,0,0,0,224488
134224,7,1,0,0,0,224490
134225,7,0,0,0,0,224492
134226,7,0,0,0,0,224494
134227,7,0,0,0,0,224496
134228,6,0,0,0,224497,224498
134229,11,0,0,0,0,224500
134230,11,0,0,0,0,224502
134231,11,0,0,0,0,224504
134232,11,1,0,0,0,224506
134233,11,1,0,0,0,224508
134234,11,1,0,0,0,224510
134235,22,0,0,0,224511,0
134236,22,0,6,0,224512,0
134237,22,0,0,0,224532,0
134238,24,0,0,0,224536,0
134239,24,0,0,0,224537,0
134240,24,0,0,0,224538,0
134241,24,1,0,0,224539,0
134242,24,1,0,0,224540,0
134243,24,1,0,0,224541,0
134244,24,0,0,0,224542,0
134245,24,0,0,0,224543,0
134246,24,0,0,0,224544,0
134247,24,1,0,0,224545,0
134248,24,1,0,0,224546,0
134249,24,1,0,0,224547,0
134250,1,1,6,0,224548,224549
134251,3,1,6,0,0,224551
134252,4,0,6,0,0,224553
134253,11,0,0,0,224554,224555
134254,9,0,0,0,224556,0
134255,3,1,0,0,0,224558
134256,3,1,0,0,0,224560
134257,3,0,0,0,0,224562
134258,3,0,0,0,0,224564
134259,24,0,0,0,224565,0
134260,24,1,0,0,224566,0
134261,2,0,0,0,224567,224568
134262,2,1,0,0,224569,224570
134263,1,0,0,0,224571,224572
134264,9,1,0,0,224573,0
134265,1,0,0,0,224574,224575
134266,5,1,0,0,224576,224577
134267,2,0,0,0,224578,224579
134268,1,0,0,0,224580,224581
134269,3,0,0,0,224602,224603
134270,16,0,0,0,224604,0
134271,7,1,0,0,224729,224730
134273,11,1,0,0,224732,224733
134274,7,1,0,0,224734,224735
134275,11,0,0,0,224736,224737
134276,11,1,0,0,224738,224739
134277,11,0,0,0,224740,224741
134278,9,0,0,0,224745,0
134279,6,1,0,0,224746,224747
134280,9,0,0,0,224748,0
134282,1,1,0,0,224750,224751
134283,7,0,0,0,224752,224753
134284,4,0,0,0,224834,224835
134285,7,0,0,0,0,224843
134286,7,0,0,0,0,224845
134287,7,1,0,0,224846,224847
134288,7,1,0,0,224848,224849
134290,7,0,0,0,0,224870
134291,14,0,0,0,224871,0
134292,1,0,0,0,0,224873
134293,8,0,0,0,224875,224876
134296,20,0,0,0,225005,0
134297,20,0,0,0,225006,0
134298,20,0,0,0,225007,0
134299,20,0,0,0,225008,0
134300,6,0,0,0,225015,225016
134301,6,0,0,0,225017,225018
134302,6,0,0,0,225019,225020
134318,11,0,0,0,225213,225214
134319,9,0,0,0,225345,0
134320,9,0,0,0,225346,0
134321,9,1,0,0,225347,0
134322,9,1,0,0,225348,0
134323,2,1,0,0,225349,225350
134324,4,0,6,0,225353,225354
134339,9,1,0,0,225381,0
134340,2,0,0,0,0,225383
134341,2,0,0,0,0,225385
134342,2,1,0,0,0,225387
134343,2,1,0,0,0,225389
134344,6,0,0,0,0,225391
134345,6,0,0,0,0,225393
134346,6,1,0,0,0,225395
134347,6,1,0,0,0,225397
134348,8,0,0,0,0,225401
134349,8,0,0,0,225402,225403
134350,8,1,0,0,225404,225405
134351,8,1,0,0,0,225407
134352,5,0,0,0,225408,225409
134353,5,0,0,0,0,225411
134354,5,1,0,0,225412,225413
134355,5,1,0,0,0,225415
134356,10,0,0,0,225416,225417
134357,10,0,0,0,0,225419
134358,10,1,0,0,225420,225421
134359,10,1,0,0,0,225423
134360,9,0,0,0,225424,0
134361,9,0,0,0,225425,0
134362,9,1,0,0,225426,0
134363,9,1,0,0,225427,0
134364,24,0,0,0,225428,0
134365,11,0,0,0,225429,225430
134366,24,0,0,0,225431,0
134367,24,1,0,0,225432,0
134368,24,1,0,0,225433,0
134369,24,0,0,0,225434,0
134370,24,1,0,0,225435,0
134371,10,0,6,0,225436,225437
134372,2,0,6,0,0,225439
134373,5,1,0,0,225465,225466
134374,8,1,0,0,225467,225468
134375,8,0,0,0,225469,225470
134376,8,0,0,0,0,225475
134377,8,1,0,0,225476,225477
134378,8,1,0,0,0,225479
134380,3,1,0,0,225517,225518
134381,6,1,0,0,225566,225567
134382,1,0,0,0,225587,225588
134383,6,1,0,0,225589,225590
134384,6,0,0,0,225601,225602
134385,10,0,0,4,225644,225645
134386,6,0,0,4,225672,225673
134387,10,1,0,0,225674,225675
134388,10,0,6,0,225682,225683
134389,10,0,0,0,225684,225685
134390,10,0,0,0,225686,225687
134391,4,1,0,0,225688,225689
134392,10,1,6,0,225841,225842
134393,1,0,0,0,225843,225844
134394,16,0,0,0,225845,0
134395,16,0,0,0,225846,0
134396,16,0,0,0,225847,0
134397,11,1,0,0,225848,225849
134398,11,1,0,0,225850,225851
134399,11,0,0,0,225852,225853
134400,11,0,0,0,225854,225855
134401,10,1,6,0,225856,225857
134402,1,0,0,0,0,225859
134403,10,0,6,0,225860,225861
134406,5,1,0,0,225862,225863
134407,6,0,6,0,225864,225865
134408,8,0,0,0,225895,225896
134421,6,1,0,4,225955,225956
134422,9,0,0,0,225957,0
134423,1,0,0,0,225964,225965
134424,1,1,0,0,225966,225967
134425,22,0,0,0,225996,0
134426,4,0,0,0,226056,226057
134427,5,0,0,0,226058,226059
134428,9,0,0,0,226060,0
134429,9,0,0,0,226061,0
134430,24,0,0,0,226062,0
134431,10,0,0,0,0,226064
134432,24,0,0,0,226065,0
134433,2,0,0,0,226066,226067
134434,8,1,0,0,226068,226069
134435,24,0,0,0,226071,0
134436,10,1,0,0,226074,226075
134452,10,0,0,0,226125,226126
134453,22,0,0,0,226127,0
134454,4,1,12,0,0,226129
134455,9,0,0,0,226130,0
134456,8,1,0,0,226131,226132
134457,1,1,0,0,0,226134
134458,22,1,0,0,226135,0
134459,1,0,0,0,226136,226137
134474,3,0,0,0,226184,226185
134489,1,1,0,0,226211,226212
134490,1,0,0,0,226230,226231
134491,11,0,0,0,226232,226233
134492,11,1,0,0,226234,226235
134493,20,0,0,0,226237,0
134494,20,0,0,0,226238,0
134495,1,0,0,0,226258,226259
134497,22,0,0,0,226262,0
134498,8,0,6,0,226288,226289
134499,1,0,6,0,226291,226292
134500,3,0,0,0,226293,226294
134501,3,1,0,0,226295,226296
134502,4,1,0,0,226297,226298
134507,2,0,6,0,226307,226308
134511,4,0,0,0,0,226315
134515,6,1,0,0,226322,226323
134517,7,1,0,0,226325,226326
134519,5,0,0,0,226328,226329
134520,11,1,0,0,226330,226331
134523,8,0,0,0,226336,226337
134524,2,1,0,0,226338,226339
134525,8,1,0,0,226340,226341
134526,1,0,0,0,226342,226343
134527,5,1,0,0,226344,226345
134528,5,1,0,0,226346,226347
134529,10,1,0,0,226348,226349
134530,2,0,0,0,226350,226351
134531,7,0,0,0,226357,226358
134532,1,1,0,0,226359,226360
134533,10,0,0,0,226361,226362
134534,7,0,0,0,226363,226364
134535,7,0,0,0,226365,226366
134537,3,0,0,0,226369,226370
134538,1,1,0,0,226459,226460
134540,11,1,0,0,226515,226516
134541,10,1,0,0,226517,226518
134542,10,0,0,0,226519,226520
134543,1,1,0,0,226521,226522
134544,1,0,0,0,226523,226524
134545,1,1,0,1,226526,226527
134546,2,1,0,0,226528,226529
134547,9,1,0,0,226545,0
134548,7,1,0,0,226546,226547
134549,2,1,0,0,226578,226579
134550,10,1,0,0,226581,226582
134551,9,0,0,0,226583,0
134552,6,0,0,0,226584,226585
134553,10,0,0,0,226586,226587
134554,2,0,0,0,226588,226589
134555,1,0,0,0,226603,226604
134556,2,1,0,0,226605,226606
134557,4,1,0,0,226607,226608
134558,4,0,0,0,226609,226610
134559,4,0,0,0,226611,226612
134560,4,0,0,0,226613,226614
134561,4,0,0,0,226647,226648
134562,4,1,0,0,226649,226650
134563,4,1,0,0,226651,226652
134564,4,1,0,0,226653,226654
134565,4,1,0,0,226655,226656
134566,4,0,6,0,226657,226658
134567,16,0,0,0,226670,0
134568,6,0,0,0,226672,226673
134569,16,0,0,0,226691,0
134570,11,1,0,0,226692,226693
134571,7,1,0,0,0,226695
134572,11,1,0,0,226696,226697
134573,11,1,0,0,226698,226699
134574,11,1,0,0,226700,226701
134575,11,1,0,0,226702,226703
134576,11,1,0,0,226704,226705
134577,11,0,0,0,226706,226707
134578,11,0,0,0,226708,226709
134579,11,0,0,0,226710,226711
134580,11,0,0,0,226712,226713
134581,11,0,0,0,226714,226715
134582,11,0,0,0,226716,226717
134583,1,0,0,0,226730,226731
134584,1,0,0,0,226732,226733
134585,1,0,0,0,226734,226735
134586,1,0,0,0,226736,226737
134587,1,1,0,0,226738,226739
134588,1,1,0,0,226740,226741
134589,1,1,0,0,226742,226743
134590,1,1,0,0,226744,226745
134591,1,1,0,0,226746,226747
134592,1,1,0,0,226748,226749
134593,1,1,0,0,226750,226751
134594,1,0,0,0,226752,226753
134595,1,0,0,0,226754,226755
134596,7,0,0,0,226756,226757
134597,4,1,0,0,226763,226764
134598,4,1,0,0,226765,226766
134599,4,1,0,0,226767,226768
134600,4,1,0,0,226769,226770
134601,4,1,0,0,226771,226772
134602,4,1,0,0,226773,226774
134603,4,1,0,0,226775,226776
134604,10,1,0,0,226777,226778
134605,10,1,0,0,226779,226780
134606,10,1,0,0,226781,226782
134607,10,1,0,0,226783,226784
134608,5,0,0,0,226816,226817
134609,10,1,12,0,226818,226819
134610,4,0,12,0,226820,226821
134611,10,0,0,0,226822,226823
134612,10,0,0,0,226824,226825
134613,10,0,0,0,226826,226827
134614,10,0,0,0,226828,226829
134615,10,1,0,0,226830,226831
134616,10,1,0,0,226832,226833
134617,10,0,0,0,226834,226835
134618,10,0,0,0,226836,226837
134619,7,0,0,0,226838,226839
134620,5,0,0,0,226840,226841
134621,3,0,0,0,226847,226848
134622,24,1,0,0,226849,0
134623,24,1,0,0,226850,0
134624,24,0,0,0,226851,0
134625,24,0,0,0,226852,0
134626,5,0,0,0,226853,226854
134627,8,1,0,0,226855,226856
134629,8,1,0,0,226859,226860
134630,8,0,0,0,226861,226862
134631,8,0,0,0,226863,226864
134632,1,0,0,0,226869,226870
134633,6,0,0,4,226993,226994
134634,6,1,0,0,226995,226996
134635,6,1,0,0,226997,226998
134636,6,0,0,0,226999,227000
134637,6,0,0,0,227001,227002
134638,6,0,0,4,227003,227004
134639,6,1,0,4,227005,227006
134640,6,0,0,4,227007,227008
134641,6,1,0,4,227009,227010
134642,6,1,0,0,227011,227012
134645,6,0,0,0,227020,227021
134646,1,1,0,4,227022,227023
134647,5,0,0,0,227024,227025
134648,5,0,0,0,227026,227027
134649,5,1,0,0,227028,227029
134650,5,1,0,0,227030,227031
134651,5,1,0,0,227032,227033
134652,5,0,0,0,227034,227035
134653,3,0,0,0,227036,227037
134654,3,0,0,0,227038,227039
134655,3,1,0,0,227040,227041
134656,3,1,0,0,227042,227043
134657,3,0,0,0,227044,227045
134658,3,1,0,0,227046,227047
134659,6,1,0,0,227048,227049
134660,6,0,0,4,227050,227051
134661,1,0,0,0,227052,227053
134662,1,0,0,0,227054,227055
134663,1,1,0,0,227056,227057
134664,1,1,0,0,227058,227059
134665,24,0,0,0,227060,0
134666,6,0,0,0,227078,227079
134667,3,1,0,0,227080,227081
134668,3,1,0,0,227082,227083
134669,3,0,0,0,227084,227085
134670,3,0,0,0,227086,227087
134671,6,0,0,4,227088,227089
134672,6,1,0,0,227090,227091
134673,6,1,0,0,227092,227093
134674,6,0,0,0,227094,227095
134675,6,0,0,0,227096,227097
134676,6,0,0,0,227098,227099
134677,6,1,0,0,227100,227101
134678,6,0,0,4,0,227103
134679,6,0,0,4,227104,227105
134680,6,1,0,0,227106,227107
134681,6,1,0,0,227108,227109
134682,6,0,0,4,227110,227111
134683,6,0,0,4,227112,227113
134684,22,0,0,0,227114,0
134685,6,0,0,0,227115,227116
134686,6,1,0,0,227117,227118
134687,6,0,0,0,0,227120
134688,2,0,0,0,227121,227122
134689,6,0,0,0,227123,227124
134690,6,0,0,0,227125,227126
134691,6,1,0,0,227127,227128
134692,6,1,0,0,227129,227130
134693,6,0,0,0,227140,227141
134694,6,1,0,0,227142,227143
134695,6,0,0,0,227144,227145
134696,6,0,0,0,227146,227147
134697,6,1,0,0,227148,227149
134698,6,1,0,0,227150,227151
134699,6,0,0,0,227164,227165
134700,1,1,0,0,227172,227173
134701,3,1,0,0,227243,227244
134702,6,0,0,0,227248,227249
134703,16,0,0,0,227250,0
134704,4,0,12,0,227251,227252
134705,11,1,0,0,0,227253
134706,11,1,0,0,227435,227436
134707,11,0,0,0,227437,227438
134708,6,0,0,4,227455,227456
134709,1,0,0,0,227458,227459
134710,4,0,0,0,0,227461
134711,4,0,0,0,0,227463
134712,4,1,0,0,0,227465
134713,4,1,0,0,0,227467
134714,6,0,0,0,227468,227469
134715,6,0,0,0,227470,227471
134716,6,1,0,0,227472,227473
134717,6,1,0,0,227474,227475
134718,8,0,0,0,227476,227477
134719,8,0,0,0,227478,227479
134720,8,1,0,0,227480,227481
134721,8,1,0,0,227482,227483
134722,22,0,0,0,227484,0
134723,22,0,0,0,227485,0
134724,22,1,0,0,227486,0
134725,22,1,0,0,227487,0
134726,4,0,0,0,227489,227490
134727,4,0,0,0,227491,227492
134728,4,1,0,0,227516,227517
134729,4,1,0,0,227518,227519
134730,6,0,0,0,227530,227531
134731,6,0,0,0,227532,227533
134732,6,1,0,0,227534,227535
134733,6,1,0,0,227536,227537
134734,8,0,0,0,227538,227539
134735,8,0,0,0,227540,227541
134736,8,1,0,0,227542,227543
134737,8,1,0,0,227544,227545
134738,22,0,0,0,227546,0
134739,22,0,6,0,227547,0
134740,22,1,0,0,227548,0
134741,22,1,0,0,227549,0
134742,4,0,0,0,227557,227558
134743,4,0,0,0,227559,227560
134744,4,1,0,0,0,227562
134745,4,1,0,0,227563,227564
134746,6,0,0,0,227570,227571
134747,6,0,0,0,227574,227575
134748,6,1,0,0,0,227577
134749,6,1,0,0,227578,227579
134750,8,0,0,0,227580,227581
134751,8,0,0,0,227582,227583
134752,8,1,0,0,227617,227618
134753,8,1,0,0,227619,227620
134754,22,0,0,0,227621,0
134755,22,0,0,0,227622,0
134756,22,1,0,0,227623,0
134757,22,1,0,0,227624,0
134758,4,0,0,0,0,227629
134759,4,0,0,0,0,227631
134760,4,1,0,0,0,227633
134761,4,1,0,0,0,227635
134762,6,0,0,0,0,227637
134763,6,0,0,0,0,227639
134764,6,1,0,0,0,227641
134765,6,1,0,0,0,227643
134766,8,0,0,0,0,227645
134767,8,0,0,0,0,227647
134768,8,1,0,0,0,227649
134769,8,1,0,0,0,227656
134770,22,0,0,0,227657,0
134771,22,0,0,0,227658,0
134772,22,1,0,0,227659,0
134773,22,1,0,0,227660,0
134774,2,0,0,0,227661,227662
134775,4,1,0,0,227663,227664
134776,9,1,0,0,227665,0
134777,5,0,0,0,227666,227667
134778,22,0,0,0,227668,0
134779,28,0,0,0,227669,0
134780,22,0,0,0,227670,0
134781,4,0,0,0,227671,227672
134782,6,0,0,4,227674,227675
134798,2,0,0,0,227734,227735
134799,5,0,0,0,227736,227737
134800,5,0,0,0,227738,227739
134801,5,1,0,0,227740,227741
134802,5,1,0,0,227742,227743
134803,5,1,0,0,227744,227745
134804,9,1,0,0,227746,0
134805,8,0,0,0,227747,227748
134806,10,0,0,0,227749,227750
134807,4,1,0,0,227844,227845
134808,1,0,0,0,227878,227879
134809,4,1,0,0,227882,227883
134811,12,0,0,0,227886,0
134812,10,0,0,0,227921,227922
134813,11,0,0,0,227923,227924
134814,6,0,0,0,227925,227926
134815,4,0,0,0,227927,227928
134816,6,1,0,0,227988,227989
134817,1,0,0,0,227990,227991
134818,4,1,0,0,227992,227993
134819,11,1,0,0,228012,228013
134820,4,0,0,0,228025,228026
134821,6,0,0,0,228034,228035
134822,6,0,0,0,228036,228037
134823,6,0,0,0,228038,228039
134824,6,0,0,0,228040,228041
134825,1,0,0,0,228042,228043
134826,1,1,0,0,228125,228126
134827,22,0,0,0,228127,0
134828,4,1,6,4,228196,228197
134830,24,1,0,0,228295,0
134831,24,0,0,0,228302,0
134832,24,0,0,0,228305,0
134836,3,0,0,0,228540,228543
134837,4,0,0,4,228689,228690
134838,3,1,0,0,228691,228692
134840,6,1,0,0,228987,228988
134841,6,1,0,0,229110,229111
134842,6,0,0,0,229112,229113
134843,6,0,0,4,229114,229115
134845,2,0,0,1,229125,229126
134846,4,0,0,4,229206,229207
134847,4,0,0,4,229240,229251
134848,4,0,0,4,229252,229253
134849,2,0,0,0,229259,229260
134850,2,0,0,0,229261,229262
134851,4,0,0,0,229263,229264
134852,2,0,0,0,229332,229333
134853,6,0,0,0,229334,229335
134854,16,0,0,0,229350,0
134855,1,1,0,4,229365,229366
134856,16,0,0,0,229369,0
134857,16,0,0,0,229370,0
134858,16,0,0,0,229371,0
134859,16,0,0,0,229372,0
134860,16,0,0,0,229387,0
134861,16,0,0,0,229388,0
134862,4,0,0,4,229395,229396
134863,6,0,0,0,229412,229413
134864,6,0,0,0,229414,229415
134865,6,1,0,0,229416,229417
134866,6,1,0,0,229418,229419
134867,6,0,0,0,229429,229430
134868,6,0,0,0,229433,229434
134869,6,1,0,0,229435,229437
134870,4,1,0,4,229436,229438
134875,7,0,0,0,0,229479
134877,9,0,0,0,229566,0
134893,9,0,0,0,229606,0
134894,9,1,0,0,229607,0
134895,9,0,0,0,229608,0
134896,9,1,0,0,229609,0
134897,20,0,0,0,229616,0
134898,9,1,0,0,229617,0
134900,7,0,0,0,229621,229622
134901,6,0,0,0,229623,229624
134902,11,0,0,0,229629,229630
134903,11,1,0,0,229631,229632
134904,2,0,0,1,229633,229634
134905,2,0,0,0,229635,229636
134906,2,0,0,0,229637,229638
134907,2,0,0,0,229639,229640
134908,2,0,0,0,229641,229642
134909,6,0,0,4,229643,229644
134910,6,0,0,4,229645,229646
134911,6,1,0,4,229647,229648
134924,4,1,0,0,229704,229705
134927,9,0,0,0,229737,0
134928,5,0,0,0,229738,229739
134929,1,1,0,0,229756,229757
134930,1,1,0,4,229776,229777
134931,4,0,0,0,229778,229779
134932,4,1,0,0,229780,229781
134933,4,0,0,4,229783,229784
134934,6,1,0,0,229785,229786
134935,8,0,0,0,229809,229810
134936,1,1,0,0,229811,229812
134937,1,0,0,0,229814,229815
134938,2,0,0,4,229817,229818
134939,6,0,0,0,229819,229820
134940,6,0,0,0,229821,229822
134941,10,1,6,4,229823,229824
134942,4,1,0,0,229837,229838
134943,22,0,0,0,229839,0
134944,7,0,0,0,229840,229841
134945,4,1,0,0,229846,229847
134946,10,0,0,0,229854,229855
134947,6,0,0,0,229872,229873
134948,6,0,0,0,229874,229875
134949,6,1,0,4,229876,229877
134950,9,0,0,0,229931,0
134951,9,0,0,0,229932,0
134952,9,1,0,0,229933,0
134953,9,1,0,0,229934,0
134954,6,0,0,4,229964,229965
134955,6,0,0,4,229966,229967
134956,6,0,0,4,229968,229969
134957,10,1,6,0,229970,229971
134958,6,0,0,0,230060,230061
134959,24,0,0,0,230063,0
134960,6,1,0,4,230066,230067
134961,6,0,0,4,230068,230069
134962,4,1,0,0,230070,230071
134964,6,1,0,4,230074,230075
134965,3,0,0,0,230076,230077
134966,6,0,0,0,230078,230079
134967,4,0,0,4,230080,230081
134968,1,0,0,0,230082,230083
134969,10,1,0,0,230084,230085
134970,2,1,0,0,230086,230087
134971,4,0,0,0,230088,230089
134972,24,0,0,0,230090,0
134973,24,1,0,0,230095,0
134974,1,1,0,0,230096,230297
134975,6,0,0,0,230111,230112
134976,6,1,0,4,230126,230127
134977,6,1,0,0,230128,230129
134978,6,1,0,4,230130,230131
134979,6,0,0,0,230132,230133
134980,6,1,0,4,230134,230135
134981,6,1,0,4,230136,230137
134982,4,0,0,0,230138,230139
134983,24,0,0,0,230178,0
134985,13,0,0,0,230181,0
134986,13,1,0,0,230182,0
134987,6,1,0,0,230183,230184
134988,6,0,0,4,230185,230186
134989,24,0,0,0,230187,0
134990,4,1,0,0,230189,230190
134991,4,0,0,0,230191,230192
134992,24,1,0,0,230235,0
134993,24,0,0,0,230236,0
134994,9,0,0,0,230237,0
134995,24,1,0,0,230238,0
134996,9,0,0,0,230239,0
134997,24,0,0,0,230242,0
134998,24,0,0,0,230243,0
134999,1,0,0,0,230263,230264
135000,6,0,0,0,230267,230268
135001,10,0,0,0,230291,230292
135002,20,0,0,0,230296,0
135003,8,0,0,0,230298,230299
135004,24,1,0,0,230300,0
135009,3,0,0,0,230309,230310
135020,7,0,0,0,230329,230330
135021,9,1,0,2,230664,0
135022,6,1,0,0,230665,230666
135023,6,0,0,0,230667,230668
135024,6,0,0,0,230686,230687
135025,6,0,0,0,230688,230689
135026,6,1,0,4,230690,230691
135027,6,1,0,0,230692,230693
135028,13,1,0,0,230787,0
135029,13,1,0,0,230918,0
135030,4,0,0,0,231029,231030
135031,9,0,0,0,231031,0
135032,10,1,12,0,231032,231033
135033,9,0,0,0,231036,0
135034,9,0,0,0,231037,0
135035,13,1,0,0,231039,0
135036,4,0,0,4,231040,231041
135051,20,0,0,0,231829,0
135052,20,0,0,0,231830,0
135067,11,1,0,0,231919,231920
135068,10,1,0,0,231921,231922
135072,6,0,0,4,231947,231948
135084,6,1,0,4,232000,232001
135085,20,0,0,0,232005,0
135086,20,0,0,0,232006,0
135087,20,0,0,0,232007,0
135088,20,0,0,0,232008,0
135089,3,0,0,0,232009,232010
135090,16,0,0,0,232011,0
135091,16,0,0,0,232012,0
135092,6,0,0,0,232013,232014
135093,11,1,0,0,232015,232016
135094,6,1,0,0,232017,232018
135095,16,1,0,0,232019,0
135096,16,0,0,0,232020,0
135097,11,1,0,0,232021,232022
135098,16,0,0,0,232023,0
135099,6,0,0,0,232024,232025
135101,6,1,0,0,232031,232032
135102,22,1,0,0,232033,0
135103,11,0,0,4,232034,232035
135105,10,1,0,0,0,232039
135106,3,0,0,0,232040,232041
135107,11,0,0,0,232049,232050
135108,1,0,0,0,232110,232111
135109,10,1,6,0,232142,232143
135110,20,0,0,0,232144,0
135111,20,0,0,0,232145,0
135112,4,0,0,0,232150,232151
135113,6,0,0,0,232170,232171
135114,6,1,0,0,232172,232173
135115,6,1,0,0,232174,232175
135116,6,0,0,0,232176,232177
135117,6,0,0,0,232182,232183
135118,6,0,0,0,232185,232186
135119,6,1,0,0,232187,232188
135120,6,1,0,0,232189,232190
135121,6,0,0,0,232191,232192
135122,4,0,0,0,232219,232220
135123,6,0,0,0,232244,232245
135124,6,1,0,0,232246,232247
135125,6,0,0,4,232248,232249
135126,8,0,0,0,232257,232258
135127,11,0,0,0,232262,232263
135129,4,0,0,0,232266,232267
135130,11,0,0,0,232307,232308
135131,7,0,0,0,232331,232332
135132,6,0,0,0,232333,232334
135133,10,0,0,0,232335,232336
135148,1,1,0,0,232386,232387
135149,1,1,0,0,232388,232389
135150,1,0,0,0,232391,232392
135151,1,0,0,0,232393,232394
135152,10,1,0,0,232395,232396
135153,10,1,0,0,232397,232398
135154,10,0,0,0,232399,232400
135155,10,0,0,0,232401,232402
135156,6,0,0,0,232417,232418
135157,4,0,0,0,232419,232420
135158,4,0,12,0,232421,232422
135159,1,0,6,0,232429,232430
135160,1,0,6,0,232431,232432
135161,6,1,0,0,232433,232434
135162,6,0,0,0,232440,232441
135163,6,0,0,1,232442,232443
135164,6,1,0,0,232569,232570
135165,6,1,0,0,232596,232597
135166,10,0,12,0,232614,232615
135180,11,0,0,0,232879,232880
135183,7,0,0,0,232885,232886
135184,7,0,0,0,232887,232888
135185,7,1,0,0,232889,232890
135186,7,1,0,0,232891,232892
135187,4,0,0,0,232895,232896
135188,6,0,0,0,232897,232898
135189,11,0,0,0,232899,232900
135190,7,0,0,0,232901,232902
135191,10,0,0,0,232903,232904
135234,3,0,0,0,233060,233061
135235,6,1,0,0,233092,233093
135236,4,0,0,0,233173,233174
135237,4,0,0,0,233175,233176
135238,4,0,6,0,233186,233187
135239,13,0,0,0,233260,0
135240,6,0,0,0,233261,233262
135241,6,0,0,0,233263,233264
135242,6,1,0,4,233265,233266
135243,6,1,0,0,233267,233268
135244,6,1,0,4,233273,233274
135245,6,1,0,0,233275,233276
135246,6,0,0,0,233277,233278
135247,6,0,0,4,233279,233280
135248,6,0,0,4,233281,233282
135249,6,0,0,0,233283,233284
135250,6,1,0,4,233285,233286
135251,6,1,0,0,233287,233288
135252,4,1,6,0,233289,233290
135253,4,1,0,0,233291,233292
135254,4,1,0,0,233293,233294
135255,4,1,0,0,233295,233296
135256,6,1,0,0,233299,233300
135257,11,0,0,0,0,233358
135258,7,0,0,0,233359,233360
135259,7,1,0,0,233361,233362
135260,7,0,0,0,233363,233364
135261,7,0,0,0,233365,233366
135262,7,0,0,0,233367,233368
135263,7,1,0,0,233369,233370
135264,7,1,6,0,233371,233372
135265,7,0,0,0,233382,233383
135266,10,1,0,0,233384,233385
135268,1,0,0,0,233451,233452
135269,1,0,6,0,233509,233510
135270,1,0,6,0,233520,233521
135271,6,1,0,0,233522,233523
135272,6,0,0,0,233569,233570
135273,6,0,0,0,233571,233572
135274,16,0,0,0,233584,0
135275,11,1,0,0,233683,233684
135276,4,1,0,0,233862,233863
135277,4,1,0,0,233864,233865
135278,4,0,0,0,233866,233867
135279,4,0,0,0,233868,233869
135280,2,0,0,0,233874,233875
135281,5,0,0,0,233876,233877
135282,6,0,0,0,233898,233899
135283,6,0,0,0,233900,233901
135284,6,1,0,0,233902,233903
135285,6,1,0,4,233904,233905
135286,9,1,0,0,233908,0
135287,6,1,0,0,233913,233914
135288,1,1,0,0,233933,233934
135289,4,1,0,0,233954,233955
135290,4,0,0,0,233956,233957
135291,24,1,0,0,233964,0
135292,24,0,0,0,233967,0
135293,1,0,0,0,234026,234027
135294,4,1,0,0,234094,234095
135295,3,0,0,0,234096,234097
135296,6,1,0,0,234098,234099
135299,1,0,0,0,234218,234219
135301,6,0,0,0,234249,234250
135316,10,1,0,0,234292,234293
135317,1,0,0,0,234363,234364
135320,16,0,0,0,234438,0
135321,16,0,0,0,234439,0
135322,16,0,0,0,234440,0
135323,7,0,0,0,234441,234442
135324,7,0,0,0,234456,234457
135325,10,0,0,0,235073,235074
135326,1,1,0,0,235176,235177
135328,10,1,0,0,235284,235285
135329,3,0,0,0,235286,235287
135330,8,0,0,0,235422,235423
135331,8,0,0,0,235448,235449
135332,8,0,0,0,235496,235497
135333,4,1,0,0,235498,235499
135334,16,0,0,0,235500,0
135335,16,0,0,0,235501,0
135336,16,0,0,0,235502,0
135337,16,0,0,0,235503,0
135338,16,0,0,0,235504,0
135339,16,0,0,0,235505,0
135340,3,0,0,0,235506,235507
135341,13,0,0,0,235609,0
135342,13,0,0,0,235610,0
135343,13,1,0,0,235611,0
135344,13,1,0,0,235612,0
135345,3,0,0,0,235626,235627
135346,3,0,0,0,235628,235629
135347,3,0,0,0,235630,235631
135348,3,0,0,0,235632,235633
135349,3,0,0,0,235634,235635
135350,4,1,0,0,235636,235637
135351,13,1,0,0,235710,0
135352,13,0,0,0,235711,0
135353,4,0,0,0,235724,235725
135354,4,1,0,0,235726,235727
135355,4,1,0,0,235728,235729
135356,4,0,0,0,235730,235731
135357,1,0,0,0,235732,235733
135380,1,1,0,0,235781,235782
135381,1,1,0,0,235783,235784
135382,1,1,0,0,235785,235786
135383,1,0,0,0,235787,235788
135384,1,0,0,0,235789,235790
135385,1,0,0,0,235791,235792
135386,2,1,0,0,235793,235794
135387,9,1,0,0,235795,0
135388,22,0,0,0,235796,0
135389,22,0,0,0,235797,0
135390,1,0,0,0,235798,235799
135391,1,0,0,0,235800,235801
135392,1,1,0,0,235802,235803
135393,1,1,0,0,235804,235805
135394,1,1,0,0,235806,235807
135395,22,1,0,0,235808,0
135396,22,1,0,0,235809,0
135397,1,1,0,0,235810,235811
135398,8,1,0,0,235812,235813
135399,5,1,0,0,235814,235815
135400,3,0,0,0,235816,235817
135401,6,0,0,0,235818,235819
135402,22,0,0,0,235820,0
135403,1,0,0,0,235821,235822
135404,4,1,0,0,235823,235824
135406,10,0,0,0,235933,235934
135409,6,1,0,0,235955,235956
135410,4,1,0,0,235957,235958
135411,4,1,0,0,235959,235960
135412,4,1,0,0,235961,235962
135413,4,1,0,0,235963,235964
135415,4,0,0,0,235967,235968
135416,4,0,0,0,235969,235970
135417,4,0,0,0,235971,235972
135418,4,0,0,0,235973,235974
135419,4,1,0,0,235975,235976
135420,4,1,0,0,235977,235978
135421,4,1,0,0,235979,235980
135422,4,0,0,0,235982,235983
135423,4,0,0,0,235984,235985
135424,4,0,0,0,235986,235987
135425,4,0,0,0,235988,235989
135426,4,1,0,0,235990,235991
135427,4,0,0,0,235992,235993
135428,4,0,0,0,235994,235995
135429,4,0,0,0,235996,235997
135430,11,1,0,0,235998,235999
135431,1,1,0,0,236038,236039
135432,1,0,0,0,236040,236041
135433,1,1,0,0,236042,236043
135434,1,1,0,0,236044,236045
135435,1,0,0,0,236046,236047
135436,1,0,0,0,236048,236049
135437,1,0,0,0,236088,236089
135438,20,0,0,0,236137,0
135439,4,0,0,0,0,236144
135440,4,1,12,0,236156,236157
135461,5,0,0,0,236435,236436
135462,1,0,6,4,236441,236442
135463,4,1,12,0,236443,236444
135464,4,1,0,0,236458,236459
135465,4,1,0,0,236460,236461
135466,4,1,0,0,236462,236463
135467,4,1,0,0,236464,236465
135468,4,0,0,0,236466,236467
135469,4,0,0,0,236468,236469
135470,4,0,0,0,236470,236471
135471,4,0,0,0,236472,236473
135472,4,1,0,0,236474,236475
135473,4,1,0,0,236476,236477
135475,4,1,0,0,236480,236481
135476,4,1,0,0,236482,236483
135478,4,0,0,0,236486,236487
135479,4,0,0,0,236488,236489
135480,4,0,0,0,236490,236491
135481,4,0,0,0,236492,236493
135484,4,1,0,0,236498,236499
135486,4,1,0,0,236501,236502
135487,4,1,0,0,236503,236504
135488,4,1,0,0,236505,236506
135489,4,0,0,0,236507,236508
135491,4,0,0,0,236511,236512
135492,4,0,0,0,236513,236514
135493,4,0,0,0,236515,236516
135495,4,1,0,0,236519,236520
135497,4,1,0,0,236523,236524
135498,4,1,0,0,236525,236526
135499,4,1,0,0,236527,236528
135501,4,0,0,0,236531,236532
135502,4,0,0,0,236533,236534
135503,4,0,0,0,236535,236536
135504,4,0,0,0,236537,236538
135506,4,1,0,0,236541,236542
135507,4,1,0,0,236543,236544
135508,4,1,0,0,236545,236546
135509,4,1,0,0,236547,236548
135510,4,0,0,0,236549,236550
135511,4,0,0,0,236551,236552
135513,4,0,0,0,236554,236555
135514,4,0,0,0,236556,236557
135515,4,0,0,0,236558,236559
135516,4,0,0,0,236560,236561
135517,4,1,0,0,236562,236563
135543,1,0,0,0,236623,236624
135544,1,0,0,0,236625,236626
135545,1,1,0,0,236627,236628
135546,1,1,0,0,236629,236630
135547,1,1,0,0,236631,236632
135562,10,0,12,0,236738,236739
135563,3,0,0,0,236878,236879
135564,3,1,0,0,236880,236881
135565,3,0,0,0,236882,236883
135566,4,1,0,0,236884,236885
135567,11,0,0,0,236886,236887
135568,22,0,0,0,237432,0
135569,24,1,0,0,237433,0
135570,3,0,0,0,237480,237481
135571,1,1,0,0,237505,237506
135575,7,0,0,0,238353,238354
135576,10,0,12,0,241325,241326
135578,16,0,0,0,248116,0
135581,16,0,0,0,248121,0
135582,16,0,0,0,248122,0
135583,16,0,0,0,248123,0
135584,16,0,0,0,248124,0
135585,16,0,0,0,248125,0
135586,8,1,0,0,248126,248127
135587,16,0,0,0,248128,0
135588,16,0,0,0,248129,0
135589,16,0,0,0,248130,0
135590,4,1,0,0,248131,248132
135591,4,1,0,0,248133,248134
135592,4,0,0,0,248173,248174
135593,5,0,0,0,248175,248176
135595,6,1,0,0,248237,248238
135596,4,1,12,0,248244,248245
135597,4,0,6,0,248246,248247
135598,9,0,0,0,248248,0
135600,10,0,0,0,248359,248360
135604,9,0,0,0,248370,0
135605,9,0,0,0,248371,0
135606,9,0,0,0,248372,0
135607,5,1,0,0,248382,248383
135608,5,1,0,0,248384,248385
135609,5,1,0,0,248386,248387
135610,5,1,0,0,248388,248389
135611,2,0,0,0,248390,248391
135612,2,0,0,0,248392,248393
135613,2,0,0,0,248394,248395
135614,2,0,0,0,248396,248397
135620,24,0,0,0,248638,0
135629,1,0,0,0,248654,248655
135631,10,1,0,4,248657,248658
135632,6,0,6,0,248748,248749
135633,6,0,6,0,248750,248751
135634,6,1,6,0,248752,248753
135635,6,1,6,0,248754,248755
135636,26,0,0,0,248828,0
135637,4,1,0,0,248879,248880
135638,4,0,0,0,248881,248882
135678,1,0,0,0,249053,249054
135696,7,0,0,0,249102,249103
135697,7,0,0,0,249104,249105
135698,7,1,0,0,249108,249109
135699,13,1,0,0,249114,0
135700,13,0,0,0,249115,0
135701,13,0,0,0,249116,0
135702,1,0,0,0,249117,249118
135703,1,1,0,0,249119,249120
135704,7,0,0,0,249121,249122
135705,22,1,0,0,249123,0
135706,10,0,0,0,249124,249125
135707,2,1,0,0,249126,249127
135708,9,0,0,0,249128,0
135709,5,1,0,0,249129,249130
135710,1,0,0,0,249138,249139
135711,4,1,0,0,249260,249261
135712,7,1,0,4,0,249289
135713,7,1,9,0,249290,249291
135714,9,0,0,0,249292,0
135715,10,0,0,0,249335,249336
135716,10,0,0,0,249337,249338
135717,10,1,0,0,249339,249340
135718,10,1,0,0,249341,249342
135727,10,1,0,0,249364,249365
135728,1,1,0,0,249372,249373
135730,4,1,0,0,249406,249407
135731,4,0,0,0,249408,249409
135732,4,0,0,4,249489,249490
135733,4,0,0,4,249491,249492
135734,6,1,0,4,249511,249512
135735,22,0,0,0,249526,0
135736,22,0,0,0,249527,0
135737,22,1,0,0,249552,0
135738,22,1,0,0,249553,0
135739,1,0,0,0,249554,249555
135740,1,0,0,0,249556,249557
135741,1,1,0,0,249558,249559
135742,1,1,0,0,249560,249561
135743,1,0,0,0,249562,249563
135744,1,0,0,0,249564,249565
135745,4,0,0,0,249566,249567
135746,3,0,0,0,249568,249569
135747,2,0,0,0,249578,249579
135748,10,0,0,0,249580,249581
135749,8,0,0,0,249582,249583
135750,6,0,0,0,249584,249585
135751,11,1,0,0,249586,249587
135752,4,0,0,0,249593,249594
135753,4,0,0,0,249595,249596
135754,4,1,0,0,249597,249598
135755,4,1,0,0,249599,249600
135756,4,1,0,0,249601,249602
135757,5,0,0,0,249734,249735
135758,7,0,0,0,249736,249737
135759,5,1,0,0,249828,249829
135760,15,0,0,0,249856,0
135761,22,0,6,0,249865,0
135762,11,0,0,0,250076,250077
135777,16,0,0,0,250122,0
135778,16,0,0,0,250123,0
135779,1,0,0,0,250132,250133
135780,8,1,0,0,250134,250135
135781,2,0,0,0,250136,250137
135782,6,1,0,0,250138,250139
135783,5,1,0,0,250158,250159
135784,1,1,0,0,250160,250161
135785,5,0,0,4,250162,250163
135786,1,0,6,4,250164,250165
135788,1,0,0,0,250174,250175
135789,5,0,0,0,250176,250177
135790,11,0,0,0,250178,250179
135791,8,0,0,0,250202,250203
135793,16,0,0,0,250205,0
135794,11,0,0,0,250278,250279
135795,11,1,0,0,250280,250281
135796,11,1,0,0,250282,250283
135797,11,0,0,0,250284,250285
135798,11,0,0,0,250286,250287
135799,11,1,0,0,250288,250289
135800,11,1,0,0,250290,250291
135805,5,0,0,0,250316,250320
135806,1,0,0,0,250321,250322
135810,9,0,0,0,250577,0
135812,4,1,0,0,250668,250669
135814,1,0,3,0,250675,250676
135815,3,0,0,0,250677,250678
135816,2,1,0,0,250679,250680
135817,10,1,0,0,250681,250682
135818,5,0,0,0,250706,250707
135819,5,0,0,0,250708,250709
135820,5,1,0,0,250710,250711
135821,5,1,0,0,250712,250713
135825,7,0,0,0,250779,250780
135826,7,0,0,0,250782,250783
135827,7,0,0,0,250784,250785
135828,7,0,0,0,250786,250787
135829,7,1,0,0,250788,250789
135830,7,1,0,0,250790,250791
135832,11,1,0,0,250873,250874
135833,11,1,0,0,250875,250876
135834,11,0,0,0,250896,250897
135835,11,0,0,0,250898,250899
135837,11,1,0,0,250902,250903
135838,11,1,0,0,250906,250907
135839,11,0,0,0,250908,250909
135840,11,0,0,0,250910,250911
135842,1,0,0,0,250980,250981
135843,1,0,0,0,251014,251015
135845,13,1,0,0,251018,0
135846,11,1,0,0,251019,251020
135847,9,0,0,0,251024,0
135848,9,0,0,0,251031,0
135849,22,0,0,0,251032,0
135850,11,1,0,0,251346,251347
135852,11,1,0,0,251362,251363
135853,11,1,0,0,251364,251365
135854,11,0,0,0,251366,251367
135855,11,0,0,0,251368,251369
135856,11,1,0,0,251370,251371
135857,11,0,0,0,251372,251373
135858,11,0,0,0,251374,251375
135864,7,0,0,0,251394,251395
135869,6,1,0,0,251443,251444
135870,1,1,3,0,251451,251452
135871,2,0,0,0,251453,251454
135872,3,1,0,0,251455,251456
135873,10,0,0,0,251457,251458
135874,7,0,0,0,251459,251460
135875,13,0,0,0,251544,0
135877,4,1,0,0,251634,251635
135878,4,0,0,0,251664,251665
135879,6,1,0,0,251666,251667
135880,6,0,0,0,251668,251669
135881,3,1,0,0,251670,251671
135882,1,0,6,0,251674,251675
135897,1,0,0,4,251711,251712
135899,1,1,5,0,251815,251816
135900,13,1,0,0,251817,0
135901,13,0,0,0,251857,0
135902,13,1,0,0,251934,0
135903,13,0,0,0,251935,0
135904,13,0,0,0,251936,0
135906,1,0,0,0,251972,251973
135907,14,0,0,0,251981,0
135908,14,0,0,0,251982,0
135909,14,0,0,0,251983,0
135910,13,0,0,0,251984,0
135911,13,0,0,0,251985,0
135912,22,0,0,0,251986,0
135913,22,0,0,0,251987,0
135914,22,1,0,0,251988,0
135915,22,1,0,0,251989,0
135916,22,0,0,0,251990,0
135917,22,0,0,0,251991,0
135918,22,1,0,0,251992,0
135919,22,1,0,0,251993,0
135920,22,0,0,0,251994,0
135921,22,0,0,0,251995,0
135922,22,1,0,0,251996,0
135923,22,1,0,0,251997,0
135924,22,0,0,0,251998,0
135925,22,0,0,0,251999,0
135926,22,1,0,0,252000,0
135927,22,1,0,0,252001,0
135928,22,0,0,0,252002,0
135929,22,0,0,0,252003,0
135930,22,1,0,0,252004,0
135931,22,1,0,0,252005,0
135932,22,0,0,0,252006,0
135933,22,0,0,0,252007,0
135934,22,1,0,0,252008,0
135935,22,1,0,0,252009,0
135936,22,0,0,0,252010,0
135937,22,1,0,0,252011,0
135938,22,0,0,0,252012,0
135939,22,0,0,0,252013,0
135940,22,1,0,0,252014,0
135941,22,1,0,0,252015,0
135942,22,0,0,0,252016,0
135943,22,0,0,0,252017,0
135944,22,1,0,0,252018,0
135945,22,1,0,0,252019,0
135946,22,0,0,0,252020,0
135947,22,0,0,0,252021,0
135948,22,1,0,0,252022,0
135949,22,1,0,0,252023,0
135950,22,0,0,0,252024,0
135951,22,0,0,0,252025,0
135952,22,1,0,0,252026,0
135953,22,1,0,0,252027,0
135954,22,0,0,0,252028,0
135955,22,0,0,0,252029,0
135956,22,1,0,0,252030,0
135957,22,1,0,0,252031,0
135958,22,0,0,0,252032,0
135959,22,0,0,0,252033,0
135960,22,1,0,0,252034,0
135961,22,1,0,0,252035,0
135962,22,0,0,0,252036,0
135963,22,0,0,0,252037,0
135964,22,1,0,0,252038,0
135965,22,1,0,0,252039,0
135966,22,0,0,0,252040,0
135967,22,0,0,0,252041,0
135968,22,1,0,0,252042,0
135969,22,1,0,0,252043,0
135971,6,0,0,0,252200,252201
135977,16,0,1,0,252274,0
135978,16,0,1,0,252275,0
135979,16,0,1,0,252276,0
135980,16,1,1,0,252277,0
135981,16,1,1,0,252278,0
135982,16,0,1,0,252279,0
135983,16,0,1,0,252280,0
135984,1,1,6,0,252281,252282
135985,10,1,6,0,252283,252284
135986,11,1,0,0,252313,252314
135987,11,1,0,0,252315,252316
135988,11,0,0,0,252317,252318
135989,11,0,0,0,252319,252320
135990,11,0,0,0,252321,252322
135991,16,0,1,0,252323,0
135992,11,0,0,0,252324,252325
135993,11,1,0,0,252326,252327
135994,11,1,0,0,252328,252329
135995,3,0,0,0,252330,252331
135996,3,1,0,0,252332,252333
135997,24,0,0,0,252334,0
135998,16,0,1,0,252335,0
135999,16,0,1,0,252336,0
136000,16,0,1,0,252337,0
136001,16,0,1,0,252338,0
136002,10,1,0,0,252495,252496
136003,4,0,0,0,252506,252507
136019,4,1,0,0,252597,252598
136020,4,1,0,0,252599,252600
136021,6,1,0,0,252601,252602
136022,4,0,0,0,252603,252604
136023,6,0,0,0,252605,252606
136024,4,1,0,0,252607,252608
136025,4,1,0,0,252609,252610
136026,4,1,0,0,252611,252612
136027,9,0,8,0,252674,0
136028,4,0,0,0,252678,252679
136029,4,1,0,0,252680,252681
136030,4,1,12,0,252682,252683
136031,4,0,6,4,252684,252685
136032,1,0,0,0,252751,252752
136033,7,1,0,0,252753,252754
136034,2,1,0,0,252755,252756
136035,10,0,0,0,252757,252758
136050,4,0,0,0,253154,253155
136051,1,1,6,0,253231,253232
136052,1,0,1,4,253233,253234
136057,10,0,0,0,253380,253381
136058,3,0,0,0,253521,253522
136059,5,0,0,0,253523,253524
136060,5,0,0,0,253525,253526
136061,5,1,0,0,253527,253528
136062,5,1,0,0,253529,253530
136063,5,0,0,0,253531,253532
136064,5,0,0,0,253533,253534
136065,5,1,0,0,253535,253536
136066,5,1,0,0,253537,253538
136067,5,0,0,0,253539,253540
136068,5,0,0,0,253541,253542
136069,5,1,0,0,253543,253544
136070,5,1,0,0,253545,253546
136071,5,0,0,0,253548,253549
136072,5,0,0,0,253550,253551
136073,5,1,0,0,253552,253553
136074,5,1,0,0,253554,253555
136075,9,1,0,0,253583,0
136076,3,0,0,0,253589,253590
136077,3,1,0,0,253591,253592
136078,3,1,0,0,253593,253594
136079,5,0,0,0,253595,253596
136080,5,0,0,0,253602,253615
136081,5,1,0,0,253617,253618
136082,5,1,0,0,253619,253620
136083,4,0,0,5,0,253658
136084,4,0,0,5,253659,253660
136085,8,1,0,0,253661,253662
136086,5,0,0,0,253672,253673
136087,5,0,0,0,253674,253675
136088,5,1,0,0,253676,253677
136089,5,1,0,0,253678,253679
136092,10,0,12,0,0,254240
136093,1,1,0,0,254241,254242
136094,2,1,0,0,254243,254244
136095,3,0,0,0,254245,254246
136096,1,0,0,0,254248,254249
136097,4,0,0,0,254250,254251
136098,1,1,0,0,254252,254253
136099,2,1,0,0,254286,254287
136100,9,0,0,0,254306,0
136101,5,1,0,0,254307,254308
136102,5,1,0,0,254309,254310
136103,5,1,0,0,254311,254312
136104,5,1,0,0,254313,254314
136105,11,1,0,0,254315,254316
136106,5,1,0,0,254335,254336
136107,5,1,0,0,254337,254338
136108,5,1,0,0,254339,254340
136109,5,1,0,0,254341,254342
136110,10,0,0,0,254475,254476
136111,5,0,0,0,254477,254478
136112,5,0,0,0,254479,254480
136113,5,1,0,0,254481,254482
136114,5,1,0,0,254483,254484
136115,5,0,0,0,254485,254486
136116,5,0,0,0,254487,254488
136117,5,1,0,0,254489,254490
136118,5,1,0,0,254491,254492
136121,6,1,11,0,254586,254587
136122,6,0,0,0,254699,254700
136123,4,1,5,5,254751,254752
136124,4,0,11,0,254753,254754
136125,4,0,11,0,254755,254756
136126,4,1,0,0,254757,254758
136127,16,0,0,0,254759,0
136128,13,0,0,0,254760,0
136129,13,1,0,0,254761,0
136130,13,0,0,0,254762,0
136131,16,0,0,0,254763,0
136132,16,0,0,0,254764,0
136133,16,0,0,0,254765,0
136134,16,0,0,0,254789,0
136135,16,0,0,0,254790,0
136136,7,0,0,0,254822,254823
136151,13,0,0,0,254849,0
136152,22,1,0,0,254861,0
136153,7,1,0,0,254862,254863
136154,7,0,0,0,254864,254865
136155,22,1,0,0,255284,0
136156,22,0,0,0,255511,0
136157,6,1,0,0,255652,255653
136158,10,0,12,0,255656,255657
136159,6,0,1,0,255658,255659
136160,4,1,0,0,255660,255661
136161,10,0,12,0,255662,255663
136162,5,0,0,0,255815,255816
136163,5,0,0,0,255817,255818
136164,5,1,0,0,255819,255820
136165,5,1,0,0,255821,255822
136166,10,1,0,0,255823,255824
136167,10,1,0,0,255825,255826
136168,10,1,0,0,255827,255828
136169,10,1,0,0,255829,255830
136170,10,1,0,0,255831,255832
136171,5,1,0,0,255833,255834
136175,4,1,12,0,255841,255842
136204,22,0,0,0,256144,0
136205,22,0,0,0,256145,0
136206,22,1,0,0,256146,0
136207,22,1,0,0,256147,0
136209,24,1,0,0,256208,0
136210,22,0,0,0,256209,0
136213,5,0,0,0,256240,256241
136214,5,0,0,0,256242,256243
136215,5,1,0,0,256244,256245
136216,5,1,0,0,256246,256247
136217,22,0,0,0,256262,0
136218,5,1,0,0,256263,256264
136219,5,0,0,0,256265,256266
136220,8,1,0,0,256267,256268
136221,8,1,0,0,256269,256270
136222,8,0,0,0,256271,256272
136223,8,0,0,0,256273,256274
136224,7,1,0,0,256275,256276
136225,2,0,0,0,256277,256278
136226,24,0,0,0,256279,0
136242,1,0,0,0,256921,256922
136247,5,0,0,0,256973,256974
136248,22,1,11,0,256975,0
136256,3,0,0,0,257070,257071
136257,3,0,0,0,257072,257073
136258,24,0,0,0,257084,0
136259,2,0,0,0,257085,257086
136260,6,1,0,0,257087,257088
136261,1,0,0,0,257089,257090
136262,1,0,0,0,257091,257092
136263,9,1,0,0,257093,0
136264,1,1,0,0,257095,257096
136267,4,0,0,0,257245,257246
136268,7,1,0,0,257247,257248
136269,4,0,0,0,257261,257262
136270,4,0,0,0,257263,257264
136271,4,0,0,0,257265,257266
136272,4,0,0,0,257267,257268
136273,4,1,0,0,257269,257270
136274,4,1,0,0,257271,257272
136275,4,1,0,0,257273,257274
136276,4,1,0,0,257275,257276
136277,17,0,0,0,257277,0
136278,1,1,0,0,257334,257335
136280,10,1,0,0,257352,257353
136281,5,0,0,0,257354,257355
136282,22,1,0,0,257356,0
136283,22,0,0,0,257357,0
136284,7,0,0,0,257399,257400
136285,4,1,11,0,257409,257410
136286,2,0,0,0,257547,257548
136287,16,0,0,0,257553,0
136302,6,0,0,0,257758,257759
136303,4,0,11,0,257760,257761
136304,5,0,0,0,258068,258069
136305,1,0,0,0,258070,258071
136306,4,1,0,0,258191,258192
136307,4,1,0,0,258610,258611
136308,16,0,0,0,258612,0
136309,3,0,0,0,258613,258614
136311,8,0,0,0,258617,258618
136312,8,0,0,0,258619,258620
136313,4,1,0,0,258638,258639
136314,1,1,0,0,258648,258649
136315,6,0,0,0,258651,258652
136316,11,0,0,0,258761,258762
136345,1,0,0,0,259122,259123
136346,24,1,7,0,259225,0
136347,1,1,4,0,259333,259334
136348,5,0,0,0,259343,259352
136349,7,0,0,0,259344,259345
136350,11,1,0,0,259353,259354
136351,11,0,0,0,259355,259356
136352,11,0,0,0,259357,259358
136353,10,0,0,0,259372,259373
136354,1,1,0,0,259375,259376
136356,16,0,0,0,259735,0
136357,1,0,0,0,259812,259813
136358,8,1,0,0,259814,259815
136359,2,0,0,0,259816,259817
136360,3,0,0,0,259822,259823
136362,6,0,10,0,259826,259827
136363,5,1,0,0,259828,259829
136365,4,1,0,0,259832,259833
136367,3,0,0,0,259836,259837
136379,5,0,0,0,259896,259897
136381,11,0,0,0,260163,260164
136382,11,1,0,0,260165,260166
136439,3,0,0,0,260410,260411
136440,7,1,0,0,260412,260413
136441,5,0,0,0,260424,260425
136442,10,1,0,0,260445,262036
136443,24,1,0,0,260446,0
136444,24,0,0,0,260447,0
136445,24,0,0,0,260448,0
136446,24,1,0,0,260449,0
136447,24,1,0,0,260450,0
136448,24,0,0,0,260451,0
136449,24,1,0,0,260452,0
136450,24,0,0,0,260453,0
136451,24,1,0,0,260454,0
136452,24,0,0,0,260455,0
136453,24,1,0,0,260456,0
136454,24,0,0,0,260457,0
136455,8,1,0,0,260458,260459
136456,8,0,0,0,260460,260461
136457,1,1,0,0,260462,260463
136458,1,0,0,0,260464,260465
136459,6,1,0,0,260466,260467
136460,6,0,0,0,260468,260469
136461,2,0,0,0,260470,260471
136462,2,1,0,0,260472,260473
136463,11,1,0,0,260474,260475
136464,11,0,0,0,260476,260477
136465,3,0,0,0,260478,260479
136466,3,1,0,0,260480,260481
136467,7,1,0,0,260482,260483
136468,7,0,0,0,260484,260485
136469,4,0,0,0,260486,260487
136470,4,1,10,0,260488,260489
136471,10,1,10,0,260490,260491
136472,10,0,10,0,260492,260493
136473,5,0,10,0,260494,260495
136475,5,1,10,0,260497,260498
136476,6,0,6,0,260500,260501
136477,6,0,6,0,260502,260503
136478,6,1,0,0,260504,260505
136479,6,0,6,4,260506,260507
136480,16,0,0,0,260508,0
136481,1,0,8,4,260509,260510
136482,8,0,0,0,260703,260704
136483,8,1,0,0,260705,260706
136484,1,0,0,0,260707,260708
136485,1,1,0,0,260709,260710
136486,6,1,0,0,260711,260712
136487,6,1,0,0,260978,260979
136488,2,1,0,0,260980,260981
136489,11,0,0,0,260982,260983
136490,3,0,0,0,260984,260985
136491,5,1,0,0,260986,260987
136492,7,1,0,0,260988,260989
136493,10,0,0,0,260990,260991
136494,4,0,0,0,260992,260993
136495,8,1,0,0,260994,260995
136496,1,1,0,0,260996,260997
136497,1,0,0,0,260998,260999
136498,6,0,0,0,261000,261001
136499,2,1,0,0,261002,261003
136500,3,1,0,0,261004,261005
136501,11,1,0,0,261006,261007
136502,10,1,0,0,261008,261009
136503,4,1,0,0,261010,261011
136504,5,0,0,0,261012,261013
136505,7,0,0,0,261014,261015
136506,4,0,0,0,261048,261049
136507,2,0,0,0,261050,261051
136508,2,1,0,0,261052,261053
136509,5,0,0,0,261073,261074
136510,11,0,0,0,0,261076
136511,11,0,0,0,261083,261084
136512,4,1,12,0,261278,261279
136514,11,1,0,0,261504,261505
136515,11,1,0,0,261836,261837
136516,6,1,7,0,261838,261839
136517,3,1,7,0,261840,261841
136518,11,1,7,0,261842,261843
136519,2,1,7,0,261844,261845
136520,2,0,7,0,261846,261847
136521,8,0,7,0,261848,261849
136522,24,0,7,0,261850,0
136523,11,0,7,0,261851,261852
136527,8,0,0,0,261997,261998
136528,3,0,0,0,261999,262000
136533,2,0,0,0,262008,262009
136537,10,0,0,0,262032,262033
136538,7,0,0,0,262034,262035
136539,10,1,0,0,262037,262038
136544,1,0,0,0,0,262084
136545,10,1,1,0,0,262086
136546,1,1,1,0,0,262088
136547,24,1,0,0,262089,0
136548,11,0,0,0,0,262092
136549,24,1,0,0,262127,0
136550,3,0,0,0,262128,262129
136551,24,0,0,0,262130,0
136552,1,1,0,0,262244,262245
136553,11,1,0,0,0,262247
136555,10,0,2,0,262522,262523
136556,22,0,0,0,262639,0
136557,11,1,0,0,262677,262678
136558,1,0,0,0,263016,263017
136559,1,1,0,0,263018,263019
136560,10,1,0,0,263020,263021
136561,10,0,0,0,263022,263023
136562,1,0,0,0,263024,263025
136563,2,1,0,0,263026,263027
136564,10,0,0,0,263028,263029
136565,8,0,0,0,263030,263031
136566,10,1,0,5,263032,263033
136567,5,0,0,0,263042,263043
136568,13,1,0,0,263326,0
136576,9,0,0,0,263340,0
136578,1,1,0,0,263343,263344
136579,2,1,0,0,263345,263346
136581,7,0,0,0,263349,263350
136587,5,0,0,0,263422,263423
136605,7,1,0,0,263472,263473
136606,1,0,0,0,263475,263476
136607,1,1,0,0,263477,263478
136608,1,1,0,0,263479,263480
136609,1,1,0,0,263481,263482
136610,1,0,0,0,263483,263484
136611,1,0,0,0,263485,263486
136612,1,0,0,0,263487,263488
136613,5,1,0,0,263489,263490
136614,5,1,0,0,263491,263492
136615,5,1,0,0,263493,263494
136616,5,0,0,0,263495,263496
136617,5,0,0,0,263497,263498
136618,5,0,0,0,263499,263500
136619,5,0,0,0,263501,263502
136620,10,1,0,0,263503,263504
136621,10,1,0,0,263505,263506
136622,10,1,0,0,263507,263508
136623,10,1,0,0,263509,263510
136624,10,0,0,0,263511,263512
136625,10,0,0,0,263513,263514
136626,10,0,0,0,263515,263516
136628,10,0,0,0,263517,263518
136629,3,0,0,0,263519,263520
136630,3,0,0,0,263521,263522
136631,3,0,0,0,263523,263524
136632,3,0,0,0,263525,263526
136633,3,1,0,0,263527,263528
136634,3,1,0,0,263529,263530
136635,3,1,0,0,263531,263532
136636,3,1,0,0,263533,263534
136637,7,0,0,0,263535,263536
136638,7,0,0,0,263537,263538
136639,7,0,0,0,263539,263540
136640,7,0,0,0,263541,263542
136641,7,1,0,0,263543,263544
136642,7,1,0,0,263545,263546
136643,7,1,0,0,263547,263548
136644,7,1,0,0,263549,263550
136645,9,0,0,0,263551,0
136646,9,0,0,0,263552,0
136647,9,0,0,0,263553,0
136648,9,0,0,0,263554,0
136649,9,1,0,0,263555,0
136650,9,1,0,0,263556,0
136651,9,1,0,0,263557,0
136652,9,1,0,0,263558,0
136653,4,0,0,0,263559,263560
136654,4,0,0,0,263561,263562
136655,4,0,0,0,0,263564
136656,4,0,0,0,263565,263566
136657,4,1,0,0,263567,263568
136658,4,1,0,0,263569,263570
136659,4,1,0,0,263571,263572
136660,4,1,0,0,263573,263574
136661,2,0,0,0,263575,263576
136662,2,0,0,0,263577,263578
136663,2,0,0,0,263579,263580
136664,2,0,0,0,263581,263582
136665,2,1,0,0,263583,263584
136666,2,1,0,0,263585,263586
136667,2,1,0,0,263587,263588
136668,2,1,0,0,263589,263590
136669,24,0,0,0,263591,0
136670,24,0,0,0,263592,0
136671,24,0,0,0,263593,0
136672,24,0,0,0,263594,0
136673,24,1,0,0,263595,0
136674,24,1,0,0,263596,0
136675,24,1,0,0,263597,0
136676,24,1,0,0,263598,0
136677,8,0,0,0,263599,263600
136678,8,0,0,0,263601,263602
136679,8,0,0,0,263603,263604
136680,8,0,0,0,263605,263606
136681,8,1,0,0,263607,263608
136683,8,1,0,0,263610,263611
136684,8,1,0,0,263612,263613
136685,8,1,0,0,263614,263615
136686,22,0,0,0,263616,0
136687,22,0,0,0,263617,0
136688,22,0,0,0,263618,0
136689,22,0,0,0,263619,0
136690,22,1,0,0,263620,0
136691,22,1,0,0,263621,0
136692,22,1,0,0,263622,0
136693,22,1,0,0,263623,0
136694,4,0,0,0,263670,263671
136695,4,1,0,0,263672,263673
136696,4,1,11,0,263736,263737
136697,4,1,11,0,263738,263739
136698,4,1,11,0,263740,263741
136699,4,0,0,0,263742,263743
136700,4,0,0,0,263744,263745
136701,4,0,0,0,263746,263747
136702,4,1,0,0,0,263750
136703,1,0,0,0,263791,263792
136704,4,1,0,0,263930,263931
136705,4,0,0,0,263932,263933
136706,4,0,0,5,0,263947
136707,4,0,0,5,0,263949
136708,13,1,0,0,263950,0
136709,10,0,0,0,0,264066
136710,10,1,12,0,0,264068
136711,4,0,0,0,0,264070
136712,4,1,6,0,0,264072
136719,6,1,0,0,0,264313
136721,22,0,0,0,264449,0
136722,4,0,0,0,264450,264451
136723,22,1,0,0,264452,0
136724,8,0,0,0,264453,264454
136725,6,0,0,0,264455,264456
136726,4,1,0,0,264457,264458
136727,6,1,0,0,264459,264460
136728,8,1,0,0,264461,264462
136731,6,0,0,0,0,264484
136732,13,0,0,0,264543,0
136733,6,0,0,0,264546,264547
136734,1,1,9,0,264559,264560
136735,1,0,0,0,264565,264566
136738,16,0,0,0,264734,0
136739,16,0,0,0,264735,0
136740,8,1,0,0,0,264764
136741,1,0,0,0,264765,264766
136742,6,0,0,4,264878,264879
136748,11,1,0,4,264993,264994
136749,10,1,0,0,265031,265032
136750,1,0,0,0,265033,265034
136751,4,1,0,0,0,265036
136752,1,1,0,0,265037,265038
136753,13,1,0,0,265039,0
136754,1,0,0,0,265121,265122
136755,1,0,0,0,265123,265124
136756,1,0,0,0,265125,265126
136757,1,0,0,0,265127,265128
136758,1,1,0,0,265129,265130
136759,1,1,0,0,265131,265132
136760,1,1,0,0,265133,265134
136761,1,1,0,0,265135,265136
136762,4,0,0,0,265215,265216
136763,4,0,0,0,265217,265218
136764,4,1,0,0,265219,265220
136765,7,0,0,0,265221,265222
136766,10,1,0,0,265229,265230
136767,1,0,0,0,265231,265232
136768,7,1,0,0,265233,265234
136769,1,1,0,0,265238,265239
136770,10,0,0,0,265266,265267
136771,7,0,0,0,265268,265269
136772,10,1,0,0,265270,265271
136773,10,1,0,0,265272,265273
136774,1,1,0,0,265278,265279
136775,10,0,0,0,265280,265281
136776,1,0,0,0,265282,265283
136777,9,0,0,0,265284,0
136778,9,1,0,0,265285,0
136779,10,1,0,0,265287,270891
136780,4,1,0,0,265300,265301
136781,16,0,0,0,265392,0
136782,9,0,0,0,265393,0
136783,10,0,0,0,0,265395
136784,1,0,0,0,265396,265397
136785,7,0,0,0,265398,265399
136786,11,0,0,0,265400,265401
136787,1,0,0,0,265402,265403
136788,1,0,0,0,265404,265405
136789,3,1,0,0,265406,265407
136790,1,1,0,0,265408,265409
136791,3,1,0,0,0,265411
136792,4,1,0,0,0,265413
136793,11,0,0,0,265456,265457
136794,3,1,0,0,265458,265459
136795,4,1,0,0,265460,265461
136796,1,1,0,0,265462,265463
136797,1,1,0,0,265464,265465
136802,10,1,0,0,265542,265543
136803,16,0,0,0,265544,0
136804,4,1,0,0,265545,265546
136805,10,0,0,0,265547,265548
136806,10,0,0,0,265681,265682
136807,11,1,0,0,265689,265690
136808,8,0,0,0,265875,265876
136809,8,1,0,0,265877,265878
136810,7,1,0,0,265879,265880
136811,5,1,0,0,265881,265882
136812,4,0,0,0,265883,265884
136813,2,0,0,0,265885,265886
136814,2,1,0,0,265887,265888
136815,1,0,0,0,266230,266231
136821,10,1,0,0,266284,266285
136823,1,1,0,0,266288,266289
136825,11,1,0,0,266293,266294
136826,6,0,0,0,266295,266296
136827,5,0,0,0,266297,266298
136828,9,1,0,0,266299,0
136829,11,1,0,0,266416,266417
136830,11,1,0,0,266418,266419
136831,11,0,0,0,266429,266430
136832,11,0,0,0,266431,266432
136833,11,1,0,0,266433,266434
136834,11,1,0,0,266435,266436
136835,7,1,0,0,266445,266446
136836,4,0,0,0,266447,266448
136837,5,0,0,0,266449,266450
136838,10,1,0,0,266451,266452
136847,22,0,0,0,266469,0
136848,11,1,0,0,266470,266471
136849,5,0,0,0,266472,266473
136852,11,0,0,0,266476,266477
136853,11,1,0,0,266478,266479
136854,11,1,0,0,266480,266481
136855,11,0,0,0,266482,266483
136856,4,0,0,0,266484,266485
136857,24,1,0,0,266606,0
136859,24,1,0,0,266610,0
136860,22,0,0,0,266611,0
136861,24,1,5,0,266692,0
136862,5,1,0,0,0,266700
136877,11,0,0,0,267042,267043
136878,11,1,0,0,267044,267045
136879,4,0,0,4,267046,267047
136880,11,0,0,0,267048,267049
136881,11,1,0,0,267050,267051
136886,4,0,6,0,267185,267186
136887,1,0,0,0,267187,267188
136891,4,0,0,0,267316,267317
136892,11,1,0,0,267318,267319
136893,3,1,0,0,267320,267321
136894,1,0,0,0,267322,267323
136895,11,1,0,0,267324,267325
136896,11,0,0,0,267326,267327
136897,3,1,0,0,267328,267329
136898,3,0,0,0,267330,267331
136899,4,0,0,0,267332,267333
136900,4,1,0,0,267334,267335
136901,4,0,0,0,267336,267337
136902,4,1,0,0,267338,267339
136903,1,0,0,0,267394,267395
136904,1,1,0,0,267396,267397
136905,10,0,6,0,267398,267399
136906,10,1,6,0,267400,267401
136907,7,0,0,0,267402,267403
136908,10,1,0,0,267404,267405
136909,7,1,0,0,267406,267407
136910,6,0,0,0,267486,267487
136911,6,1,0,0,267488,267489
136912,4,0,6,0,267525,267526
136914,3,0,0,0,267552,267553
136915,11,0,0,0,267557,267558
136916,11,0,0,0,267559,267560
136917,11,0,0,0,267561,267562
136918,11,1,0,0,267563,267564
136919,11,1,0,0,267565,267566
136920,11,1,0,0,267567,267568
136921,4,1,0,0,267577,267578
136922,4,0,0,0,267579,267580
136923,4,0,11,0,267581,267582
136924,4,0,0,0,267583,267584
136925,4,0,11,0,267585,267586
136926,4,1,0,0,267587,267588
136927,4,1,0,0,267589,267590
136928,4,1,0,0,267591,267592
136929,4,1,0,0,267593,267594
136930,4,0,0,0,267595,267596
136931,16,0,0,0,267674,0
136932,11,1,0,0,267676,267677
136933,11,1,0,0,267678,267679
136934,11,0,0,0,267680,267681
136935,11,0,0,0,267682,267683
136936,11,1,0,0,267684,267685
136937,11,1,0,0,267686,267687
136938,11,0,0,0,267688,267689
136939,11,0,0,0,267690,267691
136940,11,1,0,0,267692,267693
136941,11,1,0,0,267694,267695
136942,11,0,0,0,267696,267697
136943,11,0,0,0,267698,267699
136958,5,0,0,0,267759,267760
136959,22,1,0,0,267777,0
136960,1,0,0,0,267778,267779
136961,1,1,0,0,267780,267781
136962,10,1,0,0,267783,267784
136994,11,1,0,0,268248,268249
136995,4,0,0,0,268338,268339
136996,13,1,0,0,268350,0
136997,8,0,0,0,268351,268352
136998,1,0,0,0,0,268381
136999,1,1,0,0,0,268383
137000,1,0,0,0,0,268385
137001,1,1,0,0,0,268387
137002,1,0,0,0,268388,268389
137003,1,1,0,0,268390,268391
137004,3,0,0,0,0,268393
137005,7,0,0,0,0,268395
137006,4,1,0,0,0,268397
137007,11,1,0,0,268398,268399
137008,2,0,6,0,268508,268509
137009,2,0,6,0,268510,268511
137010,1,0,6,0,268544,268545
137011,1,0,6,0,268546,268547
137012,1,1,0,0,268548,268549
137013,1,1,0,0,268595,268596
137014,20,0,0,0,268605,0
137015,20,0,0,0,268606,0
137016,20,0,0,0,268607,0
137017,16,0,0,0,268632,0
137018,3,1,0,0,268642,268643
137019,9,1,0,0,268696,0
137020,9,1,0,0,268697,0
137021,9,0,0,0,268698,0
137022,9,1,0,0,268699,0
137023,4,0,0,0,268700,268701
137025,24,0,0,0,268779,0
137026,24,0,0,0,268781,0
137027,24,1,0,0,268782,0
137028,24,1,0,0,268783,0
137029,24,0,0,0,268784,0
137030,24,0,0,0,268785,0
137031,24,0,0,0,268786,0
137032,24,1,0,0,268787,0
137033,24,1,0,0,268788,0
137034,24,1,0,0,268789,0
137035,24,0,0,0,268790,0
137036,6,0,0,0,268791,268792
137037,9,0,0,0,268836,0
137038,9,0,0,0,268837,0
137039,1,1,6,0,268844,268845
137040,1,0,0,0,268848,268849
137041,1,1,0,0,268850,268851
137042,1,0,0,0,268861,268862
137048,1,0,0,0,268872,268873
137049,1,1,0,0,268874,268875
137069,1,0,0,0,268939,268940
137074,6,1,0,0,268947,268948
137075,1,0,0,0,268949,268950
137076,4,0,0,0,268951,268952
137077,4,0,0,0,268953,268954
137078,4,0,0,0,268955,268956
137079,4,1,0,0,268957,268958
137080,7,0,0,0,268959,268960
137081,6,1,0,0,268961,268962
137082,4,1,0,0,268963,268964
137083,4,1,0,0,268965,268966
137084,4,1,0,0,268967,268968
137085,5,1,0,0,268969,268970
137086,5,0,0,0,268971,268972
137087,5,0,0,0,268973,268974
137088,5,1,0,0,268975,268976
137090,5,0,0,0,268980,268981
137091,1,0,0,0,269230,269231
137092,1,0,0,0,269232,269233
137093,1,0,0,0,269234,269235
137094,1,0,0,0,269236,269237
137095,1,1,0,0,269238,269239
137096,1,1,0,0,269240,269241
137097,1,1,0,0,269242,269243
137098,1,1,0,0,269244,269245
137099,3,0,0,0,269246,269247
137100,3,0,0,0,269248,269249
137101,3,0,0,0,269250,269251
137102,3,0,0,0,269252,269253
137103,3,1,0,0,269254,269255
137104,3,1,0,0,269256,269257
137105,3,1,0,0,269258,269259
137106,3,1,0,0,269260,269261
137107,7,0,0,0,269262,269263
137108,7,0,0,0,269264,269265
137109,7,0,0,0,269266,269267
137110,1,0,0,0,269268,269269
137111,7,0,0,0,269270,269271
137112,7,1,0,0,269272,269273
137113,7,1,0,0,269274,269275
137114,7,1,0,0,269276,269277
137115,7,1,0,0,269278,269279
137116,22,0,0,0,269282,0
137117,22,0,0,0,269283,0
137118,22,0,0,0,269284,0
137119,22,0,0,0,269285,0
137120,22,1,0,0,269286,0
137121,22,1,0,0,269287,0
137122,22,1,0,0,269288,0
137123,22,1,0,0,269289,0
137124,16,0,0,0,269314,0
137125,16,0,0,0,269443,0
137126,22,0,0,0,269449,0
137127,7,0,0,0,269450,269451
137128,1,0,0,0,269452,269453
137129,11,1,0,0,0,269510
137130,7,0,0,0,269528,269529
137131,11,1,0,0,269715,269716
137132,4,0,0,4,269717,269718
137133,4,0,0,4,269719,269720
137134,11,0,0,0,269762,269763
137135,6,0,0,4,269794,269795
137136,3,1,9,0,269796,269797
137137,1,0,0,0,269798,269799
137138,1,1,0,0,269800,269801
137139,1,1,0,0,269802,269803
137140,1,0,0,0,269804,269805
137141,1,0,0,0,269806,269807
137142,1,0,0,0,269808,269809
137143,1,0,0,0,269810,269811
137144,1,0,0,0,269812,269813
137145,1,0,3,0,269897,269898
137148,26,0,3,0,269902,0
137152,1,0,0,0,270109,270110
137154,1,1,0,0,270137,270138
137155,2,1,0,0,270139,270140
137156,9,0,0,0,270141,0
137157,10,0,0,0,270142,270143
137158,6,0,0,0,270144,270145
137159,1,1,0,0,270146,270147
137160,2,0,0,0,270148,270149
137161,2,0,0,0,270150,270151
137162,10,0,0,0,270152,270153
137163,9,1,0,0,270154,0
137164,7,0,0,0,270155,270156
137165,1,0,0,0,270157,270158
137166,1,0,0,0,270162,270163
137167,1,0,0,0,270203,270204
137168,1,1,0,0,270205,270206
137169,1,0,8,0,270207,270208
137170,10,1,0,0,270209,270210
137171,11,0,0,0,270211,270212
137172,11,1,0,0,270223,270224
137173,11,0,0,0,270225,270226
137174,9,0,0,0,270232,0
137175,5,0,0,0,270256,270257
137176,5,0,0,0,270258,270259
137177,5,1,0,0,270260,270261
137178,5,1,0,0,270262,270263
137179,5,0,0,0,270264,270265
137180,5,0,0,0,270266,270267
137181,5,1,0,0,270268,270269
137182,5,1,0,0,270270,270271
137183,4,1,0,0,270287,270288
137184,1,0,0,0,270326,270327
137185,8,1,0,0,270328,270329
137186,4,1,0,0,270389,270390
137187,4,0,6,0,0,270392
137188,4,0,0,0,270393,270394
137189,4,0,0,0,270395,270396
137190,4,1,0,0,0,270400
137206,4,0,0,0,270504,270505
137207,4,1,0,0,270506,270507
137208,1,0,0,0,270508,270509
137213,4,0,0,0,270522,270523
137214,10,0,0,0,270730,270731
137215,9,1,0,0,270753,0
137216,9,1,0,0,270766,0
137217,9,0,0,0,270772,0
137218,9,0,0,0,270773,0
137229,7,0,0,0,270853,270854
137230,10,1,0,0,270860,270861
137231,1,1,0,0,270885,270886
137232,4,1,0,0,270889,270890
137233,6,0,0,0,270892,270893
137234,6,0,0,0,270894,270895
137235,1,1,0,0,270921,270922
137236,16,0,0,0,270951,0
137237,16,0,0,0,270952,0
137238,16,0,0,0,270953,0
137239,16,0,0,0,270954,0
137240,11,1,0,0,270955,270956
137241,4,1,12,4,271119,271120
137242,6,0,0,0,271121,271122
137243,6,1,0,0,271123,271124
137244,6,0,0,0,271127,271128
137245,6,1,0,4,271129,271130
137246,6,1,0,0,271131,271132
137247,7,0,0,0,271202,271203
137248,16,0,0,0,271307,0
137249,1,0,0,0,271338,271339
137250,16,0,0,0,271340,0
137251,10,0,6,0,271746,271747
137253,4,1,12,0,271750,271751
137254,4,0,12,0,271752,271753
137255,4,0,12,0,271754,271755
137256,10,1,12,0,271756,271757
137257,4,0,12,0,271758,271759
137258,4,0,12,0,271760,271761
137259,10,1,12,0,271762,271763
137260,10,1,12,0,271764,271765
137261,10,1,12,0,271766,271767
137262,10,0,0,0,271776,271777
137263,10,0,0,0,271778,271779
137264,10,1,0,0,271780,271781
137265,10,1,0,0,271782,271783
137266,16,0,0,0,271784,0
137267,16,0,0,0,271785,0
137268,16,0,0,0,271786,0
137269,16,0,0,0,271787,0
137270,1,1,0,0,271788,271789
137271,1,1,0,0,271950,271951
137273,16,0,0,0,271965,0
137274,16,0,0,0,271966,0
137275,16,0,0,0,271967,0
137276,10,1,0,0,271968,271969
137277,16,0,0,0,271970,0
137278,10,1,0,0,271971,271972
137279,10,0,0,0,271973,271974
137280,10,0,0,0,271975,271976
137282,1,0,0,0,271999,272000
137284,1,0,0,0,272003,272004
137286,1,1,0,0,272006,272007
137287,1,1,0,0,272008,272009
137297,1,0,0,0,272024,272025
137314,1,0,0,0,272169,272170
137315,1,1,0,0,272174,272175
137316,4,0,0,0,272176,272177
137317,10,0,0,0,272193,272194
137318,1,0,6,0,272348,272349
137319,16,0,0,0,272350,0
137320,16,0,0,0,272351,0
137321,16,0,0,0,272352,0
137322,20,0,0,0,272353,0
137323,20,0,0,0,272354,0
137324,20,0,0,0,272355,0
137340,1,0,0,0,272433,272434
137342,4,0,0,0,272438,272439
137367,3,0,0,0,272536,272537
137369,3,0,0,0,272540,272541
137370,3,1,0,0,272542,272543
137371,3,1,0,0,272544,272545
137376,4,1,0,0,272552,272553
137377,4,0,0,0,272554,272555
137378,4,0,0,0,272556,272557
137380,10,1,0,0,272575,272576
137385,11,0,0,4,272592,272593
137393,11,0,0,4,272602,272603
137394,22,0,0,0,272655,0
137395,11,0,0,0,272666,272667
137397,11,0,0,4,272788,272789
137400,11,0,0,4,272790,272791
137401,11,1,0,4,272792,272793
137402,11,1,0,4,272794,272795
137406,11,0,0,4,272796,272797
137408,16,0,0,0,272798,0
137409,16,0,0,0,272799,0
137412,5,0,0,0,272819,272820
137417,4,1,0,0,272951,272952
137421,16,0,0,0,273019,0
137422,6,0,0,0,273020,273021
137423,11,0,0,4,273031,273032
137424,11,0,0,4,273033,273034
137425,11,1,0,4,273035,273036
137426,11,1,0,4,273037,273038
137461,4,0,0,0,0,273150
137467,3,0,0,0,273271,273272
137468,3,0,0,0,273275,273276
137469,3,1,0,0,273278,273279
137470,3,1,0,0,273280,273281
137472,3,0,0,0,273285,273286
137473,3,0,0,0,273287,273288
137474,3,1,0,0,273289,273290
137475,3,1,0,0,273291,273292
137476,3,0,0,0,273293,273294
137477,3,0,0,0,273295,273296
137478,3,0,0,0,273330,273331
137480,10,1,8,0,273333,273334
137481,3,0,0,0,273335,273336
137482,3,1,0,0,273337,273338
137483,3,1,0,0,273339,273340
137484,3,0,0,0,273342,273343
137485,4,0,0,0,0,273348
137486,4,1,0,0,0,273350
137487,4,1,0,0,273399,273400
137488,10,0,6,0,273401,273402
137489,1,1,0,0,273403,273404
137490,1,0,0,0,273405,273406
137491,4,0,0,0,273407,273408
137492,1,1,8,0,273409,273410
137493,10,0,0,0,273411,273412
137494,10,1,0,0,273413,273414
137495,4,1,0,0,273415,273416
137496,4,0,0,0,273417,273418
137497,1,0,0,0,273419,273420
137498,1,1,0,0,273421,273422
137499,1,0,0,0,0,273424
137500,1,1,0,0,273425,273426
137501,1,0,0,0,273427,273428
137502,1,1,0,0,273429,273430
137503,1,0,0,0,273431,273432
137504,1,1,0,0,273433,273434
137506,1,0,0,0,273436,273437
137507,1,1,0,0,273438,273439
137508,2,0,0,0,273440,273441
137509,2,1,3,0,273499,273500
137510,11,0,0,0,273545,273546
137511,11,0,0,0,273547,273548
137514,3,0,0,0,281059,281061
137515,5,0,0,0,293519,293520
137516,5,0,0,0,293521,293522
137517,5,0,0,0,293523,293524
137518,5,0,0,0,293526,293527
137519,10,1,0,0,0,293528
137520,22,0,0,0,293539,0
137521,24,0,0,0,293540,0
137522,24,1,0,0,293541,0
137523,24,1,0,0,293542,0
137524,24,0,0,0,293543,0
137525,24,0,10,0,293546,0
137526,1,0,0,0,293551,293552
137527,10,1,0,0,0,300491
137528,3,0,0,0,300492,300493
137529,22,0,6,0,300494,0
137530,14,0,0,0,300598,0
137531,1,1,0,0,300599,300600
137532,1,0,0,0,300601,300602
137533,5,1,0,0,300603,300604
137534,5,0,0,0,300605,300606
137535,1,0,0,0,300607,300608
137536,1,1,0,0,300609,300610
137537,10,0,0,0,0,300612
137538,10,1,0,0,0,300613
137539,22,1,0,0,300614,0
137540,2,0,0,0,300615,300616
137541,2,0,0,0,300643,300644
137542,8,0,0,0,301151,301152
137543,3,1,0,0,301153,301154
137544,2,0,0,0,301155,301156
137545,11,1,0,0,301157,301158
137546,3,0,0,0,310776,310777
137547,1,0,0,0,310778,310779
137548,3,0,0,0,318167,318168
137549,4,0,6,0,0,324451
137550,4,1,0,0,0,324452
137551,4,1,0,0,0,324453
137552,11,0,0,4,350395,324526
137553,11,1,0,4,350396,324527
137554,4,1,6,0,0,324661
137555,20,0,0,0,325480,0
137556,20,0,0,0,325481,0
137557,20,0,0,0,325482,0
137558,3,0,0,0,325492,325493
137559,8,0,0,0,325497,325498
137560,2,0,0,0,325499,325500
137561,11,1,0,0,325502,325503
137562,3,1,0,0,325514,325515
137563,2,0,0,0,325648,325649
137564,1,0,0,0,325653,325650
137565,4,1,6,0,0,325651
137566,10,0,0,0,0,325652
137567,10,1,0,0,0,325654
137568,1,0,0,0,325655,325656
137569,10,1,0,0,0,325657
137570,4,1,0,0,0,325658
137571,10,0,0,0,0,325659
137572,1,0,3,0,325660,325661
137573,1,0,3,0,325662,325663
137574,3,0,3,0,325664,325665
137575,10,1,3,0,0,325666
137576,1,1,3,0,325667,325668
137577,2,0,3,0,325669,325670
137578,4,1,3,0,0,325671
137579,7,1,3,0,325672,325673
137580,7,1,0,0,325674,325675
137581,11,1,0,0,325676,325677
137582,10,1,12,0,0,325678
137583,2,0,0,0,0,325892
137584,4,0,0,0,0,325893
137599,13,0,0,0,325998,0
137600,11,0,0,4,350397,326000
137602,11,0,0,4,350398,326010
137603,11,0,0,4,350399,326011
137604,11,1,0,4,350400,326012
137605,11,1,0,4,350401,326013
137606,11,1,0,4,350402,326014
137607,2,0,0,0,326137,326138
137608,9,0,0,0,326204,0
137609,11,0,0,0,326205,326206
137610,1,0,0,0,326210,326211
137611,2,0,0,0,326212,326213
137612,4,1,6,0,0,326214
137613,8,1,0,0,326215,326216
137614,1,0,0,0,326217,326218
137615,1,1,0,0,326219,326220
137616,10,1,0,0,0,326221
137617,2,0,0,0,326222,326223
137618,10,0,0,0,0,326224
137619,4,1,0,0,0,326225
137620,1,1,0,0,326226,326227
137621,3,0,0,0,326228,326229
137622,1,0,0,0,326230,326231
137623,3,0,0,0,326232,326233
137624,1,1,0,0,326234,326235
137625,2,1,0,0,326236,326237
137626,1,0,0,0,326440,326441
137627,11,1,0,0,326442,326443
137632,4,0,0,0,0,326500
137636,3,0,0,0,326535,326536
137637,1,1,0,0,0,326882
137638,8,0,5,0,326883,326884
137639,3,0,0,0,326949,326950
137640,4,0,0,0,0,326951
137641,5,0,0,0,326971,326972
137642,13,1,0,0,326973,0
137643,16,0,0,0,327016,0
137644,1,0,8,0,327042,327043
137645,1,1,0,0,327044,327045
137646,3,0,0,0,327048,327049
137647,9,1,0,0,327050,0
137648,4,0,12,0,0,327051
137651,6,0,0,0,327253,327254
137652,7,0,5,0,0,327273
137653,7,0,0,0,327274,327275
137661,11,0,0,0,327278,327279
137662,8,0,8,5,350403,327292
137663,10,0,5,0,0,327293
137664,9,1,0,0,327295,0
137665,14,0,0,0,327296,0
137666,1,0,0,0,327352,327353
137667,7,1,0,0,327355,327356
137668,6,0,3,0,327393,327394
137669,6,0,0,0,327395,327396
137670,11,0,0,0,327397,327398
137671,11,0,0,0,327399,327400
137672,11,1,0,0,327401,327402
137673,11,1,0,0,327403,327404
137674,11,1,0,0,327417,327418
137676,11,1,8,4,350404,327589
137677,6,1,0,0,327653,327654
137678,6,1,0,0,327655,327656
137679,4,1,12,0,0,327657
137680,10,0,12,0,0,327658
137681,11,1,0,0,327749,327750
137682,4,0,0,4,0,327751
137683,4,1,0,4,0,327752
137684,4,0,0,4,0,327763
137685,10,1,0,0,0,327770
137686,2,0,0,0,327771,327772
137687,5,1,0,0,327773,327774
137688,5,0,0,0,327775,327776
137689,1,1,0,0,327777,327778
137690,1,0,0,0,327779,327780
137691,7,0,0,0,327781,327782
137692,3,0,0,0,327783,327784
137693,4,0,0,0,0,327785
137694,1,0,0,0,327786,327787
137695,1,0,6,0,327788,327789
137696,11,0,0,0,327790,327791
137697,3,0,5,0,327792,327793
137698,1,0,0,0,327913,327914
137699,11,0,0,0,327915,327916
137700,1,1,0,0,327917,327918
137701,1,1,0,0,327919,327920
137702,1,0,0,0,327921,327922
137703,1,0,0,0,327923,327924
137704,1,1,0,0,0,327957
137705,5,0,0,0,327958,327959
137706,5,1,0,0,327960,327961
137707,2,0,0,0,327984,327985
137708,1,0,0,0,327992,327986
137709,10,1,0,0,0,327987
137710,2,1,0,0,327988,327989
137711,3,0,0,0,327990,327991
137713,2,0,0,0,328229,328230
137714,4,0,0,0,0,328246
137715,11,1,0,0,328358,328359
137716,11,1,0,0,328360,328361
137717,11,0,0,0,328362,328363
137718,11,0,0,0,328364,328365
137719,22,0,0,0,328545,0
137720,11,0,0,4,350405,328576
137728,4,0,0,4,0,328588
137731,2,1,0,4,350406,328593
137737,1,1,0,0,328614,328615
137738,7,0,0,0,328657,328658
137739,7,0,0,0,328659,328660
137740,10,1,12,0,0,328661
137741,4,1,0,4,0,328662
137742,4,1,0,4,0,328663
137743,4,1,0,4,0,328664
137744,4,1,0,4,0,328665
137745,4,1,0,4,0,328666
137746,4,1,0,4,0,328667
137747,4,1,0,4,0,328668
137748,4,1,0,4,0,328669
137749,4,1,0,4,0,328670
137750,4,1,0,4,0,328671
137751,4,1,0,4,0,328672
137752,4,1,0,4,0,328673
137753,8,0,0,0,328841,328842
137754,8,0,0,0,328843,328844
137755,8,0,0,0,328845,328846
137756,8,0,0,0,328847,328848
137757,8,0,0,0,328849,328850
137758,8,0,0,0,328851,328852
137759,8,0,0,0,328854,328855
137760,1,0,0,0,328861,328862
137762,1,0,0,0,328927,328928
137763,3,1,0,0,328929,328930
137764,5,0,0,0,328931,328932
137765,1,0,0,0,329279,329280
137767,1,1,0,0,329283,329284
137768,10,1,0,0,0,329285
137769,10,1,0,0,0,329286
137770,10,0,0,0,0,329287
137771,10,0,0,0,0,329288
137774,4,1,0,4,0,329630
137775,7,0,0,0,329641,329642
137776,1,1,0,0,329677,329678
137777,1,0,0,0,329679,329680
137778,1,1,6,4,350407,329716
137779,1,0,6,0,329754,329755
137780,1,1,0,0,329756,329757
137781,1,0,0,0,329786,329787
137782,7,1,0,0,331281,331282
137783,1,1,0,0,337686,337688
137784,7,0,0,0,338199,338200
137785,3,1,0,0,338377,338378
137786,4,0,0,0,0,338425
137787,6,0,0,4,350408,338502
137788,6,0,0,4,350409,338503
137789,6,1,0,4,350410,338504
137790,6,0,0,4,350411,338505
137791,24,1,0,0,338509,0
137796,4,1,0,0,0,338528
137805,4,0,0,0,0,338541
137808,16,0,1,0,338546,0
137809,16,0,1,0,338547,0
137810,16,0,1,0,338548,0
137811,2,0,0,0,338549,338550
137814,10,1,6,0,0,338554
137817,2,0,0,0,338557,338558
137820,10,1,0,0,0,338562
137823,5,0,0,0,338566,338567
137825,10,0,0,0,0,338698
137826,6,0,0,0,338699,338700
137827,5,0,0,0,338701,338702
137828,2,1,0,0,338703,338704
137829,8,0,0,0,338705,338706
137830,10,1,0,0,0,338707
137831,6,0,0,0,338708,338709
137832,5,0,0,0,338710,338711
137833,16,0,1,0,338712,0
137834,7,1,0,0,338713,338714
137835,2,0,0,0,338715,338716
137836,5,0,0,0,338717,338718
137837,10,1,0,0,0,338720
137838,8,0,0,0,338723,338724
137839,8,0,0,0,338726,338727
137840,5,0,0,0,338734,338735
137842,9,1,0,0,338752,0
137843,6,0,0,0,338753,338754
137844,1,0,0,0,338755,338756
137845,1,0,0,0,338757,338758
137846,1,0,0,0,338759,338760
137847,10,1,6,0,0,338844
137848,1,0,0,0,338845,338846
137849,1,0,6,0,338847,338848
137850,1,1,0,0,339066,339067
137851,2,1,0,0,339068,339069
137852,8,0,0,0,339070,339071
137853,6,1,0,0,339072,339073
137854,5,0,0,0,339074,339075
137855,6,0,0,0,339076,339077
137856,8,1,0,0,339078,339079
137860,2,1,0,0,339086,339087
137861,2,0,0,0,339088,339089
137862,1,0,0,0,339090,339091
137863,8,0,0,0,339092,339093
137864,8,0,0,0,339094,339095
137865,4,0,0,0,0,339096
137866,16,0,0,0,339097,0
137867,16,0,0,0,339243,0
137868,16,0,0,0,339244,0
137869,4,0,4,4,0,339245
137870,4,0,11,5,0,339299
137871,4,0,11,5,0,339300
137872,4,0,11,5,0,339301
137873,4,0,11,5,0,339302
137874,4,0,11,5,0,339303
137875,4,1,11,5,0,339304
137876,4,0,11,5,0,339305
137877,4,0,11,5,0,339306
137878,11,0,2,0,339340,339342
137879,1,0,0,0,339347,339348
137880,4,0,0,0,0,339349
137881,1,0,0,0,339350,339351
137882,1,0,0,0,339652,339653
137883,1,0,0,0,339654,339655
137884,1,0,0,0,339656,339657
137885,1,0,0,0,340036,340037
137886,1,0,0,0,340047,340048
137888,1,1,0,0,340066,340067
137889,10,0,0,0,0,340068
137890,10,1,0,0,0,340069
137891,11,0,0,0,340070,340071
137892,11,1,0,0,340072,340073
137893,3,0,0,0,340074,340075
137894,3,1,0,0,340076,340077
137895,6,0,0,0,340078,340079
137896,6,1,0,0,340080,340081
137897,1,1,0,0,340082,340083
137898,10,0,0,0,0,340084
137899,10,1,0,0,0,340085
137900,11,0,0,0,340086,340087
137901,11,1,0,0,340088,340089
137902,3,0,0,0,340125,340126
137903,3,1,0,0,340127,340128
137904,6,0,0,0,340129,340130
137905,6,1,0,0,340131,340132
137906,1,1,0,0,340133,340134
137907,10,0,0,0,0,340135
137908,10,1,0,0,0,340136
137909,11,0,0,0,340137,340138
137910,11,1,0,0,340139,340140
137911,3,0,0,0,340141,340142
137912,3,1,0,0,340143,340144
137913,6,0,0,0,340145,340146
137914,6,1,0,0,340147,340148
137915,1,1,0,0,0,340150
137916,10,0,0,0,0,340151
137917,10,1,0,0,0,340153
137918,11,0,0,0,0,340155
137919,11,1,0,0,0,340157
137920,3,0,0,0,0,340159
137921,3,1,0,0,0,340161
137922,6,0,0,0,0,340163
137923,6,1,0,0,0,340165
137924,1,0,6,0,340166,340167
137925,1,0,0,0,340168,340169
137926,1,1,0,0,340170,340171
137927,4,0,0,0,0,340173
137928,11,1,0,0,340196,340197
137929,11,0,0,0,340198,340199
137944,1,0,0,0,340251,340252
137945,2,0,0,0,340277,340278
137946,8,1,0,0,340279,340280
137947,3,1,6,0,340281,340282
137948,1,1,0,0,340283,340284
137949,2,1,6,0,340285,340286
137950,8,0,0,0,340287,340288
137951,3,0,0,0,340289,340290
137952,10,0,6,0,0,340291
137953,10,1,6,0,0,340292
137954,5,0,0,0,340293,340294
137955,5,1,0,0,340295,340296
137956,7,0,0,0,340297,340298
137957,7,1,0,0,340299,340300
137958,4,0,0,0,0,340303
137959,4,1,12,0,0,340302
137960,2,0,6,0,340304,340305
137961,11,0,0,0,340306,340307
137963,6,0,0,0,340310,340311
137964,2,1,0,0,340312,340313
137965,11,1,6,0,340314,340315
137966,6,1,0,0,340316,340317
137967,1,1,6,0,340318,340319
137968,5,0,0,0,340320,340321
137969,22,0,6,0,340322,0
137970,7,1,0,0,340323,340324
137971,7,1,0,0,340325,340326
137972,10,0,0,0,0,340327
137973,7,1,0,0,340328,340329
137974,7,1,0,0,340330,340331
137975,3,0,0,0,340332,340333
137976,5,1,0,0,340334,340335
137977,22,1,0,0,340336,0
137978,7,0,0,0,340337,340338
137979,7,0,0,0,340339,340340
137980,10,1,6,0,0,340341
137981,7,0,0,0,340342,340343
137982,7,0,0,0,340344,340345
137984,3,1,6,0,340348,340349
137985,4,1,0,0,0,340350
137986,6,1,0,0,340351,340352
137987,1,0,0,0,340353,340354
137988,1,0,3,0,340355,340356
137989,1,0,3,0,340357,340358
137990,10,0,0,0,0,340368
137991,1,1,0,0,340369,340370
137992,10,1,0,0,0,340371
137993,6,0,0,0,340372,340373
137994,2,1,0,0,340374,340375
137995,2,0,0,0,340376,340377
137996,4,1,0,0,0,340378
137997,4,0,0,0,0,340379
137998,9,1,0,0,340380,0
137999,9,0,0,0,340381,0
138000,22,1,0,0,340382,0
138001,22,0,6,0,340383,0
138002,8,0,0,0,340384,340385
138003,6,1,0,0,340386,340387
138005,6,0,0,0,340390,340391
138006,7,1,0,0,340392,340393
138007,7,0,0,0,340394,340395
138008,1,1,0,0,340396,340397
138009,2,1,0,0,340398,340399
138010,2,0,0,0,340400,340401
138011,11,1,0,0,340402,340403
138012,11,0,0,0,340404,340405
138013,3,1,0,0,340406,340407
138014,3,0,0,0,340408,340409
138015,8,1,0,0,340410,340411
138016,8,0,0,0,340412,340413
138017,25,1,0,0,340414,0
138018,25,0,0,0,340415,0
138019,5,1,0,0,340416,340417
138020,5,0,0,0,340418,340419
138021,1,1,3,0,340420,340421
138022,10,0,3,0,0,340422
138023,10,1,3,0,0,340423
138024,4,0,3,0,0,340424
138025,4,1,3,0,0,340425
138026,6,0,3,0,340426,340427
138027,6,1,3,0,340428,340429
138028,3,0,3,0,340430,340431
138029,3,1,3,0,340432,340433
138030,8,0,3,0,340434,340435
138031,8,1,3,0,340436,340437
138032,22,0,6,0,340438,0
138033,22,1,3,0,340439,0
138034,9,0,3,0,340440,0
138035,9,1,3,0,340441,0
138036,1,1,3,0,340442,340443
138037,2,0,3,0,340444,340445
138038,2,1,3,0,340446,340447
138039,11,0,3,0,340448,340449
138040,11,1,3,0,340450,340451
138041,10,0,3,0,0,340452
138042,10,1,3,0,0,340453
138043,4,0,3,0,0,340454
138044,4,1,3,0,0,340455
138045,26,0,3,0,340456,0
138046,26,1,3,0,340457,0
138047,7,0,3,0,340458,340459
138048,7,1,3,0,340460,340461
138049,5,0,3,0,340462,340463
138050,5,1,3,0,340464,340465
138051,10,1,0,0,0,340466
138052,10,1,0,0,0,340467
138054,10,0,0,0,0,340470
138055,1,1,0,0,340471,340472
138056,1,0,0,0,340473,340474
138057,9,1,0,0,340482,0
138058,9,0,0,0,340483,0
138059,7,1,0,0,340484,340485
138060,7,0,0,0,340486,340487
138064,2,0,0,4,340735,340736
138065,8,1,0,0,340748,340749
138066,8,0,0,0,340750,340751
138067,4,1,0,0,0,340752
138068,4,0,0,0,0,340753
138069,5,1,0,0,340754,340755
138070,5,0,0,0,340756,340757
138071,3,1,0,0,340758,340759
138072,3,0,0,0,340760,340761
138073,10,0,0,0,0,340762
138074,1,1,0,0,340763,340764
138075,1,0,0,0,340765,340766
138076,11,0,0,0,340767,340768
138077,11,1,0,0,340769,340770
138078,8,0,0,0,340771,340772
138079,8,1,0,0,340773,340774
138080,7,0,0,0,340775,340776
138081,7,1,0,0,340777,340778
138082,2,0,0,0,340779,340780
138084,2,1,0,0,340783,340784
138085,22,0,0,0,340785,0
138086,22,1,0,0,340786,0
138087,26,0,0,0,340787,0
138088,26,1,0,0,340788,0
138089,11,1,0,0,340800,340801
138090,4,1,0,0,0,340808
138092,3,0,0,0,340811,340812
138093,11,1,0,0,340813,340814
138094,4,0,0,0,0,340815
138095,11,0,0,0,340825,340826
138096,7,0,0,0,340827,340828
138097,5,0,0,0,340829,340830
138098,5,1,0,0,340831,340832
138099,1,0,0,0,340833,340834
138100,1,1,0,0,340837,340838
138101,1,0,0,0,0,340840
138102,10,0,0,0,0,340841
138103,10,1,0,0,0,340843
138104,3,0,0,0,340844,340845
138105,3,1,0,0,340846,340847
138106,9,0,0,0,340848,0
138107,9,1,0,0,340849,0
138108,7,1,0,0,340850,340851
138109,8,0,0,0,340852,340853
138110,8,1,0,0,340854,340855
138111,1,0,0,0,340856,340857
138112,1,1,0,0,340858,340859
138113,6,0,0,0,340863,340864
138114,8,0,6,0,340865,340866
138115,6,1,0,0,340867,340868
138116,11,0,0,0,340869,340870
138117,10,0,0,0,0,340871
138118,10,1,0,0,0,340872
138119,4,0,0,0,0,340873
138120,4,1,6,0,0,340874
138121,5,0,0,0,340875,340876
138122,5,1,0,0,340877,340878
138123,22,0,0,0,340879,0
138124,22,1,0,0,340880,0
138125,8,0,0,0,340881,340882
138126,8,1,0,0,340883,340884
138127,3,1,0,0,340885,340886
138128,10,0,0,0,0,340887
138129,10,1,0,0,0,340888
138130,1,0,0,0,340889,340890
138131,2,0,0,0,340891,340892
138132,1,1,0,0,340893,340894
138133,2,0,0,0,340895,340896
138134,2,1,0,0,340897,340898
138135,8,0,0,0,340899,340900
138136,2,0,0,0,340901,340902
138137,8,1,0,0,340903,340904
138138,2,1,0,0,340905,340906
138139,2,1,0,0,340907,340908
138140,2,1,6,0,340909,340910
138141,11,0,0,0,340911,340912
138142,11,1,0,0,340913,340914
138143,5,0,0,0,340915,340916
138144,5,1,0,0,340917,340918
138145,7,0,0,0,340919,340920
138147,7,1,0,0,340923,340924
138148,9,0,0,0,340925,0
138149,9,1,0,0,340926,0
138151,11,0,0,0,340929,340930
138152,5,0,0,0,340931,340932
138153,5,1,0,0,340933,340934
138154,1,0,0,0,340939,340940
138155,1,1,0,0,340942,340943
138156,6,0,0,0,340944,340945
138157,6,1,0,0,340946,340947
138158,3,0,0,0,340948,340949
138159,3,1,0,0,340950,340951
138160,8,0,0,0,340952,340953
138161,8,1,0,0,340954,340955
138162,8,1,0,0,340956,340957
138163,4,0,0,0,0,340959
138164,4,1,0,0,0,340964
138165,10,0,0,0,0,341018
138166,10,1,0,0,0,341052
138167,1,0,0,0,0,341062
138168,1,0,0,0,341063,341064
138169,1,0,0,0,341065,341066
138170,1,0,0,0,341067,341068
138171,10,0,0,0,0,341069
138173,9,0,0,0,341075,0
138174,1,1,9,0,341076,341077
138175,1,0,0,0,341078,341079
138176,1,1,0,0,0,341081
138177,2,0,0,0,341082,341083
138178,4,1,0,0,0,341084
138179,2,1,0,0,341085,341086
138180,1,1,0,0,341087,341088
138181,4,0,0,0,0,341089
138182,9,0,0,0,341090,0
138183,9,1,0,0,341091,0
138184,25,0,0,0,341092,0
138185,25,1,0,0,341093,0
138186,8,0,0,0,341094,341095
138187,8,1,0,0,341096,341097
138189,22,0,0,0,341099,0
138190,22,1,0,0,341100,0
138191,5,0,0,0,341101,341102
138192,5,1,0,0,341103,341104
138193,10,1,0,0,0,341105
138194,1,1,0,0,0,341107
138195,24,0,0,0,341108,0
138196,11,0,0,0,341109,341110
138197,24,1,0,0,341111,0
138198,24,0,0,0,341112,0
138199,10,0,10,0,0,341113
138200,2,0,0,0,341114,341115
138201,24,1,0,0,341152,0
138202,1,1,0,0,341153,341154
138203,9,0,0,0,341155,0
138204,9,1,0,0,341156,0
138205,4,0,0,0,0,341157
138206,4,1,0,0,0,341158
138207,8,0,0,0,341159,341160
138208,8,1,0,0,341161,341162
138209,22,0,6,0,341163,0
138210,22,1,0,0,341164,0
138211,10,0,0,0,0,341165
138212,10,1,0,0,0,341166
138213,7,0,0,0,341167,341168
138214,7,1,0,0,341169,341170
138215,5,0,0,0,341171,341172
138216,5,1,0,0,341173,341174
138217,1,1,0,0,341175,341176
138218,2,1,0,0,341177,341178
138219,2,0,0,0,341179,341180
138220,3,0,0,0,341181,341182
138221,3,1,0,0,341183,341184
138222,10,0,0,0,0,341185
138223,10,1,0,0,0,341186
138224,7,0,0,0,341197,341198
138225,7,1,0,0,341199,341200
138226,9,0,0,0,341201,0
138227,9,1,0,0,341202,0
138228,4,0,0,0,0,341203
138229,4,1,6,0,0,341204
138230,8,0,0,0,341205,341206
138231,8,1,0,0,341207,341208
138232,10,1,0,0,0,341209
138233,1,0,0,0,341210,341211
138234,1,1,0,0,341212,341213
138235,4,0,0,0,0,341214
138236,4,1,0,0,0,341215
138237,2,0,0,0,341216,341217
138238,2,1,0,0,341218,341219
138239,3,0,0,0,341220,341221
138240,3,1,0,0,341222,341223
138241,5,0,0,0,341224,341225
138242,5,1,0,0,341226,341227
138243,22,0,0,0,341228,0
138244,22,1,0,0,341229,0
138245,8,0,0,0,341230,341231
138246,8,1,0,0,341232,341233
138248,8,0,0,0,341236,341237
138249,8,1,0,0,341238,341239
138250,11,0,0,0,341240,341241
138251,11,1,0,0,341242,341243
138252,2,0,0,0,341244,341245
138253,2,1,0,0,341246,341247
138254,3,0,0,0,341248,341249
138255,3,1,0,0,341250,341251
138256,6,0,0,0,341252,341253
138257,6,1,0,0,341254,341255
138258,25,0,0,0,341256,0
138259,25,1,0,0,341257,0
138260,9,0,0,0,341258,0
138261,9,1,0,0,341259,0
138262,8,1,0,0,341260,341261
138263,11,0,0,0,341262,341263
138264,11,1,0,0,341264,341265
138265,2,0,0,0,341266,341267
138266,2,1,0,0,341268,341269
138267,3,0,0,0,341270,341271
138268,3,1,0,0,341272,341273
138269,6,0,0,0,341274,341275
138270,6,1,0,0,341276,341277
138271,25,0,0,0,341278,0
138272,25,1,0,0,341279,0
138273,9,0,0,0,341280,0
138274,9,1,0,0,341284,0
138275,1,1,0,0,341285,341286
138276,10,0,0,0,0,341287
138277,10,1,0,0,0,341288
138278,22,0,0,0,341289,0
138279,22,1,0,0,341290,0
138280,5,0,0,0,341291,341292
138281,5,1,0,0,341293,341294
138282,7,0,0,0,341295,341296
138283,7,1,0,0,341297,341298
138284,2,0,0,0,341299,341300
138285,2,1,0,0,341301,341302
138286,4,0,0,0,0,341303
138287,3,0,0,0,341304,341305
138288,7,1,0,0,341306,341307
138289,3,1,0,0,341308,341309
138290,9,0,0,0,341310,0
138291,9,1,0,0,341311,0
138292,1,0,9,0,341312,341313
138293,8,0,9,0,341314,341315
138294,8,1,9,0,341316,341317
138295,22,0,9,0,341318,0
138296,22,1,9,0,341319,0
138297,10,0,9,0,0,341320
138298,10,1,9,0,0,341321
138299,7,0,9,0,341322,341323
138300,7,1,9,0,341324,341325
138301,2,0,9,0,341326,341327
138302,2,1,9,0,341328,341329
138303,3,0,9,0,341330,341331
138304,3,1,9,0,341332,341333
138305,5,0,9,0,341334,341335
138306,5,1,9,0,341336,341337
138307,6,0,0,0,341338,341339
138308,4,0,4,4,0,341361
138309,24,1,0,0,341365,0
138310,6,0,0,0,341366,341367
138311,6,1,0,0,341368,341369
138312,4,0,0,0,0,341370
138313,1,0,0,0,341371,341372
138314,1,1,0,0,341373,341374
138315,2,0,0,0,341377,341378
138316,2,0,0,0,341379,341380
138317,2,1,0,0,341381,341382
138318,3,0,0,0,341387,341388
138319,3,1,0,0,341389,341390
138320,10,0,0,0,0,341395
138321,10,1,0,0,0,341396
138322,4,0,0,0,0,341397
138323,4,1,0,0,0,341398
138324,5,0,0,0,341401,341402
138325,5,1,0,0,341405,341406
138326,4,0,0,0,0,341421
138327,11,1,0,0,341422,341423
138328,26,0,0,0,341424,0
138329,26,1,0,0,341427,0
138330,3,0,0,0,341428,341429
138331,3,1,0,0,341430,341431
138332,2,0,0,0,341432,341433
138333,2,1,0,0,341434,341435
138334,1,0,0,0,341436,341437
138335,1,1,0,0,341438,341439
138337,6,0,0,0,341461,341462
138338,6,1,0,0,341463,341464
138339,7,0,0,0,341465,341466
138340,7,1,0,0,341467,341468
138341,8,0,0,0,341469,341470
138342,8,1,0,0,341471,341472
138343,24,0,0,0,341473,0
138344,6,0,0,0,341474,341475
138345,6,1,0,0,341476,341477
138346,11,0,0,0,341478,341479
138347,11,1,0,0,341480,341481
138348,2,0,0,0,341482,341483
138349,2,1,0,0,341484,341485
138350,3,0,0,0,341486,341487
138351,3,1,0,0,341488,341489
138352,10,0,0,0,0,341490
138353,10,1,0,0,0,341491
138354,1,0,0,0,341492,341493
138355,1,1,0,0,341494,341495
138356,5,0,0,0,341496,341497
138357,5,1,0,0,341498,341499
138358,24,1,0,0,341500,0
138359,10,0,0,0,0,341501
138360,10,1,0,0,0,341502
138361,7,0,0,0,341503,341504
138362,5,0,0,0,341505,341506
138363,5,1,0,0,341507,341508
138364,4,0,0,0,0,341509
138365,4,1,0,0,0,341510
138366,2,0,0,0,341511,341512
138367,2,1,0,0,341513,341514
138368,11,0,0,0,341515,341516
138369,11,1,0,0,341517,341518
138370,8,0,0,0,341519,341520
138371,8,1,0,0,341521,341522
138372,24,0,10,0,341523,0
138373,24,1,10,0,341524,0
138374,10,1,10,0,0,341525
138375,5,0,10,0,341526,341527
138376,7,0,10,0,341528,341529
138378,7,1,10,0,341532,341533
138379,5,1,10,0,341534,341535
138380,4,0,10,0,0,341536
138381,4,1,10,0,0,341537
138382,6,0,10,0,341538,341539
138383,6,1,10,0,341540,341541
138384,3,0,10,0,341542,341543
138385,3,1,10,0,341544,341545
138386,2,0,10,0,341546,341547
138387,2,1,10,0,341548,341549
138388,24,0,0,0,341550,0
138389,24,1,0,0,341551,0
138390,7,0,0,0,341552,341553
138391,7,1,0,0,341554,341555
138392,10,0,0,0,0,341556
138393,10,1,0,0,0,341557
138394,4,0,0,0,0,341558
138395,4,1,0,0,0,341559
138396,2,1,0,0,341560,341561
138397,1,0,0,0,341562,341563
138398,1,1,0,0,341564,341565
138399,8,0,0,0,341566,341567
138400,8,1,0,0,341568,341569
138401,11,0,0,0,341570,341571
138402,11,1,0,0,341572,341573
138403,5,0,0,0,341574,341575
138404,5,1,0,0,341576,341577
138405,10,1,0,0,0,341578
138406,10,0,0,0,0,341579
138407,4,0,0,4,0,341580
138408,4,0,0,4,0,341581
138409,4,0,0,4,0,341582
138410,4,1,0,4,0,341583
138411,4,1,0,4,0,341584
138412,9,0,0,0,341585,0
138413,5,0,0,0,341638,341639
138414,8,1,0,0,341646,341647
138415,1,0,0,0,341648,341649
138423,8,0,0,0,341991,341992
138424,6,0,0,0,341993,341994
138425,1,0,0,0,0,341996
138430,4,1,0,0,0,342015
138431,4,1,0,0,0,342016
138432,4,1,0,0,0,342017
138433,5,1,0,0,342181,342182
138434,5,0,0,0,342183,342184
138435,4,0,4,4,0,342228
138436,4,1,4,4,0,342229
138437,4,1,4,4,0,342230
138438,4,0,4,4,0,342231
138439,4,0,4,4,0,342232
138440,4,1,4,4,0,342233
138441,4,1,4,4,0,342234
138442,1,0,0,0,0,342236
138443,1,1,0,0,0,342238
138444,1,0,0,0,0,342248
138445,1,1,0,0,0,342250
138446,1,0,0,0,342251,342252
138447,1,1,0,0,342253,342254
138448,10,0,0,0,0,342255
138449,10,1,0,0,0,342256
138450,3,0,0,0,342257,342258
138451,3,1,0,0,342259,342260
138452,3,0,0,0,342261,342262
138453,3,1,0,0,342263,342264
138454,10,1,0,0,0,342265
138455,10,1,12,0,0,342268
138456,10,0,6,0,0,342269
138457,4,0,12,0,0,342270
138458,4,1,6,0,0,342271
138459,4,1,0,4,0,342280
138460,4,1,0,0,0,342291
138462,4,0,6,0,0,342293
138463,4,1,0,0,0,342294
138464,4,0,6,0,0,342295
138465,1,0,0,0,0,342306
138466,5,0,0,0,342340,342341
138467,2,1,0,0,342402,342403
138468,1,0,0,0,342489,342490
138469,1,1,0,0,342727,342728
138471,2,1,0,0,342806,342807
138472,2,1,0,0,342808,342809
138473,2,1,0,0,342810,342811
138474,2,0,0,0,342812,342813
138475,2,0,0,0,342814,342815
138476,2,0,0,0,342816,342817
138477,2,0,0,0,342818,342819
138478,6,0,0,0,342820,342821
138479,6,0,0,0,342822,342823
138480,6,0,0,0,342824,342825
138481,6,0,0,0,342826,342827
138482,6,1,0,0,342828,342829
138483,6,1,0,0,342830,342831
138484,6,1,0,0,342832,342833
138485,6,1,0,0,342834,342835
138486,5,1,0,0,342836,342837
138487,5,1,0,0,342838,342839
138488,5,1,0,0,342840,342841
138489,5,1,0,0,342842,342843
138490,5,0,0,0,342844,342845
138491,5,0,0,0,342846,342847
138492,5,0,0,0,342848,342849
138493,5,0,0,0,342850,342851
138494,8,0,0,0,342852,342853
138495,8,0,0,0,342854,342855
138496,8,0,0,0,342856,342857
138497,8,0,0,0,342858,342859
138498,8,1,0,0,342860,342861
138499,8,1,0,0,342862,342863
138500,8,1,0,0,342864,342865
138501,8,1,0,0,342866,342867
138502,9,0,6,0,342873,0
138503,9,0,0,0,342874,0
138504,4,0,0,5,0,342875
138505,1,0,0,5,0,342876
138506,4,1,12,0,0,342880
138507,4,0,12,0,0,342885
138508,6,0,0,0,342956,342957
138509,1,0,0,0,342994,342995
138512,4,1,5,0,0,342996
138513,4,1,5,0,0,342997
138514,4,1,5,0,0,342998
138515,16,0,0,0,343050,0
138516,4,1,11,0,0,343061
138517,4,1,11,0,0,343068
138518,5,1,0,0,343101,343102
138519,5,0,0,0,343201,343202
138520,11,1,0,0,343242,343243
138521,11,0,0,0,343244,343245
138523,1,0,5,0,343247,343248
138524,4,0,6,0,0,343277
138525,4,1,0,0,0,343516
138526,6,1,0,0,343650,343651
138527,4,0,4,4,0,343775
138528,4,0,0,0,0,343860
138529,11,1,0,0,343959,343960
138530,11,1,0,0,343961,343962
138531,11,0,0,0,343963,343964
138532,24,1,0,0,343994,0
138533,6,1,0,0,343995,343996
138534,9,0,0,0,343997,0
138535,1,0,0,4,0,344003
138536,1,1,0,4,350414,344004
138538,16,0,0,0,344010,0
138539,4,0,0,0,0,344289
138540,2,1,0,0,344290,344291
138541,9,0,0,0,344292,0
138542,1,1,0,0,344293,344294
138543,3,0,0,0,344295,344296
138544,2,0,0,4,344309,344310
138545,1,0,6,4,350415,344328
138546,10,1,0,4,0,344340
138547,1,0,0,4,350416,344343
138548,10,1,0,0,0,344344
138549,1,1,0,4,350421,344345
138550,7,1,0,4,0,344346
138551,5,1,0,4,350423,344347
138552,1,0,0,0,0,344349
138553,8,0,0,4,350424,344350
138554,10,1,0,4,0,344351
138555,11,1,0,4,350425,344352
138556,1,0,0,0,344353,344354
138557,1,0,6,4,350426,344524
138558,4,0,12,0,0,344526
138559,10,0,12,0,0,344543
138560,1,0,0,4,350427,344548
138561,10,1,6,5,0,344584
138562,10,1,12,4,0,344783
138563,1,0,0,0,344931,344932
138564,13,0,0,0,344933,0
138565,13,0,0,0,344934,0
138566,13,0,0,0,344935,0
138567,2,0,0,0,344936,344937
138568,1,1,0,4,350428,345036
138574,1,1,0,4,350429,345040
138575,1,1,0,4,350430,345041
138576,1,0,0,4,350431,345042
138577,1,0,0,4,350432,345043
138579,1,0,0,4,350433,345044
138580,1,0,0,4,350434,345045
138581,1,0,0,4,350435,345046
138582,1,1,0,0,345048,345049
138583,3,0,0,0,345050,345051
138584,1,0,0,4,350436,345062
138595,1,0,0,4,350437,345096
138596,1,1,0,4,0,345097
138597,1,0,9,0,345098,345099
138598,1,1,0,4,350439,345100
138599,5,1,0,0,345101,345102
138600,1,1,0,4,350440,345105
138601,1,1,0,4,350441,345106
138602,1,1,0,4,350442,345107
138603,1,1,0,4,350443,345108
138604,10,1,12,0,0,345117
138621,4,0,6,4,0,345143
138622,4,0,6,0,0,345144
138623,4,0,6,0,0,345145
138624,4,0,6,0,0,345146
138625,4,0,6,0,0,345147
138626,4,0,6,0,0,345148
138627,4,0,6,0,0,345154
138628,4,0,6,0,0,345155
138629,4,0,6,0,0,345156
138630,4,0,6,0,0,345157
138631,4,0,6,0,0,345158
138632,4,0,6,0,0,345159
138633,4,0,6,0,0,345160
138634,4,0,6,0,0,345161
138635,4,0,6,0,0,345162
138636,4,0,6,0,0,345163
138638,24,1,10,0,345166,0
138639,2,1,0,0,345168,345169
138640,8,0,0,0,345170,345171
138641,8,1,0,0,345172,345173
138642,4,0,0,0,0,345174
138643,4,1,0,0,0,345175
138649,1,0,0,0,345288,345289
138650,1,0,0,0,345290,345291
138683,4,0,11,4,0,347026
138684,1,0,0,0,347027,347028
138685,1,0,0,0,347059,347060
138686,1,1,0,0,347088,347089
138687,1,0,0,0,347139,347140
138688,1,0,6,0,347145,347146
138689,5,0,0,0,347147,347148
138690,5,1,0,0,347149,347150
138691,4,0,0,4,0,347241
138692,4,0,4,4,0,347364
138693,4,0,12,4,0,347365
138694,1,0,0,0,347471,347472
138695,1,1,0,0,347473,347474
138696,7,0,0,0,347475,347476
138697,1,0,0,0,347477,347478
138698,3,0,0,0,347479,347480
138699,4,0,0,0,0,347481
138700,7,0,0,0,347482,347483
138701,4,0,0,0,0,347486
138702,1,1,0,0,347487,347488
138703,11,0,0,0,347489,347490
138704,7,0,0,0,347491,347492
138705,3,0,0,0,347515,347493
138706,1,0,0,0,347494,347495
138707,4,1,0,0,0,347496
138708,7,0,0,0,347497,347498
138709,11,1,0,0,347499,347500
138710,7,0,0,0,347501,347502
138711,1,0,0,0,347509,347510
138712,3,0,0,0,347511,347512
138713,3,0,0,0,347513,347514
138714,4,1,4,4,0,347516
138734,11,0,0,4,350444,347720
138735,11,0,0,4,350447,347721
138736,11,1,0,4,350446,347722
138737,11,1,0,4,350445,347723
138738,10,0,0,0,0,347733
138739,10,0,0,0,0,347734
138740,10,1,2,0,0,347735
138741,10,1,2,0,0,347736
138742,6,0,0,0,347781,347782
138743,16,0,0,0,347919,0
138744,1,0,0,0,347922,347923
138745,1,1,0,0,348074,348075
138746,5,0,0,0,348076,348077
138748,22,0,0,0,348079,0
138749,7,1,0,0,348089,348090
138750,7,0,0,0,348091,348092
138751,1,0,0,0,348329,348330
138753,1,0,0,0,348333,348334
138754,1,1,0,0,348335,348336
138755,1,0,0,0,348337,348338
138756,1,1,0,0,348339,348340
138757,1,0,0,0,348349,348350
138758,1,1,0,0,348351,348352
138759,5,0,0,0,348353,348354
138760,5,0,0,0,348355,348356
138762,7,1,0,0,348407,348408
138763,7,1,0,0,348412,348413
138764,7,0,6,0,348414,348415
138765,7,0,0,0,348416,348417
138766,7,1,0,0,348418,348419
138769,7,0,0,0,348424,348425
138803,4,0,0,0,0,348500
138804,2,0,0,0,348501,348502
138805,10,0,0,0,0,348503
138806,1,0,0,0,348504,348505
138818,4,1,0,0,0,348586
138846,16,0,0,0,348682,0
138857,5,0,0,0,348710,348711
138858,5,0,0,0,348712,348713
138859,5,1,0,0,348714,348715
138860,5,1,0,0,348720,348721
138861,10,1,0,0,0,348775
138862,1,1,0,0,348816,348817
138863,24,1,0,0,348884,0
138865,1,0,0,0,349194,349195
138866,1,0,0,0,349196,349197
138867,1,1,0,0,349205,349206
138868,1,1,0,0,349207,349208
138869,1,0,0,0,349209,349210
138870,20,0,0,0,349211,0
138887,7,0,0,0,349272,349273
138888,1,0,0,0,349276,349277
138889,10,1,0,0,0,349278
138890,1,1,0,0,349279,349280
138894,4,0,0,4,0,349602
138967,4,0,4,0,0,350230
138968,9,0,6,0,350231,0
138969,9,0,0,0,350232,0
138970,1,0,0,0,350233,350234
138971,1,1,0,0,350235,350236
138972,1,0,0,0,350237,350238
138973,2,0,0,0,350392,350393
138979,1,1,0,0,350458,350459
138981,2,1,0,0,350464,350465
138988,2,0,0,0,350478,350479
138993,1,0,0,0,350635,350636
138994,4,1,0,0,0,350645
138996,8,1,0,0,350648,350649
138997,22,0,0,0,351468,0
138999,24,1,0,0,350696,0
139000,24,0,0,0,350697,0
139001,2,0,0,0,350698,350699
139002,10,1,0,0,0,350700
139003,24,1,0,0,350702,0
139004,24,0,0,0,350713,0
139005,25,0,0,0,350714,0
139006,25,1,0,0,352308,0
139007,7,0,0,0,350717,350718
139008,1,0,0,0,350720,350721
139009,4,0,0,0,0,350722
139010,22,1,0,0,350723,0
139011,8,0,6,0,350724,350725
139012,10,0,0,0,0,350728
139013,5,0,0,0,350729,350730
139014,2,0,0,0,350731,350732
139015,5,0,0,0,350733,350734
139016,10,0,0,0,0,350735
139017,2,1,0,0,350736,350737
139018,6,0,0,0,350738,350739
139019,10,0,12,0,0,350742
139020,1,0,0,0,350743,350744
139021,2,1,0,0,351431,351432
139022,2,0,0,0,351433,351434
139023,2,1,0,0,351435,351436
139024,1,0,0,0,351437,351438
139025,1,0,0,0,351439,351440
139026,1,0,0,0,351441,351442
139027,10,0,0,0,0,351443
139028,5,1,0,0,351444,351445
139029,8,1,0,0,351446,351447
139030,8,0,0,0,351448,351449
139031,1,1,0,0,351450,351451
139032,4,0,0,0,0,351452
139033,4,1,0,0,0,351453
139034,11,0,0,0,351454,351455
139035,6,0,0,0,351469,351470
139036,10,0,0,0,0,351472
139037,2,0,0,0,351473,351474
139038,10,0,0,0,0,351477
139039,8,1,0,0,351478,351479
139040,11,1,0,0,351482,351483
139041,11,1,0,0,351484,351485
139042,4,0,0,0,0,351486
139043,7,0,0,0,351487,351488
139044,11,1,0,0,351489,351490
139045,2,0,0,0,351491,351492
139049,2,1,0,0,351493,351494
139050,1,1,0,0,351495,351496
139051,3,0,0,0,351497,351498
139052,7,1,0,0,351665,351666
139053,10,1,12,0,0,351667
139054,2,0,0,0,351801,351802
139055,2,0,0,0,351803,351804
139056,1,0,0,0,351805,351806
139057,1,0,0,0,351807,351808
139058,1,0,0,0,351809,351810
139059,1,0,0,0,351811,351812
139060,2,0,0,0,351813,351814
139061,2,0,0,0,351815,351816
139062,2,1,0,0,351817,351818
139063,1,0,0,0,351819,351820
139064,3,0,0,0,351821,351822
139065,1,0,0,0,351823,351824
139066,2,0,0,0,351833,351834
139067,3,0,0,0,351835,351836
139068,3,0,0,0,351849,351850
139072,11,0,0,0,351930,351931
139073,24,0,0,0,351932,0
139074,24,0,0,0,351933,0
139075,24,0,0,0,351934,0
139090,4,0,0,0,0,352196
139091,4,1,0,0,0,352197
139092,1,1,0,0,352198,352199
139093,1,0,0,0,352200,352201
139094,1,0,0,0,352202,352203
139095,7,0,6,0,352209,352210
139096,7,0,6,0,352215,352216
139097,1,0,0,0,0,352242
139099,11,1,0,0,352360,352361
139100,11,1,0,0,352381,352382
139101,7,0,6,0,352450,352451
139102,7,0,6,0,352452,352453
139103,7,1,6,0,352454,352455
139104,7,1,6,0,352456,352457
139105,7,0,6,0,352458,352459
139106,7,0,6,0,352460,352461
139107,7,1,6,0,352462,352463
139108,7,1,6,0,352464,352465
139109,1,0,0,0,352487,352488
139110,1,0,0,0,352489,352490
139111,7,1,0,0,352496,352497
139112,7,1,0,0,352548,352549
139113,1,0,0,0,352550,352551
139114,1,0,0,0,352756,352757
139116,1,0,0,0,352760,352761
139117,1,1,0,0,352781,352782
139118,1,0,0,0,352855,352856
139119,1,0,0,0,352893,352894
139120,1,1,0,0,352895,352896
139121,1,0,0,0,352988,352989
139122,1,0,0,0,352993,352994
139123,10,1,0,0,0,352997
139124,3,0,0,0,353017,353018
139126,1,0,0,0,353032,353033
139128,4,1,0,0,0,353036
139131,1,0,0,0,353133,353134
139132,5,0,0,0,353135,353136
139133,5,1,0,0,353138,353139
139134,7,0,0,0,353141,353142
139135,10,0,0,0,0,353143
139136,1,1,0,0,353144,353145
139137,1,0,0,0,353146,353147
139138,10,1,0,0,0,353148
139139,10,0,0,0,0,353149
139140,2,0,0,0,353150,353151
139141,2,1,0,0,353152,353153
139142,22,0,0,0,353154,0
139143,22,1,0,0,353155,0
139144,11,0,0,0,353156,353157
139145,1,1,0,0,353158,353159
139146,1,1,0,0,353160,353161
139147,5,0,0,0,353162,353163
139148,22,1,0,0,353164,0
139149,3,0,0,0,353165,353166
139150,8,0,0,0,353167,353168
139151,9,0,0,0,353169,0
139152,9,1,0,0,353170,0
139153,1,0,0,0,353214,353215
139154,1,0,0,0,353324,353325
139155,1,1,0,0,353326,353327
139156,8,0,0,0,353328,353329
139157,10,0,0,0,0,353405
139158,10,0,0,0,0,353406
139159,9,0,0,0,353412,0
139160,7,1,0,0,353434,353435
139161,7,0,0,0,353436,353437
139162,10,1,0,0,0,353438
139178,6,0,0,0,353557,353558
139179,6,1,0,0,353559,353560
139180,6,0,0,0,353563,353564
139181,8,1,0,0,353668,353669
139182,1,1,0,0,353756,353757
139183,10,0,0,0,0,353771
139184,10,0,0,0,0,353772
139185,10,0,0,0,0,353773
139186,10,1,0,0,0,353774
139187,10,1,0,0,0,353775
139188,10,0,0,0,0,353776
139217,2,1,0,0,354187,354188
139218,2,1,0,0,354189,354190
139219,10,0,0,0,0,354660
139220,10,1,0,0,0,354662
139221,10,1,0,0,0,354664
139222,10,0,0,0,0,354665
139223,4,1,12,0,0,354666
139224,4,0,0,0,0,354799
139225,4,0,0,0,0,354800
139226,4,0,0,0,0,354801
139227,4,0,0,0,0,354802
139228,4,1,0,0,0,354803
139229,4,1,0,0,0,354804
139230,4,1,0,0,0,354805
139231,4,1,0,0,0,354806
139232,7,0,0,0,354927,354928
139233,1,0,0,0,354929,354930
139234,1,1,0,0,354935,354936
139235,1,0,0,0,354937,354938
139236,1,1,0,0,354939,354940
139237,1,0,0,0,0,354942
139238,1,1,0,0,0,354945
139239,1,0,0,0,0,354947
139240,1,0,0,0,354948,354949
139241,1,1,0,0,0,354951
139242,1,1,0,0,355257,355258
139243,1,0,0,0,0,355293
139244,1,0,0,0,355294,355295
139245,1,1,0,0,355296,355297
139246,1,1,0,0,355298,355299
139247,1,0,0,0,0,355301
139248,1,0,0,0,0,355303
139249,1,1,0,0,0,355305
139250,1,1,0,0,0,355307
139251,11,0,0,0,355308,355309
139252,11,0,0,0,355310,355311
139253,11,1,0,0,355312,355313
139254,11,1,0,0,355314,355315
139269,10,0,0,0,0,355418
139270,10,0,0,0,0,355419
139271,10,1,0,0,0,355420
139272,10,1,0,0,0,355421
139273,11,1,0,0,355430,355431
139274,3,0,0,0,355450,355451
139275,5,0,0,0,355452,355453
139276,2,1,0,0,355454,355455
139277,1,1,0,0,355456,355457
139278,1,1,0,0,355568,355569
139279,11,1,0,0,355570,355571
139280,1,0,0,0,355572,355573
139281,3,0,0,0,355607,355608
139282,10,1,0,0,0,355609
139283,6,0,0,0,355610,355611
139284,1,1,0,0,370750,355648
139285,4,1,0,0,0,355649
139286,1,0,0,0,355695,355696
139287,1,1,0,0,355703,355704
139288,11,1,0,0,355705,355706
139289,3,0,0,0,355707,355708
139290,10,1,0,0,0,355709
139291,6,0,0,0,355710,355711
139292,4,0,0,0,0,355846
139293,4,1,0,0,0,356523
139294,7,0,0,0,356524,356525
139295,7,0,0,0,356526,356527
139296,7,1,6,0,356528,356529
139297,7,1,6,0,356530,356531
139298,4,0,0,0,0,356532
139299,11,0,0,0,356537,356538
139300,4,1,0,0,0,356627
139301,4,0,0,0,0,356628
139302,4,1,0,0,0,356737
139303,4,0,0,0,0,356738
139304,4,0,0,0,0,356739
139305,4,1,12,0,0,357007
139306,16,0,0,0,357183,0
139307,16,0,0,0,357193,0
139308,1,1,0,0,357551,357552
139309,1,1,0,0,357553,357554
139310,1,1,0,0,357555,357556
139311,1,1,0,0,357557,357558
139312,1,0,0,0,357711,357712
139313,4,1,0,0,0,357714
139314,4,0,0,0,0,357716
139315,4,1,0,0,0,357718
139316,4,0,0,0,0,357720
139317,1,1,0,0,357721,357722
139318,5,0,0,0,357723,357724
139319,10,0,0,0,0,357725
139320,1,1,0,0,357726,357727
139321,4,1,0,0,0,357728
139322,1,1,0,0,357729,357730
139323,1,0,0,0,357731,357732
139324,1,1,0,0,357733,357734
139325,1,0,0,0,357735,357736
139326,1,1,0,0,357737,357738
139327,1,0,0,0,357739,357740
139328,4,1,12,0,0,357749
139343,7,0,0,0,358002,358003
139344,7,0,0,0,358010,358011
139345,7,1,6,0,358012,358013
139346,7,1,6,0,358014,358015
139347,5,0,5,0,358036,358037
139348,7,0,0,0,358111,358112
139349,1,0,0,0,358335,358336
139350,10,0,0,0,0,358337
139351,10,1,0,0,0,358338
139352,16,0,0,0,358339,0
139353,16,0,0,0,358340,0
139354,16,0,0,0,358343,0
139355,6,1,0,0,358363,358364
139356,16,0,0,0,358382,0
139357,16,0,0,0,358383,0
139358,16,0,0,0,358384,0
139359,5,0,4,0,358389,358390
139360,16,0,0,0,358413,0
139361,1,0,0,0,358434,358435
139366,10,1,0,0,0,358582
139367,6,0,0,5,358630,358631
139368,16,0,0,0,358643,0
139369,11,0,0,0,358834,358835
139371,11,1,0,0,358918,358919
139372,11,1,0,0,358920,358921
139373,11,1,0,0,358922,358923
139374,11,0,0,0,358924,358925
139375,11,1,0,0,358926,358927
139377,4,1,0,0,0,359072
139393,11,1,0,0,359104,359105
139394,11,0,0,0,359106,359107
139395,11,1,0,0,359108,359109
139410,1,1,0,0,359282,359283
139411,2,1,0,0,359304,359305
139426,1,0,0,4,359415,359416
139427,11,1,0,0,359664,359665
139428,13,0,0,0,359784,0
139429,16,0,0,0,359785,0
139430,6,0,0,0,359788,359789
139431,11,1,0,0,359794,359795
139432,11,1,0,0,359796,359797
139433,11,1,0,0,359800,359801
139434,11,0,0,0,359802,359803
139435,11,0,0,0,359804,359805
139436,11,0,0,0,359806,359807
139437,11,1,0,0,359808,359809
139438,11,0,0,0,359810,359811
139439,11,0,0,0,359812,359813
139440,1,0,0,0,359940,359941
139441,2,1,0,0,359942,359943
139442,2,0,0,0,359944,359945
139443,1,0,0,0,360005,360006
139444,16,0,0,0,360007,0
139445,24,1,0,0,360232,0
139460,13,1,0,0,361038,0
139461,11,1,0,0,361039,361040
139462,6,1,0,0,361041,361042
139463,13,0,0,0,361043,0
139464,13,0,0,0,361047,0
139465,4,1,0,0,0,361073
139466,6,1,0,0,361452,361453
139468,6,1,0,0,361614,361615
139469,6,0,0,0,361616,361617
139470,6,0,0,0,361618,361619
139471,3,0,0,0,361620,361621
139472,3,0,0,0,361622,361623
139473,3,0,0,0,361624,361625
139474,3,0,0,0,361626,361627
139475,3,0,0,0,363713,363714
139487,11,1,0,0,363867,363868
139490,9,1,0,0,363891,0
139491,9,1,0,0,363892,0
139492,1,0,0,4,363917,363918
139493,10,0,0,0,0,363970
139494,6,1,0,0,363972,363973
139495,1,0,0,0,363974,363975
139496,3,1,0,0,363976,363977
139497,1,1,0,0,364068,364070
139498,11,1,0,0,364081,364082
139499,3,0,0,0,364086,364087
139500,6,0,0,0,364088,364089
139501,10,1,6,0,0,364090
139502,10,0,0,0,0,364215
139503,6,1,0,0,364216,364217
139504,11,0,0,0,364218,364219
139505,1,1,0,0,364220,364221
139506,11,1,0,0,364225,364226
139507,13,1,0,0,364227,0
139508,14,0,0,0,364228,0
139524,7,0,0,0,364385,364386
139525,7,0,0,0,0,364388
139527,7,1,0,0,364390,364391
139528,9,0,0,0,364392,0
139529,9,1,0,0,364393,0
139537,6,0,11,0,364416,364417
139538,10,0,0,0,0,364418
139539,26,1,5,0,364419,0
139540,10,0,0,0,0,364444
139541,10,0,0,0,0,364445
139542,10,1,0,0,0,364446
139543,10,1,0,0,0,364447
139544,10,0,0,0,0,364448
139545,10,0,0,0,0,364449
139546,10,1,0,0,0,364450
139547,10,1,0,0,0,364451
139548,10,1,0,0,0,364452
139549,17,0,0,0,364504,0
139550,1,0,0,0,364517,364518
139551,1,0,0,0,364519,364520
139566,1,0,6,0,364598,364599
139567,16,0,0,0,365592,0
139568,4,1,0,0,0,365593
139569,4,0,0,0,0,365594
139570,1,0,0,0,365630,365631
139571,4,1,0,0,0,365647
139573,20,0,0,0,365650,0
139574,4,0,12,0,0,365801
139575,4,0,12,0,0,365802
139576,4,0,0,0,0,365803
139577,4,0,6,0,0,365804
139578,1,1,0,0,365816,365817
139579,4,0,0,4,0,365915
139580,4,0,0,0,0,365916
139581,6,0,0,4,365917,365918
139582,6,0,0,4,365919,365920
139583,4,1,6,0,0,365933
139584,11,0,0,0,365938,365939
139585,10,0,0,0,0,366097
139586,5,1,0,0,366098,366099
139587,5,1,0,0,366154,366155
139588,5,1,0,0,366156,366157
139589,5,1,0,0,366158,366159
139590,5,0,0,0,366160,366161
139591,5,0,0,0,366162,366163
139592,5,0,0,0,366164,366165
139593,3,0,0,0,366215,366216
139594,13,1,0,0,366217,0
139595,13,0,0,0,366218,0
139596,1,1,0,0,366281,366282
139597,5,1,0,0,366283,366284
139598,5,1,0,0,366285,366286
139599,5,1,0,0,366287,366288
139600,5,1,0,0,366289,366290
139601,5,0,0,0,366291,366292
139602,5,0,0,0,366293,366294
139603,5,0,0,0,366295,366296
139604,5,0,0,0,366297,366298
139605,4,1,5,5,0,366299
139606,6,0,0,0,366300,366301
139607,6,0,0,0,366302,366303
139613,4,0,0,0,0,366461
139614,11,0,0,0,366462,366463
139615,3,0,3,0,366547,366548
139616,3,1,3,0,366549,366550
139617,9,1,0,0,366551,0
139618,9,0,0,0,366552,0
139619,11,1,0,0,366981,366982
139620,4,1,0,0,0,367094
139621,11,0,0,0,367095,367096
139622,3,0,0,0,367113,367114
139623,3,0,0,0,367115,367116
139624,11,1,6,0,367131,367132
139625,4,0,0,0,0,367133
139626,4,0,0,0,0,367134
139627,4,0,0,0,0,367135
139628,4,0,0,0,0,367136
139629,4,1,0,0,0,367138
139630,4,1,0,0,0,367139
139631,4,1,0,0,0,367140
139632,4,1,0,0,0,367141
139633,7,0,0,0,0,367143
139634,4,1,0,0,0,367144
139635,4,0,0,0,0,367177
139636,4,0,0,0,0,367178
139637,4,0,0,0,0,367179
139638,4,1,0,0,0,367180
139639,4,1,0,0,0,367181
139640,4,1,0,0,0,367182
139641,1,1,0,0,367255,367256
139642,11,1,0,0,367257,367258
139643,10,1,0,0,0,367259
139644,6,1,0,0,367260,367261
139645,8,0,0,0,367262,367263
139646,9,0,0,0,367264,0
139647,22,0,6,0,367265,0
139648,7,0,0,0,367266,367267
139649,9,0,0,0,367268,0
139650,5,0,0,0,367270,367271
139651,1,0,0,0,375565,367272
139652,3,0,0,0,367273,367274
139653,1,1,0,0,367275,367276
139654,7,1,0,0,367277,367278
139655,10,1,0,0,0,367279
139656,9,1,0,0,367280,0
139657,10,0,0,0,0,367351
139658,26,0,0,0,367352,0
139659,1,0,0,0,367353,367354
139660,11,0,0,0,367355,367356
139661,5,1,0,0,367357,367358
139662,2,1,0,0,367359,367360
139663,22,1,0,0,367361,0
139664,3,1,0,0,367362,367363
139679,7,1,0,0,367502,367503
139680,1,0,0,0,367504,367505
139681,3,1,0,0,367506,367507
139682,5,0,0,0,367508,367509
139683,10,1,0,0,0,367510
139684,10,1,0,0,0,367511
139685,1,1,0,0,367852,367853
139686,11,1,0,0,368100,368101
139687,8,1,0,0,368239,368240
139688,11,1,0,0,368245,368246
139689,11,1,0,0,368247,368248
139690,11,0,0,0,368249,368250
139691,11,0,0,0,368251,368252
139692,11,1,0,0,368253,368254
139693,11,1,0,0,368255,368256
139694,16,0,0,0,368424,0
139695,5,1,0,0,368433,368434
139698,10,1,0,0,0,368721
139699,10,1,0,0,0,368722
139700,1,0,0,0,368770,368771
139701,1,0,0,0,368772,368773
139702,1,0,0,0,368774,368775
139704,3,1,0,0,368808,368809
139709,1,0,0,0,368840,368841
139710,6,0,0,0,368842,368843
139711,6,0,0,0,368844,368845
139712,1,0,0,0,369051,369052
139713,2,1,0,0,369076,369077
139714,1,0,0,0,369078,369079
139715,8,0,0,0,369089,369090
139716,1,0,0,0,369122,369123
139717,1,1,0,0,369158,369159
139718,5,1,0,0,369201,369202
139719,22,1,0,0,369228,0
139720,3,0,0,0,369229,369230
139721,5,0,0,0,369251,369252
139722,6,1,0,0,369253,369254
139725,11,0,0,0,369255,369256
139726,5,1,0,0,369464,369465
139741,11,0,0,0,369533,369534
139742,11,1,0,0,369535,369536
139743,11,0,0,0,369556,369557
139744,11,0,0,0,369558,369559
139745,11,0,0,0,369560,369561
139746,11,1,0,0,369562,369563
139761,6,1,0,0,369633,369634
139762,1,0,0,0,369671,369672
139763,1,0,0,0,369673,369674
139764,1,0,0,0,369675,369676
139765,1,0,0,0,369677,369678
139768,4,1,0,0,0,369679
139770,11,1,0,0,369844,369845
139771,11,1,0,0,369846,369847
139772,11,1,0,0,369848,369849
139773,11,1,0,0,369850,369851
139774,11,0,0,0,369852,369853
139775,11,0,0,0,369854,369855
139776,11,0,0,0,369856,369857
139777,11,0,0,0,369858,369859
139778,3,0,7,0,369949,369950
139779,4,0,0,0,0,370023
139780,1,0,0,0,370024,370025
139781,11,0,0,4,370055,370056
139782,11,1,0,0,370163,370164
139783,11,1,0,0,370165,370166
139784,11,1,0,0,370167,370168
139785,11,1,0,0,370169,370170
139786,11,0,0,0,370171,370172
139787,11,0,0,0,370173,370174
139788,11,0,0,0,370175,370176
139789,11,0,0,0,370177,370178
139790,11,0,0,0,370179,370180
139791,11,0,0,0,370181,370182
139792,11,0,0,0,370183,370184
139793,11,0,0,0,370185,370186
139794,11,1,0,0,370187,370188
139795,11,1,0,0,370189,370190
139796,11,1,0,0,370191,370192
139797,11,1,0,0,370194,370195
139798,9,1,0,0,370196,0
139799,16,1,0,0,370389,0
139800,20,0,0,0,371023,0
139801,1,0,0,0,371041,371042
139802,1,1,0,0,371043,371044
139803,11,0,0,0,371068,371069
139804,16,0,0,0,371082,0
139805,13,0,0,0,371390,0
139806,13,1,0,0,371391,0
139807,1,0,0,0,371397,371398
139808,1,0,0,0,371399,371400
139809,1,1,0,0,371401,371402
139810,1,1,0,0,371403,371404
139811,13,0,0,0,371411,0
139812,13,0,0,0,371414,0
139813,13,1,0,0,371415,0
139814,11,1,0,0,371452,371453
139815,11,0,0,0,371454,371455
139817,4,1,5,0,0,371526
139818,4,1,5,0,0,371527
139819,4,1,5,0,0,371528
139820,3,0,0,0,371552,371553
139821,9,0,0,0,371691,0
139822,9,1,0,0,371692,0
139823,4,1,6,0,0,371720
139824,11,1,7,0,371770,371771
139825,10,1,6,4,0,371772
139826,11,1,7,0,371773,371774
139827,13,0,0,0,371775,0
139828,11,0,7,0,371776,371777
139829,11,0,7,0,371778,371779
139830,1,0,0,0,371854,371855
139845,10,0,0,0,0,372059
139846,1,0,0,0,372060,372061
139847,6,0,3,0,372078,372079
139848,5,0,0,0,372080,372081
139849,8,0,0,0,372082,372083
139850,24,1,0,0,372084,0
139851,1,0,0,0,372085,372086
139852,9,0,0,0,372088,0
139853,3,0,0,0,372089,372090
139854,2,0,7,0,372091,372092
139855,1,0,0,0,372093,372094
139856,11,0,0,0,372095,372096
139857,5,0,9,0,372098,372099
139858,3,0,3,0,372100,372101
139859,10,0,0,0,0,372102
139860,22,0,0,0,372103,0
139861,3,0,0,0,372104,372105
139862,7,0,0,0,372130,372131
139863,16,0,0,0,372132,0
139864,4,0,12,4,0,372133
139865,11,0,0,0,372134,372135
139866,11,1,0,0,372136,372137
139867,11,0,0,0,372138,372139
139868,11,1,0,0,372140,372141
139869,10,0,4,0,0,372203
139870,22,0,0,0,372204,0
139871,11,0,0,0,372277,372278
139872,11,1,0,0,372279,372280
139873,11,1,0,0,372281,372282
139874,11,0,0,0,372283,372284
139877,11,1,0,0,372285,372286
139878,11,0,0,0,372287,372288
139879,11,0,0,0,372422,372423
139880,11,1,0,0,372424,372425
139881,11,0,0,0,372426,372427
139882,11,1,0,0,372428,372429
139883,4,1,6,0,0,372430
139884,13,0,0,0,372455,0
139885,11,0,0,0,372456,372457
139886,11,1,0,0,372458,372459
139887,11,0,0,0,372510,372511
139896,11,1,0,0,372512,372513
139897,11,0,0,0,372514,372515
139898,11,1,0,0,372516,372517
139899,4,1,0,0,0,372568
139900,4,0,11,5,0,372569
139903,1,1,0,0,372663,372664
139904,1,0,0,0,372669,372670
139905,11,1,0,0,372714,372715
139906,11,1,0,0,372716,372717
139907,11,1,0,0,372718,372719
139908,11,1,0,0,372720,372721
139909,11,0,0,0,372722,372723
139910,11,0,0,0,372724,372725
139911,1,0,0,0,372726,372727
139912,11,0,0,0,372728,372729
139913,11,0,0,0,372730,372731
139914,1,1,0,0,372732,372733
139915,20,0,0,0,372758,0
139916,20,0,0,0,372759,0
139917,8,1,0,0,372760,372761
139918,1,1,0,0,372797,372798
139919,1,0,0,0,372857,372858
139920,1,1,0,0,372859,372860
139933,11,0,0,0,372880,372881
139934,11,0,0,0,372882,372883
139935,11,0,0,0,372884,372885
139936,11,0,0,0,372886,372887
139939,11,1,0,0,372892,372893
139940,11,1,0,0,372894,372895
139941,11,1,0,0,372896,372897
139942,11,1,0,0,372898,372899
139943,4,1,0,0,0,372900
139944,4,1,0,0,0,372901
139945,4,1,0,0,0,372902
139946,4,1,0,0,0,372903
139947,4,1,0,0,0,372905
139948,11,0,0,0,0,372907
139949,4,1,0,0,0,372908
139950,11,1,0,0,372909,372910
139951,4,1,0,0,0,372911
139952,11,1,0,0,372912,372913
139953,4,1,0,0,0,372914
139954,11,1,0,0,372915,372916
139955,11,1,0,0,372917,372918
139956,8,1,0,0,373184,373185
139957,4,1,0,0,0,373365
139958,31,0,0,0,373432,0
139959,8,0,0,0,373434,373435
139960,8,0,0,0,373436,373437
139961,8,1,0,0,373438,373439
139962,8,1,0,0,373440,373441
139963,31,1,0,0,373442,0
139964,31,0,0,0,373444,0
139965,31,1,0,0,373446,0
139966,4,1,0,0,0,373448
139967,3,0,0,0,373449,373450
139968,3,0,0,0,373451,373452
139969,3,0,0,0,373453,373454
139970,3,0,0,0,373455,373456
139971,3,0,0,0,373457,373458
139972,2,0,0,0,373459,373460
139973,2,1,0,0,373461,373462
139974,2,1,0,4,373463,373464
139975,1,1,0,0,373465,373466
139976,1,1,0,0,373467,373468
139977,3,0,0,0,373691,373692
139978,3,1,0,0,373693,373694
139979,1,0,0,0,373695,373696
139980,1,1,0,0,373697,373698
139981,31,0,0,0,373699,0
139982,31,1,0,0,373701,0
139983,4,1,0,0,0,373709
139984,31,0,0,0,373718,0
139985,11,1,0,0,373731,373732
139986,11,0,0,0,373733,373734
139987,18,0,0,0,373816,0
139988,1,0,0,0,373837,373838
139989,5,0,0,0,0,373916
139990,13,1,0,0,374030,0
139991,13,0,0,0,374031,0
139992,13,1,0,0,374044,0
139994,4,1,0,0,0,374080
139995,31,0,0,0,374132,0
139996,31,1,0,0,374134,0
139997,1,0,0,0,374136,374137
139998,1,1,0,0,374138,374139
140000,4,0,6,0,0,374142
140004,1,0,0,4,374199,374200
140005,6,1,0,4,374202,374203
140006,6,0,0,4,374204,374205
140011,6,1,0,4,374251,374252
140012,6,0,0,4,374259,374260
140020,13,1,0,0,374352,0
140024,4,0,0,0,0,374359
140025,4,0,0,0,0,374360
140027,4,1,0,0,0,374363
140030,4,1,0,0,0,374368
140031,13,0,0,0,374369,0
140032,6,0,0,4,374370,374371
140034,5,1,9,0,374374,374375
140054,1,1,0,0,0,374397
140055,4,0,0,0,0,374446
140095,4,0,0,0,0,374570
140096,4,0,0,0,0,374571
140097,4,1,0,0,0,374578
140098,4,1,0,0,0,374579
140099,4,1,0,0,0,374580
140100,4,0,0,0,0,374581
140101,4,0,0,0,0,374582
140144,31,0,0,0,374806,0
140145,31,0,0,0,374855,0
140146,1,1,0,0,0,374861
140147,1,0,0,0,0,374863
140148,1,0,0,0,374940,374941
140153,11,0,0,0,375182,375183
140154,10,1,0,0,0,375264
140155,24,1,0,0,375265,0
140156,10,0,0,0,0,375271
140157,10,1,0,0,0,375272
140158,30,0,0,0,375311,0
140159,30,1,0,0,375313,0
140174,30,0,0,0,375375,0
140189,30,1,0,0,375444,0
140190,30,1,0,0,375446,0
140191,1,1,0,0,375448,375449
140192,2,0,6,0,375450,375451
140193,4,1,0,0,0,375452
140194,1,0,6,0,375453,375454
140195,24,1,0,0,375455,0
140196,24,0,0,0,375456,0
140197,24,1,0,0,375457,0
140198,24,0,0,0,375458,0
140199,1,0,0,0,375459,375460
140200,1,1,0,0,375461,375462
140201,1,0,0,0,375463,375464
140202,8,1,7,0,375465,375466
140203,2,0,0,0,375467,375468
140204,2,1,0,0,375469,375470
140205,8,1,0,0,375471,375472
140206,8,0,0,0,375473,375474
140207,4,1,6,0,0,375475
140208,1,1,0,0,375476,375477
140210,30,1,0,0,375680,0
140211,1,0,0,0,375682,375683
140214,4,0,6,0,0,375771
140215,1,1,0,4,375772,375773
140216,2,0,0,0,375796,375797
140217,30,0,0,4,375902,0
140218,31,0,0,0,375904,0
140222,5,1,0,0,375920,375921
140223,5,0,0,0,375922,375923
140224,5,0,0,0,375985,375986
140249,5,0,0,0,376296,376297
140251,5,1,0,4,376299,376300
140253,5,0,0,0,376302,376303
140254,5,1,0,0,376304,376305
140269,30,1,0,0,376535,0
140271,5,0,0,0,376659,376660
140272,31,0,0,0,376661,0
140273,2,0,0,0,376663,376664
140274,30,0,0,0,376671,0
140275,30,1,0,0,376672,0
140276,30,1,0,0,376742,0
140277,30,1,0,0,376744,0
140279,30,1,0,0,376755,0
140282,30,0,0,0,376761,0
140303,31,1,0,0,376844,0
140322,2,1,0,0,377206,377207
140323,8,1,0,0,377239,377240
140324,4,0,0,0,0,377242
140331,8,1,0,0,377255,377256
140332,9,1,0,0,377258,0
140333,31,1,0,0,377297,0
140334,22,1,0,0,377304,0
140335,7,1,0,0,377309,377310
140373,8,1,0,0,377527,377528
140374,4,0,0,0,0,377530
140375,1,0,0,0,377531,377532
140376,31,0,0,0,377564,0
140377,31,0,0,0,377566,0
140390,31,0,0,0,377588,0
140395,1,0,0,0,377705,377706
140396,1,0,0,0,377707,377708
140397,1,0,0,0,377709,377710
140403,8,0,0,0,377850,377851
140420,1,0,0,0,378173,378174
140421,1,0,0,0,378175,378176
140422,1,0,0,0,378177,378178
140423,1,0,0,0,378179,378180
140424,31,0,0,0,378181,0
140425,4,1,6,0,0,378183
140426,1,0,0,0,378199,378200
140427,1,1,0,0,378201,378202
140428,1,0,0,0,378203,378204
140429,1,0,0,0,378205,378206
140430,2,1,0,0,378251,378252
140431,2,0,0,0,378253,378254
140432,1,1,0,4,0,378256
140433,1,1,0,4,0,378260
140434,1,1,0,4,378261,378262
140435,31,1,0,0,378265,0
140436,31,0,0,0,378268,0
140438,31,0,0,0,378275,0
140439,31,1,0,0,378277,0
140454,8,1,0,0,378689,378690
140455,4,0,0,0,0,378692
140456,1,1,0,0,378718,378719
140457,1,1,0,0,378720,378721
140458,1,1,0,0,378722,378723
140459,1,1,0,0,378724,378725
140460,1,0,0,0,378726,378727
140461,1,0,0,0,378728,378729
140462,1,0,0,0,378730,378731
140463,1,0,0,0,378732,378733
140465,2,0,0,0,378736,378737
140466,8,0,0,0,378738,378739
140467,1,1,0,0,378740,378741
140468,1,0,0,0,378742,378743
140469,11,1,0,0,378744,378745
140470,10,1,0,0,0,378747
140471,9,0,0,0,378748,0
140472,3,0,0,0,378969,378970
140473,7,0,0,0,379109,379110
140474,26,0,0,0,379289,0
140475,4,0,0,0,0,379325
140476,1,0,0,0,379348,379349
140477,1,0,0,0,379350,379351
140478,1,1,0,0,379352,379353
140479,1,1,0,0,379354,379355
140480,1,0,5,4,379358,379359
140481,3,0,0,0,379360,379361
140482,3,0,0,0,379362,379363
140483,3,0,0,0,379364,379365
140484,3,0,0,0,379366,379367
140485,2,0,0,0,379368,379369
140486,1,0,0,0,379370,379371
140487,8,1,0,0,379372,379373
140488,2,0,0,0,379421,379422
140489,1,0,4,4,379423,379424
140490,2,0,0,0,379425,379426
140491,1,0,3,4,379427,379428
140494,10,1,0,0,0,379429
140495,1,0,2,4,379430,379431
140496,10,1,0,0,0,379432
140497,10,1,0,0,0,379433
140498,11,0,0,4,0,379438
140499,1,0,0,0,379439,379440
140500,1,0,0,0,379441,379442
140501,1,0,0,0,379443,379444
140502,7,0,0,0,379445,379446
140503,8,0,0,0,379458,379459
140505,22,0,0,0,379720,0
140506,31,0,0,0,379821,0
140507,11,0,0,4,0,379824
140508,32,0,0,0,379825,0
140509,1,1,0,0,379871,379872
140510,1,0,0,0,379873,379874
140511,2,0,0,0,379877,379878
140512,2,1,0,0,379879,379880
140514,10,0,0,0,0,380016
140515,1,0,0,0,0,380019
140517,20,0,0,0,380303,0
140518,30,0,0,4,380348,0
140519,1,1,0,0,380349,380350
140520,2,0,0,0,380351,380352
140521,2,1,0,0,380353,380354
140522,31,1,0,0,380355,0
140523,8,0,0,0,380396,380397
140524,1,0,0,0,380485,380486
140525,1,0,0,0,380487,380488
140526,1,1,0,0,380489,380490
140527,1,1,0,0,380491,380492
140529,31,1,0,0,380536,0
140530,31,0,0,0,380544,0
140531,1,0,0,0,380546,380547
140532,31,0,0,0,380548,0
140535,1,0,0,0,380577,380578
140536,1,0,0,0,380579,380580
140537,1,1,0,0,0,380582
140538,1,1,0,0,0,380584
140539,32,1,0,4,380585,0
140541,8,0,6,0,380588,380589
140542,8,0,6,0,380590,380591
140543,8,1,6,0,380592,380593
140544,8,1,6,0,380594,380595
140545,1,1,0,0,380597,380598
140546,31,0,0,0,380666,0
140547,8,0,0,0,380668,380669
140548,8,0,0,0,380691,380692
140549,17,0,0,0,380719,0
140551,11,0,0,0,0,380739
140552,2,0,0,0,380772,380773
140554,8,0,0,0,380821,380822
140556,31,0,0,0,380825,0
140557,31,1,0,0,380827,0
140558,31,1,0,0,380829,0
140559,31,0,0,0,380843,0
140560,11,1,0,0,380845,380846
140561,8,0,6,0,380847,380848
140562,31,0,0,0,380849,0
140563,8,1,6,0,380851,380852
140564,31,1,0,0,380853,0
140565,11,0,0,0,0,380880
140566,11,0,0,0,0,380882
140567,11,0,0,0,0,380884
140568,31,1,0,0,380887,0
140569,31,1,0,0,380889,0
140570,8,0,6,0,380891,380892
140571,31,0,0,0,380893,0
140573,2,0,0,0,380897,380898
140574,2,0,0,0,380899,380900
140575,31,0,0,0,380901,0
140576,31,0,0,0,380913,0
140579,11,1,0,0,0,380946
140580,11,1,0,0,380947,380948
140581,11,1,0,4,380949,380950
140582,11,1,0,0,380951,380952
140583,11,1,0,0,380953,380954
140584,11,1,0,0,380955,380956
140585,11,1,0,0,380957,380958
140586,5,0,0,0,380959,380960
140617,11,0,0,0,381060,381061
140618,1,0,0,0,381084,381085
140620,8,1,6,0,381282,381283
140621,1,1,0,4,381292,381293
140654,8,0,0,0,381820,381821
140683,8,1,6,0,382067,382068
140684,8,0,0,0,382069,382070
140685,4,0,0,0,0,382072
140686,1,1,0,0,0,382074
140687,1,1,0,0,382075,382076
140688,1,0,0,0,382077,382078
140709,24,0,0,0,382234,0
140714,8,0,6,0,382243,382244
140715,8,0,6,0,382245,382246
140716,8,0,6,0,382247,382248
140717,8,0,6,0,382249,382250
140718,2,1,0,0,0,382252
140719,8,0,6,0,382253,382254
140720,1,0,0,0,382769,382770
140721,11,0,0,0,382771,382772
140723,3,1,0,0,382775,382776
140735,8,1,0,0,382839,382840
140736,8,0,0,0,382841,382842
140737,30,0,0,4,382843,0
140738,8,0,0,0,382844,382845
140739,8,1,3,0,382846,382847
140740,8,0,3,0,382848,382849
140741,6,0,0,0,0,382871
140757,1,0,0,0,382961,382962
140758,3,1,0,0,382963,382964
140760,7,1,8,0,382998,382999
140761,7,1,0,0,383000,383001
140762,7,1,0,0,383002,383003
140763,7,1,0,0,383010,383011
140765,7,1,0,0,383068,383069
140766,7,0,0,0,383094,383095
140767,7,0,0,0,383096,383097
140768,7,0,0,0,383098,383099
140769,7,0,0,0,383102,383103
140770,7,1,0,0,383104,383105
140771,7,1,0,0,383106,383107
140772,7,1,0,0,383108,383109
140773,7,1,0,0,383110,383111
140774,7,0,0,0,383112,383113
140775,7,0,0,0,383114,383115
140776,7,0,0,0,383116,383117
140777,7,1,0,1,383118,383119
140778,7,1,0,0,383120,383121
140779,7,0,0,0,383122,383123
140780,7,0,0,0,383124,383125
140781,7,1,0,0,383126,383127
140782,11,1,0,0,383128,383129
140783,11,1,0,0,383130,383131
140784,11,1,0,0,383132,383133
140785,11,1,0,0,383134,383135
140786,11,0,0,0,383136,383137
140787,11,0,0,0,383138,383139
140788,11,0,0,0,383140,383141
140789,11,0,0,0,383142,383143
140790,11,1,0,0,0,383145
140791,11,1,0,0,0,383147
140792,11,0,0,0,0,383149
140793,11,0,0,0,0,383151
140794,1,1,0,0,383178,383179
140795,10,1,0,0,0,383180
140796,1,0,0,0,383181,383182
140797,10,0,0,0,0,383183
140800,11,1,0,0,0,383703
140801,11,1,0,0,0,383836
140802,11,0,0,0,0,383927
140803,11,0,0,0,0,384026
140804,11,1,0,0,384746,384747
140805,11,1,0,0,384824,384825
140806,11,1,0,0,384918,384919
140807,11,1,0,0,385013,385014
140808,11,0,0,0,385137,385138
140809,11,0,0,0,385186,385187
140810,11,0,0,0,385209,385210
140811,11,0,0,0,385244,385245
140812,11,1,0,0,387298,387299
140815,11,0,0,0,0,387913
140818,11,0,0,0,387918,387919
140852,6,0,0,0,387967,387973
140853,5,0,0,0,387968,387972
140854,2,0,0,0,387969,387970
140855,10,0,0,0,0,387971
140856,1,1,0,0,0,387975
140857,17,0,0,0,387976,0
140858,17,0,0,0,387977,0
140859,17,0,0,0,387978,0
140860,1,0,6,0,0,387981
140861,13,0,0,0,387982,0
140862,13,0,0,0,387984,0
140863,13,1,0,0,387987,0
140864,13,1,0,0,388014,0
140865,7,0,0,0,388135,388136
140866,7,0,0,0,388137,388138
140867,7,0,0,0,388139,388140
140868,7,0,0,0,388141,388142
140869,7,0,0,0,0,388144
140870,7,0,0,0,388145,388146
140871,7,0,0,0,388244,388245
140873,7,0,0,0,388515,388516
140874,7,0,0,0,388624,388625
140875,7,0,0,0,388719,388720
140877,7,0,0,0,388726,388727
140878,7,0,0,0,388728,388729
140880,7,0,0,0,388731,388732
140885,7,0,0,0,388739,388740
140887,7,0,0,0,388743,388744
140889,7,0,0,0,388747,388748
140891,7,0,0,0,388751,388752
140892,7,0,0,0,388753,388754
140893,7,0,0,0,388755,388756
140894,7,0,0,0,388757,388758
140895,7,0,0,0,0,388760
140897,7,0,0,0,388762,388763
140898,7,0,0,0,388764,388765
140900,7,0,0,0,388767,388768
140901,7,0,0,0,388769,388770
140902,7,0,0,0,388771,388772
140903,7,0,0,0,388773,388774
140904,7,0,0,0,388824,388825
140905,7,0,0,0,388872,388873
140906,7,0,0,0,388912,388913
140909,7,0,0,0,388918,388919
140910,1,1,0,0,0,389002
140911,1,0,0,0,0,389004
140912,1,0,0,4,0,389013
140913,11,0,0,0,389014,389015
140915,13,0,0,0,389018,0
140925,1,0,0,4,0,389120
140927,5,0,0,0,389191,389192
140928,5,1,0,0,389193,389194
140938,1,0,0,0,389212,389213
140939,1,1,0,0,389214,389215
140940,1,0,6,0,389216,389217
140941,1,0,6,0,389218,389219
140942,1,1,6,0,389244,389245
140944,31,0,0,0,389252,0
140945,31,1,0,0,389254,0
140946,31,1,0,0,389256,0
140947,11,0,0,0,0,389259
140948,1,0,6,0,389260,389261
140949,5,0,0,0,389262,389263
140950,5,1,0,0,389264,389265
140951,5,0,0,0,389266,389267
140953,11,1,0,4,0,389331
140954,1,1,6,0,389345,389346
140955,1,0,6,0,389347,389348
140956,1,0,0,0,389389,389390
140957,1,0,0,0,389391,389392
140958,7,1,0,0,389393,389394
140959,7,1,0,0,389395,389396
140960,7,1,0,0,389397,389398
140961,7,1,0,0,389399,389400
140962,7,1,0,0,389401,389402
140963,7,1,0,0,389403,389404
140964,7,1,0,0,389405,389406
140965,7,1,0,0,389407,389408
140966,7,1,0,0,389409,389410
140967,7,1,0,0,389411,389412
140968,7,1,0,0,389413,389414
140969,7,1,0,0,389433,389434
140970,7,1,0,0,389485,389486
140972,7,1,0,0,389489,389490
140973,7,1,0,0,389491,389492
140974,7,1,0,0,389493,389494
140975,7,1,0,0,389495,389496
140977,7,1,0,0,389497,389498
140978,7,1,0,0,389499,389500
140979,7,0,0,0,389501,389502
140980,7,1,0,0,389503,389504
140981,7,1,0,0,389505,389506
140982,7,1,0,0,389507,389508
140983,7,0,0,0,389509,389510
140984,7,0,6,0,389511,389512
140985,7,1,0,0,389513,389514
140986,7,0,0,0,389515,389516
140987,7,0,0,0,389517,389518
140988,7,0,0,0,389519,389520
140989,7,1,0,0,389521,389522
140990,7,1,0,0,389523,389524
140991,7,1,0,0,389525,389526
140992,7,1,0,0,389527,389528
140993,7,1,0,0,389529,389530
140994,7,1,0,0,389531,389532
140995,7,1,0,0,389533,389534
140996,1,1,0,0,389535,389536
141000,3,0,0,0,389542,389543
141003,3,0,0,0,389547,389548
141007,3,1,0,0,389554,389555
141008,3,1,0,0,389556,389557
141010,11,0,0,0,0,389561
141012,1,1,0,0,389564,389565
141015,7,0,0,0,389568,389569
141022,7,1,0,0,389786,389787
141023,7,1,0,0,389788,389789
141024,7,1,0,0,389790,389791
141025,7,1,0,0,389792,389793
141026,7,1,0,0,389794,389795
141027,7,1,0,0,389796,389797
141028,7,1,0,0,389798,389799
141029,7,1,0,0,389800,389801
141030,10,1,0,0,0,389802
141031,7,1,0,0,389803,389804
141032,8,1,6,0,389805,389806
141033,10,0,0,0,0,389807
141034,8,1,6,0,389808,389809
141035,10,1,0,0,0,389810
141036,2,0,0,0,389811,389812
141037,2,1,0,0,389813,389814
141038,7,1,0,0,389815,389816
141039,7,1,0,0,389817,389818
141040,9,1,0,0,390030,0
141041,9,0,0,0,389886,0
141043,7,1,0,0,389889,389890
141044,7,1,0,0,389891,389892
141045,13,0,0,0,389893,0
141046,7,1,0,0,389894,389895
141047,7,1,0,0,389896,389897
141062,9,1,0,0,389951,0
141063,7,0,0,0,389970,389971
141064,7,0,0,0,389972,389973
141065,7,0,0,0,389974,389975
141066,7,0,0,0,389976,389977
141067,7,0,0,0,389978,389979
141068,7,0,0,0,389980,389981
141069,7,0,6,0,389982,389983
141070,7,0,0,0,389984,389985
141071,7,0,0,0,389986,389987
141072,7,0,0,0,389988,389989
141073,7,0,0,0,389990,389991
141074,7,0,0,0,389992,389993
141075,7,0,0,0,389994,389995
141076,7,0,0,0,389996,389997
141077,7,1,6,0,389998,389999
141078,7,1,0,0,390000,390001
141079,7,1,0,0,390002,390003
141080,7,1,0,0,390004,390005
141081,7,0,0,0,390006,390007
141082,1,0,0,0,390008,390009
141083,1,1,0,0,390010,390011
141084,7,1,0,0,390028,390029
141085,7,1,0,0,390096,390097
141086,7,1,0,0,390098,390099
141087,7,1,0,0,390100,390101
141088,7,1,0,0,390102,390103
141089,7,1,0,0,390104,390105
141090,7,1,0,0,390106,390107
141091,7,1,0,0,390108,390109
141092,7,1,0,0,390110,390111
141093,7,1,0,0,390112,390113
141094,7,0,0,0,390114,390115
141095,8,1,6,0,390191,390192
141096,7,1,0,0,390193,390194
141097,7,1,0,0,390195,390196
141098,7,1,0,0,390197,390198
141099,7,1,0,0,390199,390200
141100,7,1,0,0,390201,390202
141101,7,1,0,0,390203,390204
141102,6,0,0,0,390205,390206
141103,7,1,0,0,390207,390208
141104,5,1,0,0,390209,390210
141105,7,1,0,0,390211,390212
141106,9,1,0,5,390213,0
141107,7,1,0,0,390214,390215
141108,2,0,0,0,390216,390217
141109,7,1,0,0,390218,390219
141110,7,1,0,0,390220,390221
141111,7,1,0,0,390222,390223
141112,6,1,0,0,390224,390225
141113,7,1,0,0,390226,390227
141114,8,1,0,0,390228,390229
141115,1,0,0,0,390230,390231
141116,7,0,0,0,390232,390233
141117,22,0,0,0,390234,0
141118,3,0,0,0,390235,390236
141119,7,1,0,0,390237,390238
141120,11,1,0,0,390239,390240
141121,7,1,0,0,390241,390242
141122,7,1,0,0,390243,390244
141123,7,1,0,0,390245,390246
141125,7,1,0,0,390249,390250
141126,7,1,0,0,390251,390252
141127,11,1,0,0,390253,390254
141128,7,1,0,0,390255,390256
141129,7,1,0,0,390257,390258
141130,7,1,0,0,390259,390260
141131,7,0,0,0,390261,390262
141132,7,0,0,0,390263,390264
141133,7,0,6,0,390265,390266
141134,31,0,0,0,408677,0
141135,7,0,0,0,390268,390269
141136,31,1,0,0,390270,0
141137,7,0,0,0,390272,390273
141138,7,0,0,0,390274,390275
141139,7,0,0,0,390276,390277
141140,7,0,0,0,390278,390279
141141,7,0,0,0,390280,390281
141142,7,0,0,0,390282,390283
141143,7,0,0,0,390284,390285
141144,7,0,0,0,390286,390287
141145,7,1,6,0,390288,390289
141146,7,1,0,0,390290,390291
141147,7,1,0,0,390292,390293
141148,7,1,0,0,390294,390295
141149,7,0,0,0,390296,390297
141150,3,0,0,0,390303,390304
141151,1,0,0,0,390305,390306
141152,3,1,0,0,390307,390308
141153,31,0,0,0,402866,0
141154,1,1,0,0,0,390311
141155,7,1,0,0,390312,390313
141156,7,1,0,0,390314,390315
141157,7,0,0,0,390316,390317
141158,7,0,0,0,390318,390319
141159,7,0,0,0,390320,390321
141160,7,0,0,0,390322,390323
141161,7,1,0,0,390324,390325
141162,7,1,0,0,390326,390327
141163,7,1,0,0,390328,390329
141164,7,1,0,0,390330,390331
141165,7,1,0,0,390332,390333
141166,7,1,0,0,390334,390335
141167,7,0,0,0,390336,390337
141168,11,0,0,0,390338,390339
141169,11,0,0,0,390459,390460
141170,7,0,0,0,390461,390462
141171,11,0,0,0,0,390464
141172,11,0,0,0,390465,390466
141173,11,1,0,0,390467,390468
141175,11,1,0,0,390471,390472
141177,7,0,0,0,390475,390476
141178,11,1,0,0,390477,390478
141179,11,1,0,0,390479,390480
141180,7,0,0,0,390481,390482
141181,11,0,0,0,390483,390484
141182,11,0,0,0,390485,390486
141183,7,0,0,0,390487,390488
141184,7,0,0,0,390489,390490
141185,11,0,0,0,390492,390493
141186,11,1,0,0,390494,390495
141187,11,1,0,0,390496,390497
141188,11,1,0,0,390498,390499
141189,7,0,0,0,390500,390501
141190,7,1,0,0,390502,390503
141191,7,1,0,0,390504,390505
141192,7,1,0,0,390506,390507
141193,7,1,0,0,390508,390509
141194,7,1,0,0,390510,390511
141195,1,0,0,0,390512,390513
141196,7,1,0,0,390514,390515
141197,7,0,0,0,390516,390517
141198,7,1,0,0,390518,390519
141199,7,0,0,0,390520,390521
141200,3,1,0,0,390524,390525
141201,1,0,0,0,390695,390696
141202,1,1,0,0,390697,390698
141203,7,1,0,0,390699,390700
141204,1,0,0,0,390701,390702
141205,7,1,0,0,390703,390704
141206,1,0,0,0,390705,390706
141207,1,1,0,0,390707,390708
141222,1,0,0,0,391001,391002
141223,30,1,0,0,391003,0
141224,30,0,0,0,391004,0
141225,30,0,0,0,391005,0
141226,30,1,0,4,391006,0
141227,30,1,0,4,391007,0
141228,30,0,0,4,391008,0
141229,30,0,0,4,391009,0
141230,30,0,0,0,391029,0
141231,2,0,0,0,0,391031
141232,2,0,0,0,391032,391033
141233,2,0,0,0,391034,391035
141234,2,1,0,0,391036,391037
141235,2,1,0,0,391038,391039
141236,2,0,0,0,0,391069
141237,31,0,0,0,391070,0
141238,9,0,0,0,391262,0
141239,1,0,0,0,0,391284
141240,1,0,0,0,0,391286
141241,1,0,0,0,391287,391288
141243,1,1,0,0,391291,391292
141244,10,0,0,0,0,391293
141245,1,1,0,0,391294,391295
141246,10,1,0,0,0,391296
141247,1,0,0,0,391297,391298
141248,8,1,0,0,391299,391300
141249,31,1,0,0,391340,0
141250,8,0,6,0,391342,391343
141251,2,1,0,0,0,391345
141253,1,0,0,0,0,391351
141254,1,0,0,0,391355,391356
141255,1,0,0,0,391357,391358
141256,1,0,0,0,391359,391360
141257,1,0,0,0,391361,391362
141258,1,1,0,0,391363,391364
141259,1,1,0,0,391365,391366
141260,1,1,0,0,391367,391368
141261,1,1,0,0,391369,391370
141262,11,0,0,4,0,391372
141263,11,1,0,4,0,391374
141264,7,1,0,0,391375,391376
141265,7,1,0,0,391377,391378
141266,7,1,0,0,391379,391380
141267,1,0,0,0,391425,391426
141268,1,0,0,0,391427,391428
141269,1,0,0,0,391429,391430
141270,1,0,0,0,391431,391432
141271,7,0,0,0,391461,391462
141272,7,0,0,0,391463,391464
141273,8,0,0,0,391465,391466
141274,11,0,0,4,0,391479
141275,11,0,8,4,0,391481
141276,11,0,0,0,391482,391483
141277,31,0,0,0,391484,0
141278,7,1,0,0,391511,391512
141279,7,1,0,0,391513,391514
141280,11,1,0,0,391527,391528
141283,7,0,0,0,391532,391533
141284,1,0,0,0,0,391586
141286,8,0,6,0,391774,391775
141287,8,0,6,0,391776,391777
141288,8,1,0,0,391778,391779
141289,8,1,0,0,391780,391781
141290,8,0,6,0,391866,391867
141291,8,0,6,0,391868,391869
141292,10,1,0,0,0,391984
141296,11,0,0,4,392024,392025
141297,11,0,0,4,0,392027
141298,11,1,0,4,0,392029
141299,4,0,12,0,0,392120
141300,1,0,0,0,392137,392138
141301,1,0,0,0,392139,392140
141302,1,0,0,0,0,392142
141303,1,0,0,0,392143,392144
141304,1,0,0,0,392145,392146
141305,1,0,0,0,0,392179
141306,1,0,0,0,0,392181
141307,1,0,0,0,392182,392183
141308,1,1,0,4,0,392242
141309,1,1,0,4,0,392244
141310,1,1,0,4,0,392246
141311,1,0,0,4,0,392248
141312,1,0,0,4,0,392250
141313,1,0,0,4,0,392252
141319,11,0,0,0,392312,392313
141320,4,0,12,0,0,392364
141321,7,1,0,0,392459,392460
141322,7,1,0,0,392463,392464
141323,7,1,0,0,392465,392466
141324,7,1,0,0,392467,392468
141325,7,1,0,0,392469,392470
141326,8,0,6,0,398051,392477
141327,30,1,0,0,392478,0
141328,30,1,0,0,392479,0
141329,30,1,0,0,392480,0
141330,30,1,0,0,392481,0
141331,30,1,0,0,392483,0
141332,30,1,0,0,392484,0
141333,3,0,0,0,392652,392653
141335,3,0,0,0,392801,392802
141336,3,0,0,0,392803,392804
141337,3,1,0,0,392866,392867
141338,3,1,0,0,392868,392869
141357,11,0,0,0,0,393120
141358,11,0,0,0,0,393122
141359,1,1,0,0,393123,393124
141360,7,1,0,0,393125,393126
141361,11,1,0,0,393127,393128
141362,11,1,0,0,393129,393130
141363,11,1,0,0,393163,393164
141364,11,0,0,0,393165,393166
141365,11,0,0,0,393167,393168
141366,11,0,0,0,393169,393170
141367,11,1,0,0,393171,393172
141368,11,1,0,0,393173,393174
141369,1,1,0,0,393180,393181
141370,30,0,0,0,393183,0
141371,30,0,0,0,393184,0
141372,30,0,0,0,393185,0
141373,30,0,0,0,393186,0
141374,30,0,0,0,393187,0
141375,30,0,0,0,393188,0
141376,30,0,0,0,393189,0
141379,30,0,0,0,393194,0
141380,30,0,0,0,393195,0
141381,13,1,0,0,393196,0
141382,13,1,0,0,393197,0
141383,31,0,0,0,393198,0
141384,3,0,0,0,393296,393297
141385,1,0,0,0,393316,393317
141386,11,0,0,0,0,393319
141387,11,0,0,0,0,393321
141388,8,1,0,0,393433,393434
141392,1,0,0,0,393453,393454
141393,11,0,0,0,393455,393456
141394,11,0,0,0,393457,393458
141395,30,0,0,0,393459,0
141396,30,0,0,0,393460,0
141397,30,0,0,0,393461,0
141398,30,1,0,0,393462,0
141399,13,0,0,0,393766,0
141400,13,0,0,0,393767,0
141401,1,1,0,0,0,393834
141405,13,1,0,0,393845,0
141406,1,0,0,0,393847,393848
141410,18,0,0,0,393849,0
141411,1,0,0,0,0,394405
141412,1,1,0,4,0,394407
141413,1,0,0,0,0,394409
141414,1,0,0,0,394410,394411
141415,1,1,0,0,0,394413
141416,1,1,0,0,0,394415
141417,1,1,0,0,0,394417
141418,32,0,0,0,394418,0
141419,1,0,0,0,0,394421
141420,1,0,0,0,0,394423
141421,1,1,0,0,0,394425
141422,1,1,0,0,0,394427
141423,1,0,0,0,0,394429
141424,1,0,0,0,0,394431
141425,1,1,0,0,0,394433
141426,1,1,0,0,0,394435
141427,32,0,0,0,394551,0
141428,31,1,0,0,394554,0
141429,1,0,0,0,0,394561
141430,11,1,0,0,394562,394563
141431,11,1,0,0,394564,394565
141432,1,0,0,0,0,394567
141433,32,0,0,0,394568,0
141434,1,0,0,0,0,394571
141435,11,0,0,0,394612,394613
141436,11,0,0,0,0,394668
141437,11,0,0,0,0,394694
141440,11,0,0,0,0,394970
141441,11,1,0,0,395148,395149
141442,11,1,0,0,395226,395227
141443,22,1,0,0,395391,0
141451,11,1,0,0,395602,395603
141452,11,1,0,0,395604,395605
141453,11,0,0,0,395606,395607
141454,11,0,0,0,395608,395609
141455,11,0,0,0,395610,395611
141456,11,0,0,0,395612,395613
141457,11,1,0,0,395614,395615
141458,11,1,0,0,395616,395617
141460,11,0,0,4,0,395621
141461,11,1,0,4,0,395623
141462,11,0,0,4,0,395625
141463,11,1,0,4,0,395627
141467,15,0,0,0,395843,0
141468,15,0,0,0,395844,0
141469,1,1,0,0,395845,395846
141470,11,0,0,0,395896,395897
141471,11,0,0,0,395898,395899
141472,11,1,0,0,395900,395901
141473,11,1,0,0,395902,395903
141475,31,0,0,0,395918,0
141476,31,1,0,0,395920,0
141477,1,1,0,0,395931,395932
141478,1,0,0,0,0,395943
141479,1,0,0,0,0,395945
141480,1,0,0,0,0,395947
141481,1,0,0,4,395981,395982
141482,1,0,0,0,0,395984
141483,1,0,0,0,395985,395986
141484,1,1,0,0,0,395988
141485,1,1,0,0,0,395990
141486,31,1,0,0,395991,0
141487,2,0,0,0,0,395994
141488,2,0,0,0,0,395996
141489,2,1,0,0,0,395998
141490,2,1,0,0,0,396000
141491,1,0,0,0,396061,396062
141492,1,1,0,0,0,396064
141493,1,0,0,0,0,396066
141494,31,0,0,0,396131,0
141495,5,0,0,0,396133,396134
141496,11,1,0,0,0,396208
141507,30,1,0,0,396233,0
141508,11,0,0,0,0,396234
141509,11,0,0,0,0,396235
141510,11,1,0,0,0,396236
141511,11,1,0,0,0,396237
141512,30,0,0,0,396238,0
141513,8,0,0,0,397989,396255
141514,4,0,0,0,0,396256
141515,30,1,0,0,396257,0
141517,4,1,0,0,0,396258
141518,30,0,0,0,396276,0
141519,30,1,0,0,396279,0
141520,31,0,0,0,396280,0
141522,31,1,0,0,396284,0
141523,31,0,0,0,396286,0
141527,31,0,0,0,396294,0
141531,31,0,0,0,396506,0
141532,31,1,0,0,396508,0
141533,31,1,0,0,396510,0
141534,1,0,0,0,396515,396513
141535,1,1,0,0,396517,396518
141536,1,1,0,0,396519,396520
141537,8,0,0,0,396523,396524
141538,31,1,0,0,396525,0
141539,31,1,0,0,396527,0
141540,31,0,0,0,396529,0
141541,1,0,0,0,396684,396685
141542,1,0,0,0,0,396687
141543,1,0,0,0,396742,396743
141544,11,1,0,4,0,396744
141545,11,0,0,4,0,396745
141546,31,0,0,0,396746,0
141547,31,0,0,0,396748,0
141548,11,0,0,4,0,396750
141549,11,0,0,4,0,396751
141550,11,1,0,4,0,396752
141551,11,1,0,4,0,396753
141552,1,0,0,0,396754,396755
141553,1,1,0,0,0,396757
141554,1,1,0,0,396758,396759
141555,11,0,0,4,0,396760
141556,1,1,0,0,396761,396762
141557,1,0,0,0,396763,396764
141558,1,0,0,0,396772,396773
141559,1,0,0,0,396784,396785
141560,1,1,0,0,396789,396790
141561,1,1,0,0,396805,396806
141562,9,1,0,0,396812,0
141563,2,0,0,0,396814,396815
141568,2,1,0,0,396816,396817
141569,11,0,0,0,0,396858
141570,11,0,0,0,0,396859
141571,5,0,0,0,396906,396907
141572,1,0,0,0,396966,396967
141573,5,0,0,0,396968,396969
141574,5,0,0,0,396970,396971
141575,5,1,0,0,396981,396978
141576,1,1,0,0,0,396980
141577,5,0,0,0,396982,396983
141578,5,1,0,0,396984,396985
141579,8,1,6,0,396986,396987
141580,1,0,0,0,0,396989
141581,31,1,0,0,396990,0
141582,1,0,0,0,397057,397058
141583,5,1,0,0,397060,397061
141584,5,1,0,0,397062,397063
141585,5,0,0,0,397064,397065
141586,5,0,0,0,397066,397067
141587,31,0,0,0,397068,0
141588,8,0,0,0,397127,397128
141589,10,0,0,0,0,397129
141590,5,1,0,0,397130,397131
141591,3,1,0,0,397132,397133
141592,8,1,0,0,397134,397135
141593,9,1,0,0,397136,0
141594,5,0,0,0,397137,397138
141595,26,0,0,0,397139,0
141596,7,0,0,0,397140,397141
141597,22,0,0,0,397142,0
141598,9,1,0,0,397143,0
141599,1,1,0,0,397144,397145
141600,7,0,0,0,397146,397147
141601,1,1,0,0,397209,397210
141602,1,1,0,0,397211,397212
141603,31,0,0,0,397225,0
141604,10,1,0,0,0,397283
141605,11,1,6,0,0,397284
141606,3,0,0,0,0,397286
141607,1,0,0,0,397287,397288
141608,1,0,0,0,0,397375
141609,1,1,0,0,0,397377
141610,1,1,0,0,0,397379
141611,9,0,0,0,397433,0
141612,32,0,0,0,397442,0
141627,1,0,0,0,0,397772
141628,1,0,0,0,0,397774
141629,1,1,0,0,0,397776
141630,1,1,0,0,0,397778
141654,31,0,0,0,397901,0
141657,31,1,0,0,397917,0
141676,1,1,0,0,397972,397973
141677,1,1,0,0,397974,397975
141678,1,1,0,0,397976,397977
141679,31,0,0,0,397985,0
141680,1,0,0,0,397987,397988
141681,1,0,0,0,397990,397991
141682,1,1,0,0,397992,397993
141683,1,1,0,0,397994,397995
141684,31,0,0,0,398013,0
141685,1,0,0,0,0,398017
141686,1,0,0,0,398018,398019
141687,1,1,0,0,398020,398021
141688,31,0,0,0,398022,0
141689,31,0,0,0,398024,0
141691,31,1,0,0,398026,0
141692,31,1,0,0,398028,0
141693,31,1,0,0,398045,0
141695,1,0,0,0,398052,398053
141696,1,0,0,0,398054,398055
141697,1,1,0,0,398056,398057
141698,1,1,0,0,398058,398059
141699,10,0,8,0,0,398060
141700,10,0,8,0,0,398061
141701,10,1,8,0,0,398062
141702,10,0,8,0,0,398075
141703,10,1,8,0,0,398076
141706,1,1,0,0,398099,398100
141707,8,1,6,0,398108,398109
141708,31,1,0,0,398148,0
141709,1,1,0,0,398159,398160
141710,26,0,0,0,398284,0
141711,1,0,0,0,398429,398430
141712,1,0,0,0,398431,398432
141713,1,1,0,0,398433,398434
141714,1,1,0,0,398435,398436
141715,1,0,0,0,0,398444
141716,1,0,0,0,0,398446
141717,1,1,0,0,0,398448
141718,1,1,0,0,0,398450
141719,1,0,0,0,0,398452
141721,1,1,0,0,0,398456
141722,1,1,0,0,398457,398458
141723,1,1,0,0,398459,398460
141724,1,0,0,0,398461,398462
141725,1,0,0,0,398463,398464
141726,1,0,0,0,0,398518
141727,1,1,0,0,0,398520
141728,2,0,0,0,398587,398588
141729,2,0,0,0,0,398590
141730,2,1,0,0,398591,398592
141731,2,1,0,0,0,398594
141732,31,0,7,0,400534,0
141733,11,0,0,0,0,398840
141734,11,0,0,0,0,398841
141735,11,1,0,0,0,398842
141736,31,0,0,0,398954,0
141737,1,0,0,0,398958,398959
141738,11,0,0,0,0,398960
141739,11,0,0,0,0,398961
141740,11,0,0,0,0,398962
141741,11,0,0,0,0,398963
141742,11,0,0,0,0,398964
141743,11,0,0,0,0,398965
141744,11,0,0,0,0,398966
141745,11,0,0,0,0,398967
141746,1,0,0,0,0,398969
141747,5,0,0,0,400532,398970
141748,11,1,0,0,0,398971
141749,11,1,0,0,0,398972
141750,11,1,0,0,0,398973
141751,11,1,0,0,0,398974
141752,11,0,0,0,0,398975
141753,11,0,0,0,0,398976
141754,11,0,0,0,0,398977
141755,11,0,0,0,0,398978
141756,1,1,0,4,0,398988
141757,31,1,0,0,400507,0
141758,1,1,0,0,400508,400509
141759,31,1,0,0,400510,0
141760,3,0,0,0,409536,400530
141761,31,1,0,0,400531,0
141762,31,0,0,0,400535,0
141763,31,0,0,0,400536,0
141764,31,0,0,0,400633,0
141765,31,0,0,0,400634,0
141766,31,0,0,0,400637,0
141767,1,0,0,0,400638,400639
141768,31,0,0,0,400644,0
141769,1,0,0,0,400653,400654
141770,1,1,0,0,400655,400656
141771,1,1,0,0,400657,400658
141772,31,0,0,0,400661,0
141773,11,0,0,0,0,400665
141774,31,0,0,0,400666,0
141775,31,1,0,0,400667,0
141776,30,1,0,0,400668,0
141777,31,1,0,0,400669,0
141778,31,0,0,0,400706,0
141779,5,0,0,0,400739,400740
141780,1,1,0,0,400741,400742
141781,11,1,0,0,0,400772
141782,1,0,0,0,400773,400774
141783,1,0,0,0,0,400776
141784,1,0,0,0,400777,400778
141785,1,0,0,0,400779,400780
141786,1,1,0,0,0,400782
141787,1,1,0,0,0,400784
141788,1,0,0,0,0,400786
141789,11,1,0,0,0,400787
141790,11,0,0,0,0,400788
141791,11,0,0,0,0,400789
141792,31,1,0,0,400790,0
141793,31,0,0,0,400791,0
141794,1,0,0,4,400792,400793
141795,31,0,0,0,400794,0
141796,31,1,0,0,400795,0
141797,31,0,0,0,400796,0
141798,1,1,0,4,400799,400800
141799,11,0,0,0,0,400811
141800,9,1,0,0,400812,0
141801,1,0,0,0,400813,400814
141802,1,0,0,4,400815,400816
141803,1,0,0,4,0,400850
141804,1,1,0,4,400859,400860
141819,31,0,0,0,400883,0
141820,1,1,0,4,0,400887
141821,1,0,0,0,0,400889
141822,1,1,0,0,400936,400937
141823,7,0,0,0,400949,400950
141824,7,1,0,0,400957,400958
141825,5,1,0,0,400959,400960
141826,8,0,0,0,400961,400962
141827,8,1,0,0,400963,400964
141828,1,0,0,0,400965,400966
141829,1,0,0,0,400967,400968
141830,1,1,0,0,400969,400970
141831,7,0,0,0,400971,400972
141832,8,1,0,0,400973,400974
141833,5,0,0,0,400975,400976
141834,5,1,0,0,400977,400978
141835,8,0,0,0,400979,400980
141837,31,1,0,0,400985,0
141838,30,0,0,0,400987,0
141839,1,0,0,0,0,400989
141840,1,1,0,0,400990,400991
141841,31,0,0,0,400992,0
141842,31,1,0,0,400993,0
141843,5,0,0,0,400994,400995
141844,5,1,0,0,400996,400997
141845,8,0,0,0,401004,401005
141846,8,1,0,0,401009,401010
141847,31,0,0,0,401072,0
141848,31,0,0,0,401073,0
141849,31,1,0,0,401074,0
141850,1,0,0,4,0,401090
141851,1,1,0,0,401096,401097
141852,31,1,0,0,401098,0
141853,31,1,0,0,401184,0
141854,31,1,0,0,401185,0
141855,31,1,0,0,401186,0
141856,31,1,0,0,401187,0
141857,31,0,0,0,401188,0
141858,31,0,0,0,401189,0
141859,31,0,0,0,401190,0
141860,31,0,0,0,401191,0
141861,31,0,0,0,401192,0
141862,31,1,0,0,401193,0
141863,31,1,0,0,401194,0
141864,31,0,0,0,401195,0
141865,31,0,0,0,401196,0
141866,31,0,0,0,401197,0
141867,31,1,0,0,401198,0
141868,31,0,0,0,401199,0
141869,31,0,0,0,401200,0
141870,1,0,0,0,401201,401202
141871,31,1,0,0,401297,0
141872,31,1,0,0,401321,0
141873,31,1,0,0,401322,0
141874,31,0,0,0,401323,0
141875,31,0,0,0,401324,0
141876,8,0,0,0,401334,401335
141879,30,0,0,0,401411,0
141880,31,0,0,0,401418,0
141895,1,1,0,4,0,401453
141896,1,0,0,0,401454,401455
141897,1,0,0,4,0,401580
141898,4,1,12,0,0,401628
141899,31,0,0,0,401629,0
141900,31,1,0,0,401630,0
141901,31,1,0,0,401631,0
141902,31,0,0,0,401632,0
141903,31,0,0,0,401633,0
141904,31,1,0,0,401634,0
141905,31,1,0,0,401635,0
141906,31,0,0,0,401636,0
141907,31,1,0,0,401637,0
141908,31,0,0,0,401638,0
141909,31,0,0,0,401639,0
141910,31,1,0,0,401640,0
141911,31,1,0,0,401641,0
141912,31,1,0,0,401642,0
141913,31,0,0,0,401643,0
141914,31,1,0,0,401644,0
141915,31,0,0,0,401645,0
141916,1,0,0,0,0,401647
141917,31,0,0,0,401648,0
141918,31,0,0,0,401650,0
141919,31,0,0,0,401651,0
141920,31,1,0,0,401652,0
141921,31,1,0,0,401653,0
141922,31,1,0,0,401654,0
141923,31,0,0,0,401655,0
141924,31,0,0,0,401656,0
141925,1,0,0,0,0,401658
141926,31,0,0,0,401739,0
141927,31,1,0,0,401740,0
141928,1,0,0,0,0,402010
141929,1,0,0,0,0,402012
141930,1,1,0,0,0,402014
141931,1,1,0,0,0,402016
141932,1,1,0,0,402017,402018
141933,8,1,0,0,402019,402020
141934,31,1,0,0,402061,0
141935,31,1,0,0,402062,0
141936,31,0,0,0,402063,0
141937,31,0,0,0,402064,0
141938,30,0,0,4,402077,0
141939,11,0,0,0,0,402129
141940,11,1,0,0,0,402132
141941,11,0,0,4,0,402133
141942,8,0,0,0,402134,402135
141943,11,0,0,0,0,402136
141944,2,0,0,0,402137,402138
141945,2,1,0,0,402139,402140
141947,11,0,0,0,0,402142
141948,11,0,0,0,0,402143
141949,11,0,0,4,0,402144
141950,11,0,0,4,0,402145
141951,31,1,0,0,402399,0
141952,31,0,0,0,402400,0
141953,31,0,0,0,402401,0
141954,31,0,0,0,402402,0
141955,3,0,0,0,402441,402442
141956,3,0,0,0,402443,402444
141957,3,1,0,0,402445,402446
141958,3,1,0,0,402447,402448
141959,3,1,0,0,402736,402737
141960,31,0,0,0,402752,0
141961,1,1,0,0,402753,402754
141962,1,0,0,0,402761,402762
141963,7,1,0,0,402804,402805
141964,1,1,0,0,402813,402814
141965,30,0,0,0,402819,0
141966,31,1,0,0,402820,0
141967,31,0,0,0,402821,0
141968,31,1,0,0,402822,0
141969,31,1,0,0,402823,0
141970,31,0,0,0,402825,0
141971,31,0,0,0,402826,0
141972,31,1,0,0,402828,0
141973,31,1,0,0,402829,0
141974,11,0,0,0,0,402834
141975,11,1,0,0,0,402835
141976,31,1,0,0,402867,0
141977,31,0,0,0,403004,0
141978,7,0,6,0,403006,403007
141979,31,1,0,0,403016,0
141980,31,0,0,0,403017,0
141981,31,0,0,0,403169,0
141982,31,1,0,0,403170,0
141983,1,1,0,0,403171,403172
141984,1,1,0,0,403173,403174
141985,1,0,0,0,403175,403176
141986,1,0,0,0,403177,403178
141987,31,0,0,0,403179,0
141988,31,1,0,0,403180,0
141989,1,0,0,0,403182,403183
141990,31,0,0,0,403184,0
141991,1,0,0,0,403199,403200
141992,1,1,0,0,0,403202
141993,31,0,0,0,403206,0
141994,1,1,0,0,403207,403208
141995,31,0,0,0,403209,0
141996,31,0,0,0,403216,0
141997,31,1,0,0,403217,0
141998,31,0,0,0,403218,0
141999,31,1,0,0,403384,0
142000,31,1,0,0,403397,0
142001,31,1,0,0,403399,0
142002,31,0,0,0,403401,0
142003,31,0,0,0,403402,0
142004,31,0,0,0,403403,0
142005,22,0,6,0,403408,0
142006,7,1,0,0,403415,403416
142007,31,0,7,0,403435,0
142008,1,1,0,0,0,403437
142009,1,1,0,0,0,403439
142010,1,0,0,0,0,403441
142011,1,0,0,0,0,403443
142012,31,0,0,0,403444,0
142013,31,1,0,0,403445,0
142014,1,0,0,0,0,403484
142015,1,1,0,0,0,403486
142016,1,1,0,0,0,403488
142017,1,1,0,0,0,403490
142018,1,0,0,0,0,403492
142019,31,0,0,0,403493,0
142020,34,1,0,0,403494,0
142021,10,1,0,0,0,403506
142022,10,1,0,0,0,403507
142023,10,1,0,0,0,403508
142024,10,0,0,0,0,403509
142027,9,1,0,0,403581,0
142028,9,1,0,0,403582,0
142029,3,0,0,4,403583,403584
142030,1,0,0,0,0,403586
142031,1,0,0,0,0,403588
142032,1,0,0,0,0,403590
142033,8,1,0,0,403608,403609
142034,1,0,0,0,403618,403619
142035,1,1,0,0,0,403623
142036,1,0,0,0,0,403625
142037,1,0,0,0,0,403627
142038,1,0,0,0,0,403635
142039,1,1,0,0,0,403637
142040,1,1,0,0,403704,403705
142041,1,1,0,0,0,403759
142042,1,1,1,0,403760,403761
142043,5,1,0,0,403762,403763
142044,1,0,0,0,403765,403766
142045,1,1,0,0,403767,403768
142046,1,1,3,0,403769,403770
142047,1,0,0,0,403791,403792
142048,1,0,1,0,403793,403794
142049,1,0,0,0,403795,403796
142050,1,0,0,0,403802,403803
142051,1,1,1,0,0,403821
142052,1,1,0,0,0,403849
142053,8,0,0,0,403870,403871
142054,8,0,0,0,403872,403873
142055,31,0,0,0,403905,0
142056,31,0,0,0,403906,0
142057,31,0,0,0,403907,0
142058,31,1,0,0,403908,0
142059,31,1,0,0,403909,0
142060,31,1,0,0,403910,0
142061,31,1,0,0,403911,0
142062,31,1,0,0,403912,0
142063,31,0,0,0,403913,0
142064,8,0,0,0,403914,403915
142065,8,1,0,0,403916,403917
142066,8,1,0,0,403918,403919
142067,3,1,0,0,403920,403921
142068,31,0,0,0,403922,0
142069,7,0,0,0,403923,403924
142070,31,1,0,0,403925,0
142071,3,0,0,0,403926,403927
142072,31,0,0,0,403928,0
142074,31,0,0,0,403929,0
142075,31,1,0,0,403930,0
142076,31,0,0,0,403931,0
142080,10,1,0,0,0,403946
142081,10,1,0,0,0,403947
142089,10,1,0,0,0,403958
142090,10,1,12,0,0,403959
142091,10,1,0,0,0,403960
142094,10,0,12,0,0,403963
142097,10,0,6,0,0,403968
142098,10,0,0,0,0,403975
142099,10,0,12,0,0,403976
142100,4,1,12,0,0,403977
142101,4,1,0,0,0,403978
142102,31,0,0,0,403979,0
142103,4,1,12,0,0,403980
142104,4,1,0,0,0,403987
142105,4,0,12,0,0,403988
142106,4,0,0,0,0,403989
142107,4,0,0,0,0,403990
142108,4,0,12,0,0,403999
142109,4,0,12,0,0,404017
142110,31,1,0,0,404019,0
142111,31,1,0,0,404020,0
142112,31,1,0,0,404021,0
142113,31,0,0,0,404022,0
142114,31,0,0,0,404023,0
142115,1,0,0,0,0,404128
142116,1,0,0,0,0,404130
142117,31,0,0,0,404220,0
142118,31,0,0,0,404221,0
142119,31,0,0,0,404222,0
142120,1,0,0,4,404247,404248
142121,1,0,0,4,404249,404250
142122,1,0,0,4,404251,404252
142123,1,0,0,4,404268,404269
142124,1,1,0,4,404270,404271
142125,1,1,0,4,404272,404273
142126,1,1,0,4,404274,404275
142127,1,1,0,4,404276,404277
142128,1,0,0,0,0,404279
142130,30,1,0,0,404370,0
142131,31,0,0,0,404459,0
142132,31,1,0,0,404460,0
142133,31,0,0,0,404483,0
142134,7,0,0,0,404484,404485
142135,31,0,0,0,404543,0
142136,1,0,0,0,0,404545
142137,1,0,0,0,0,404547
142138,1,1,0,0,0,404549
142139,1,1,0,0,0,404551
142140,1,1,0,0,0,404579
142141,1,1,0,0,0,404581
142142,32,1,0,0,404582,0
142143,1,1,0,1,0,404585
142144,1,1,0,0,0,404663
142145,1,1,0,0,0,404665
142146,1,1,0,0,0,404667
142147,1,0,0,0,404668,404669
142148,1,0,0,0,404670,404671
142149,1,0,0,0,0,404673
142150,4,0,0,0,0,404704
142151,10,0,0,0,0,404705
142152,8,0,0,0,0,404707
142153,1,0,0,0,0,404839
142154,31,0,0,0,405034,0
142155,11,1,0,0,0,405035
142157,9,0,0,0,405066,0
142158,31,1,0,0,405072,0
142159,31,0,0,0,405098,0
142160,7,0,0,0,405111,405112
142161,7,1,0,0,405113,405114
142162,1,0,0,0,405115,405116
142163,1,1,0,0,405117,405118
142164,33,0,0,0,405121,0
142165,33,0,0,0,405123,0
142166,31,0,0,0,405133,0
142167,31,1,0,0,405134,0
142168,31,0,0,0,405179,0
142169,3,0,0,0,405213,405214
142170,1,0,0,0,405215,405216
142171,2,0,0,0,0,405231
142172,3,1,0,0,405234,405235
142173,1,1,0,0,405236,405237
142174,31,0,0,0,405272,0
142183,31,0,0,0,405285,0
142190,31,0,0,0,405295,0
142191,31,0,0,0,405340,0
142192,31,1,0,0,405341,0
142193,31,1,0,0,405342,0
142194,32,0,0,0,405385,0
142195,20,0,0,0,405393,0
142206,31,0,0,0,405409,0
142211,31,1,0,0,405469,0
142212,31,1,0,0,405470,0
142213,31,1,0,0,405471,0
142214,31,0,0,0,405472,0
142215,31,0,0,0,405473,0
142216,31,0,0,0,405474,0
142217,31,0,0,0,405475,0
142218,31,1,0,0,405492,0
142219,31,1,0,0,405493,0
142220,31,0,0,0,405494,0
142221,31,0,0,0,405495,0
142222,8,1,0,0,405506,405507
142223,8,0,0,0,405508,405509
142224,3,0,0,0,405578,405579
142225,9,1,0,0,405581,0
142226,31,0,0,0,405582,0
142227,31,0,0,0,405583,0
142228,9,1,0,0,405584,0
142229,31,0,0,0,405585,0
142230,31,0,0,0,405586,0
142231,9,1,0,0,405587,0
142232,1,0,0,0,405588,405589
142233,1,0,0,0,405592,405593
142234,1,1,0,0,405594,405595
142235,1,1,0,0,405596,405597
142236,31,1,0,0,405618,0
142237,31,1,0,0,405619,0
142238,31,1,0,0,405620,0
142239,31,1,0,0,405621,0
142240,31,0,0,0,405680,0
142241,31,0,0,0,405681,0
142242,31,1,0,0,405682,0
142243,31,1,0,0,405683,0
142244,9,0,0,0,405698,0
142245,8,0,0,0,405699,405700
142246,16,0,0,0,405799,0
142247,1,0,0,0,0,405859
142248,31,0,0,0,405904,0
142249,31,1,0,4,406468,0
142250,20,0,0,0,406469,0
142251,31,0,0,0,406478,0
142252,31,1,0,0,406479,0
142253,31,1,0,0,406522,0
142254,31,1,0,0,406523,0
142255,31,0,0,0,406524,0
142256,31,0,0,0,406525,0
142257,31,0,0,0,406526,0
142258,31,0,0,0,406560,0
142259,31,1,0,4,406561,0
142260,31,0,0,0,406562,0
142261,31,1,0,0,406563,0
142262,31,1,0,0,406564,0
142263,31,1,0,0,406565,0
142264,31,0,0,0,406566,0
142265,31,0,0,0,406567,0
142266,31,1,0,0,406568,0
142267,31,1,0,0,406569,0
142268,1,0,0,0,0,406571
142269,1,0,0,0,406572,406573
142270,1,0,0,0,406580,406581
142271,31,1,0,0,406607,0
142272,31,0,0,0,406608,0
142273,1,0,0,0,406609,406610
142274,1,1,0,0,0,406612
142275,1,1,0,0,406613,406614
142276,1,1,0,0,406615,406616
142277,1,1,0,0,406617,406618
142279,31,1,0,0,406620,0
142280,31,0,0,0,406621,0
142281,1,0,0,4,406655,406656
142282,1,1,0,0,406657,406658
142283,1,0,0,0,0,406666
142284,1,1,0,0,406667,406668
142285,31,1,0,0,406670,0
142286,1,0,0,0,406730,406731
142287,1,0,0,0,406732,406733
142288,1,0,0,0,406734,406735
142289,1,1,0,0,0,406737
142290,31,1,0,0,406739,0
142291,1,0,0,0,406745,406746
142292,5,0,0,0,406998,406999
142293,32,1,0,0,407738,0
142294,1,0,0,0,0,407028
142295,11,0,0,0,0,407224
142310,31,0,0,4,407372,0
142325,31,0,0,0,407480,0
142326,31,0,0,0,407481,0
142327,31,1,0,0,407482,0
142328,31,1,0,0,407483,0
142333,1,0,0,0,0,407548
142334,1,0,0,0,0,407571
142336,32,0,0,0,407688,0
142337,32,0,0,0,407689,0
142338,32,0,0,0,407690,0
142339,8,0,0,0,407691,407692
142341,2,0,0,0,407732,407733
142342,32,0,0,0,407734,0
142343,32,0,0,0,407735,0
142345,1,0,0,0,407823,407824
142347,7,0,0,0,407835,407836
142348,1,1,0,4,407858,407859
142349,7,1,0,0,407860,407861
142350,7,1,0,0,407881,407882
142351,7,0,0,0,407883,407884
142352,7,1,0,0,407921,407922
142354,1,0,0,4,0,407926
142355,1,1,0,4,0,407928
142384,32,0,0,0,408053,0
142385,1,1,0,0,0,408055
142387,32,1,0,0,408058,0
142388,1,1,0,0,0,408061
142389,1,1,0,0,408062,408063
142390,1,1,0,0,0,408065
142392,32,0,0,0,408068,0
142408,29,0,0,0,410819,0
142409,29,1,0,0,410818,0
142410,30,0,0,4,408175,0
142425,1,0,0,0,408292,408293
142427,28,0,1,4,408299,0
142428,1,0,0,0,408296,408297
142429,32,0,0,0,408298,0
142444,1,0,0,0,0,408327
142445,1,0,0,0,0,408360
142446,31,1,0,0,408361,0
142447,31,0,0,0,408362,0
142448,31,0,0,0,408366,0
142449,8,1,0,0,408367,408368
142450,8,1,0,0,408369,408370
142451,18,0,0,0,408371,0
142452,8,1,0,0,408372,408373
142453,18,0,0,0,408374,0
142454,8,1,0,0,408375,408376
142455,8,1,0,0,408377,408378
142456,8,1,0,0,408544,408545
142457,8,1,0,0,408546,408547
142458,8,1,0,0,408548,408549
142459,8,1,0,0,408569,408570
142460,21,0,0,0,408571,0
142461,8,0,0,0,408572,408573
142462,8,0,0,0,408606,408607
142463,8,1,0,0,408608,408609
142464,18,0,0,0,408610,0
142465,18,1,0,0,408611,0
142466,1,0,0,0,408612,408613
142467,8,1,0,0,408614,408615
142468,8,0,0,0,408616,408617
142469,8,0,0,0,408618,408619
142470,18,1,0,0,408620,0
142471,8,1,0,0,408621,408622
142472,18,0,0,0,408623,0
142473,8,0,0,0,408624,408625
142474,8,1,0,0,408626,408627
142475,8,1,0,0,408628,408629
142476,8,1,0,0,408630,408631
142477,8,0,0,0,408632,408633
142478,8,0,0,0,408655,408656
142479,8,1,0,0,408657,408658
142480,8,1,0,0,0,408660
142481,8,0,0,0,408661,408662
142482,8,0,0,0,408672,408673
142483,8,1,0,0,408674,408675
142484,32,0,0,0,408676,0
142485,8,1,0,0,0,408688
142486,8,0,0,0,408689,408690
142487,8,1,0,0,408718,408719
142488,8,0,0,0,408720,408721
142489,8,1,0,0,408794,408795
142490,31,1,0,0,408797,0
142491,31,1,0,0,408798,0
142492,31,0,0,0,408799,0
142493,31,0,0,0,408800,0
142494,31,1,0,0,408801,0
142495,31,1,0,0,408802,0
142496,31,0,0,0,408803,0
142497,31,0,0,0,408804,0
142498,8,1,0,0,408855,408856
142499,8,0,0,0,408895,408896
142500,8,1,0,0,408921,408922
142501,8,0,0,0,408923,408924
142502,21,0,0,0,408925,0
142503,8,1,0,0,408926,408927
142504,31,0,0,0,408930,0
142505,32,0,0,0,408938,0
142506,32,0,0,0,408939,0
142507,8,0,0,0,408971,408972
142508,1,0,0,0,0,408985
142509,31,1,7,0,408986,0
142510,1,1,0,0,0,408989
142516,31,0,0,0,408997,0
142518,8,1,0,0,408999,409000
142521,31,1,0,0,409005,0
142528,32,0,0,4,409114,0
142529,32,0,0,0,409115,0
142530,32,0,0,0,409116,0
142531,32,0,0,0,409117,0
142532,1,1,0,0,409118,409119
142533,32,0,0,0,409120,0
142534,32,0,0,0,409121,0
142535,32,0,0,0,409122,0
142536,32,0,0,0,409125,0
142537,32,0,0,0,409128,0
142538,1,0,0,4,0,409130
142539,1,1,0,0,0,409134
142540,32,0,0,0,409135,0
142541,1,1,0,0,409136,437597
142542,1,0,0,0,0,425892
142543,32,0,0,0,409140,0
142544,1,0,0,0,0,409153
142545,1,1,0,0,0,409155
142546,31,0,0,0,409156,0
142547,1,0,0,4,409157,409193
142548,32,0,0,0,409160,0
142549,1,0,0,0,0,409200
142550,7,0,0,0,409202,409203
142551,11,1,0,0,0,409205
142552,11,1,0,0,0,409206
142553,11,0,0,0,0,409207
142554,11,0,0,0,0,409208
142555,7,1,0,4,409212,409213
142556,32,0,0,0,409233,0
142557,32,0,0,0,409252,0
142558,1,0,0,0,409255,409256
142559,32,0,0,0,409259,0
142560,1,0,0,0,409320,409321
142561,1,1,0,0,0,409323
142562,1,1,0,0,409324,409325
142563,1,0,0,0,409326,409327
142564,32,0,0,0,409328,0
142565,32,0,0,0,409329,0
142566,32,0,0,0,409334,0
142567,8,0,0,0,0,440046
142568,9,0,0,0,409339,0
142569,9,0,0,0,409340,0
142570,9,1,0,0,409341,0
142571,9,1,0,0,409342,0
142572,9,1,0,0,409343,0
142573,31,1,0,0,409369,0
142574,31,0,0,0,409370,0
142575,31,0,0,0,409371,0
142576,31,1,0,0,409372,0
142577,31,1,0,0,409373,0
142578,31,1,0,0,409374,0
142579,31,1,0,0,409375,0
142580,31,1,0,0,409376,0
142581,31,1,0,0,409377,0
142582,1,0,0,0,0,409379
142583,31,0,0,0,409380,0
142584,31,0,0,0,409381,0
142585,31,0,0,0,409382,0
142586,31,0,0,0,409383,0
142587,1,1,0,0,0,409385
142588,1,0,0,0,409386,409387
142589,1,0,0,0,409388,409389
142590,32,0,0,0,409421,0
142591,9,0,0,0,409438,0
142592,9,1,0,0,409439,0
142593,31,0,0,0,409440,0
142594,31,1,0,0,409441,0
142595,1,1,0,0,409442,409443
142596,1,0,0,0,409444,409445
142597,1,1,0,0,409446,409447
142598,1,0,0,0,409448,409449
142599,2,0,0,0,409450,409451
142600,1,0,0,0,409452,409453
142601,1,1,0,0,409454,409455
142602,32,0,0,0,409456,0
142603,32,0,0,0,409457,0
142604,32,0,0,0,409458,0
142605,1,0,0,0,0,409460
142606,1,0,0,0,409461,409462
142608,32,1,0,0,409527,0
142609,1,0,0,0,0,409529
142610,1,1,0,0,0,409531
142611,1,0,0,0,409532,409533
142612,1,1,0,4,0,409535
142613,1,0,0,0,0,409589
142614,32,0,0,0,409590,0
142615,31,1,0,0,409592,0
142616,1,0,0,0,0,409594
142617,7,1,0,0,409595,409596
142619,32,0,0,0,409617,0
142621,9,1,0,0,409619,0
142622,9,0,0,0,409620,0
142623,4,0,8,0,0,409631
142624,10,0,6,0,0,409632
142625,1,0,0,0,425166,409633
142626,9,0,0,0,409634,0
142627,9,0,0,0,409635,0
142628,9,1,0,0,409636,0
142629,9,1,0,0,409637,0
142630,32,0,0,0,409700,0
142631,32,0,0,0,409701,0
142632,32,0,0,0,409702,0
142633,32,0,0,0,409703,0
142634,31,0,0,0,409704,0
142635,31,0,0,0,409705,0
142636,31,0,0,0,409706,0
142637,9,1,0,0,409707,0
142638,31,0,0,0,409720,0
142639,9,1,0,0,409721,0
142640,31,0,0,4,409722,0
142641,9,1,0,0,409723,0
142642,9,0,0,0,409724,0
142643,9,0,0,0,409725,0
142644,9,0,0,0,409726,0
142645,32,0,0,0,409745,0
142646,32,0,0,0,409746,0
142647,32,0,0,0,409747,0
142648,1,0,0,0,0,409799
142649,1,1,0,0,409800,409801
142650,1,0,0,0,409802,409803
142651,1,1,0,0,409804,409805
142652,32,0,0,0,409806,0
142653,32,1,0,0,409807,0
142654,32,1,0,0,409819,0
142658,1,1,0,0,409826,409827
142659,1,1,0,0,0,409829
142660,1,1,0,0,0,409831
142661,1,0,0,0,0,409833
142662,31,1,0,4,409932,0
142663,31,1,0,4,409941,0
142664,31,0,0,0,410007,0
142665,31,0,0,0,410074,0
142666,1,0,0,0,0,410076
142667,31,0,0,0,410077,0
142668,1,0,0,0,0,410079
142669,1,0,0,0,0,410081
142670,1,0,0,0,0,410083
142671,1,1,0,0,0,410085
142672,1,1,0,0,0,410087
142673,1,1,0,0,0,410089
142674,1,1,0,0,0,410091
142675,1,1,0,0,0,410093
142676,1,1,0,0,0,410095
142678,31,1,0,0,410230,0
142680,31,0,0,0,410304,0
142681,31,0,0,0,410305,0
142682,31,1,0,0,410306,0
142683,31,1,0,0,410307,0
142685,1,0,0,0,410310,410311
142687,31,1,0,0,410729,0
142688,31,0,0,0,410730,0
142689,31,1,0,0,410731,0
142691,13,0,0,0,410734,0
142692,1,0,0,0,410735,410736
142707,31,0,0,0,410847,0
142708,1,0,0,0,410848,410849
142709,1,0,0,0,410850,410851
142710,1,1,0,0,410852,410853
142711,1,1,0,0,410854,410855
142712,1,0,0,0,410912,410913
142713,9,1,0,0,410914,0
142714,5,0,0,0,410915,410916
142715,1,0,0,0,411107,411108
142716,31,0,0,0,411109,0
142718,31,0,0,0,411110,0
142719,31,1,0,0,411111,0
142720,31,0,0,0,411112,0
142721,31,0,0,0,411113,0
142722,1,1,0,0,411114,411115
142723,32,0,0,0,411116,0
142724,32,0,0,0,411117,0
142725,1,1,0,5,0,411119
142726,32,0,0,0,411120,0
142727,32,0,0,0,411121,0
142728,1,0,0,0,0,411123
142729,1,0,0,0,0,411125
142730,1,1,0,1,0,411127
142731,1,1,0,1,0,411129
142732,1,0,0,0,0,411131
142733,1,1,0,0,411132,411133
142734,1,0,0,0,0,411135
142735,1,1,0,0,0,411137
142736,31,0,0,0,411157,0
142737,1,0,0,0,411268,411269
142738,1,1,0,0,0,411271
142739,31,0,0,0,411272,0
142740,1,1,0,5,0,411274
142741,1,0,0,5,0,411276
142742,1,0,0,5,0,411278
142743,1,1,0,0,411279,411280
142744,32,0,0,0,411281,0
142745,1,0,0,0,411282,411283
142746,1,1,0,0,411284,411285
142747,1,1,0,5,411286,411287
142748,31,0,0,0,411288,0
142749,31,1,0,0,411289,0
142750,31,1,0,0,411290,0
142751,31,1,0,0,411291,0
142752,32,0,0,0,411292,0
142753,32,0,0,0,411293,0
142754,32,0,0,0,411294,0
142755,1,1,0,0,0,411296
142756,1,1,0,5,0,411298
142757,1,0,1,0,411374,411375
142758,1,0,1,0,411376,411377
142759,1,0,1,0,411378,411379
142760,1,0,1,0,411380,411381
142761,1,1,1,0,411382,411383
142762,1,1,1,0,411384,411385
142763,1,1,1,0,411386,411387
142764,1,1,1,0,411388,411389
142765,1,0,0,5,0,411391
142766,1,0,0,5,0,411393
142767,8,0,0,0,411394,411395
142768,8,0,0,0,411396,411397
142769,8,0,0,0,411398,411399
142770,1,1,1,0,411400,411401
142771,8,0,0,0,411402,411403
142772,1,1,0,0,0,411405
142773,1,1,0,5,0,411407
142774,31,0,0,0,411408,0
142775,8,1,0,0,411409,411410
142776,8,1,0,0,411411,411412
142777,8,1,0,0,411413,411414
142778,8,1,0,0,411415,411416
142779,32,0,0,0,411491,0
142780,8,0,1,0,411492,411493
142781,8,0,1,0,411494,411495
142782,8,0,1,0,411496,411497
142783,8,0,1,0,411498,411499
142784,8,0,1,0,411500,411501
142785,8,1,1,0,411502,411503
142786,8,1,1,0,411504,411505
142787,8,1,1,0,411506,411507
142788,10,1,12,0,0,411508
142789,31,0,0,0,411527,0
142790,31,0,0,0,411528,0
142791,31,0,0,4,411529,0
142792,32,0,0,0,411530,0
142793,10,1,12,0,0,411531
142794,10,1,12,0,0,411532
142795,10,1,12,0,0,411533
142796,10,0,12,0,0,411534
142797,10,0,12,0,0,411535
142798,10,0,12,0,0,411536
142799,10,0,12,0,0,411537
142800,10,1,12,0,0,411538
142801,1,0,0,0,0,411540
142802,1,1,0,0,0,411542
142803,32,0,0,0,411543,0
142804,1,0,0,0,0,411545
142805,32,1,0,0,411546,0
142806,1,0,0,0,0,411549
142807,31,1,0,0,411550,0
142808,31,0,0,0,411551,0
142809,31,0,0,0,411552,0
142810,1,0,0,0,0,411554
142812,22,1,0,0,411557,0
142814,4,0,12,0,0,411568
142815,4,0,12,0,0,411569
142816,4,0,12,0,0,411570
142817,4,0,12,0,0,411571
142818,4,0,12,0,0,411576
142819,4,1,12,0,0,411580
142820,4,1,12,0,0,411581
142821,4,1,12,0,0,411582
142822,4,1,12,0,0,411583
142823,31,0,0,0,411586,0
142824,31,0,0,0,411587,0
142825,31,1,0,0,411588,0
142826,31,1,0,0,411589,0
142827,31,0,0,0,411590,0
142828,31,0,0,0,411595,0
142829,31,1,0,0,411596,0
142830,32,0,0,0,412460,0
142831,1,1,0,0,0,412463
142832,1,1,0,0,0,412472
142833,32,0,0,0,412763,0
142834,32,0,0,0,412773,0
142835,1,1,0,0,0,412775
142836,31,1,0,0,412776,0
142837,28,0,0,4,421027,0
142838,5,0,0,0,413010,413011
142839,5,0,0,0,413012,413013
142840,5,1,0,0,413014,413015
142841,5,1,0,0,413016,413017
142842,31,0,0,0,413018,0
142843,32,0,0,0,413019,0
142844,31,0,0,0,413020,0
142845,31,1,0,0,413021,0
142846,31,1,0,0,413022,0
142847,1,1,0,0,0,413024
142848,1,1,0,0,0,413043
142849,1,0,0,0,0,413045
142850,1,0,0,0,0,413049
142851,1,0,0,0,0,413051
142852,1,0,0,0,0,413053
142853,32,1,0,0,413054,0
142854,1,0,0,0,0,413057
142855,1,0,0,0,413058,413059
142856,31,0,0,0,413060,0
142857,1,1,0,0,0,413062
142858,1,1,0,0,0,413064
142859,1,1,0,0,0,413066
142860,1,1,0,0,0,413068
142861,31,1,0,0,413069,0
142862,1,1,0,0,0,413071
142863,31,1,0,0,413072,0
142864,1,1,0,0,0,413074
142865,31,1,0,0,413075,0
142866,31,1,0,0,413076,0
142867,1,0,0,0,0,413078
142868,1,0,0,0,0,413080
142869,1,0,0,0,0,413112
142870,1,0,0,0,0,413114
142871,13,0,0,0,413115,0
142872,1,0,0,0,0,413117
142873,13,1,0,0,413118,0
142874,13,0,0,0,413119,0
142875,32,0,0,4,413120,0
142876,1,0,0,0,0,413122
142877,1,1,0,0,0,413124
142878,22,0,0,0,413143,0
142879,22,0,0,0,413144,0
142880,32,0,0,0,413177,0
142881,32,0,0,0,413178,0
142882,32,0,0,0,413179,0
142883,32,0,0,0,413180,0
142884,32,0,0,0,413181,0
142885,1,1,0,0,0,413186
142889,1,1,0,0,0,413188
142890,1,1,0,0,0,413190
142891,1,1,0,0,0,413192
142892,32,0,0,0,413193,0
142894,1,0,0,0,0,413249
142895,32,0,0,0,413250,0
142896,31,0,0,0,413273,0
142897,29,1,8,0,413274,0
142898,31,0,0,0,413275,0
142899,31,0,0,0,413276,0
142900,31,0,0,0,413277,0
142902,31,1,0,0,413283,0
142903,1,1,0,0,0,413287
142904,2,0,1,0,413288,413289
142905,1,1,0,0,0,413291
142906,1,0,0,0,413292,413293
142907,1,1,0,0,0,413295
142908,1,1,0,0,0,413302
142909,1,0,0,0,0,413304
142910,1,0,0,0,0,413306
142911,5,0,0,0,413307,413308
142912,5,0,0,0,413309,413310
142913,5,0,0,0,413311,413312
142914,5,0,0,0,413313,413314
142915,5,1,0,0,413315,413316
142916,5,1,0,0,413317,413318
142917,5,1,0,0,413319,413320
142918,5,1,0,0,413321,413322
142919,1,0,0,0,413329,413330
142920,31,1,0,0,413331,0
142922,1,1,0,0,413333,413334
142923,1,1,0,0,413335,413336
142924,1,1,0,0,413337,413338
142925,1,1,0,0,413339,413340
142926,1,0,0,0,413341,413342
142927,1,0,0,0,413343,413344
142928,32,0,0,0,413345,0
142929,1,0,0,0,413346,413347
142930,32,0,0,0,413368,0
142931,32,0,0,0,413547,0
142945,32,0,0,0,413567,0
142947,1,0,0,0,413570,413571
142948,9,0,0,0,413572,0
142949,9,1,0,0,413573,0
142950,8,1,1,0,413574,413575
142951,10,1,0,0,0,413576
142952,33,0,0,0,413577,0
142953,9,1,0,0,413660,0
142954,6,1,0,0,0,413661
142955,10,1,0,0,0,413662
142956,10,0,0,0,0,413663
142957,5,0,0,0,0,413665
142958,5,1,0,0,0,413667
142959,26,1,0,0,413668,0
142960,26,0,0,0,413669,0
142961,27,0,0,0,413670,0
142962,27,1,0,0,413671,0
142963,28,0,0,0,413679,0
142964,28,1,0,0,413686,0
142965,13,1,0,0,413699,0
142967,8,0,0,0,0,413709
142968,27,0,0,0,463226,0
142969,31,0,0,0,413710,0
142970,31,0,0,0,413711,0
142971,6,1,0,0,0,413712
142972,26,1,0,0,413740,0
142973,31,0,0,0,413741,0
142974,31,0,0,0,413742,0
142975,31,1,0,0,413743,0
142976,31,1,0,0,413744,0
142978,10,1,0,0,0,413746
142979,1,0,0,0,413747,413748
142980,27,0,0,0,413749,0
142981,1,0,0,0,413750,413751
142982,1,0,0,0,0,413753
142983,32,0,0,0,413754,0
142984,2,1,0,0,0,413756
142985,8,0,0,0,413757,413758
142988,8,1,0,0,413759,413760
142989,6,0,0,0,0,413761
142991,9,1,0,0,413762,0
142992,9,0,0,0,413763,0
142993,1,1,0,0,413765,413766
142994,1,1,0,0,413767,413768
142995,1,0,0,0,413769,413770
142996,1,0,0,0,413771,413772
142999,8,0,0,0,413777,413778
143000,2,0,0,0,413779,413780
143001,2,1,0,0,413781,413782
143002,8,1,0,0,413783,413784
143003,6,0,0,0,0,413785
143004,2,0,0,0,413786,413787
143005,2,0,0,0,413788,413789
143006,2,0,0,0,413790,413791
143007,2,0,0,0,413792,413793
143008,10,1,0,0,0,413796
143009,10,1,0,0,0,413797
143010,10,0,0,0,0,413798
143011,10,0,0,0,0,413799
143012,10,1,0,0,0,413852
143013,10,1,0,0,0,413853
143014,10,0,0,0,0,413854
143015,10,0,0,0,0,413855
143016,10,1,0,0,0,413866
143017,31,1,0,0,413869,0
143018,1,1,0,0,0,413882
143019,32,0,0,0,413883,0
143020,9,0,0,0,413884,0
143021,1,0,0,0,413924,413925
143022,1,1,0,0,413926,413927
143023,1,0,0,0,413928,413929
143024,1,1,0,0,413932,413933
143025,1,0,0,0,413934,413935
143026,1,0,0,0,413936,413937
143027,1,1,0,0,413938,413939
143028,1,0,0,0,413940,413941
143029,13,1,0,0,413942,0
143030,31,1,0,0,413943,0
143031,1,0,0,0,414004,414005
143032,31,1,0,0,414006,0
143033,31,1,0,0,414037,0
143034,31,0,0,0,414209,0
143035,32,0,0,0,414232,0
143036,1,0,0,0,414242,414243
143037,10,0,0,0,0,414291
143038,10,1,0,0,0,414292
143039,22,0,0,0,414301,0
143040,22,0,0,0,414302,0
143041,22,1,0,0,414303,0
143043,7,0,0,0,0,414609
143044,31,0,0,0,414610,0
143045,31,0,0,0,414611,0
143046,31,0,0,0,414612,0
143047,31,1,0,0,414613,0
143048,31,1,0,0,414614,0
143049,31,1,0,0,414615,0
143050,34,1,0,0,415217,0
143051,31,0,0,0,415219,0
143052,34,0,0,0,415222,0
143053,31,1,0,0,415224,0
143054,1,0,0,0,0,415226
143055,3,1,0,0,0,415392
143056,34,0,0,0,415453,0
143057,31,0,0,0,415455,0
143058,31,0,0,0,415456,0
143059,9,0,0,0,415894,0
143060,3,0,0,0,415895,415896
143061,34,0,0,0,415898,0
143062,34,1,0,0,415900,0
143068,2,1,0,0,416037,416038
143069,31,1,0,0,416093,0
143070,3,1,0,0,416098,416099
143071,31,0,0,0,416101,0
143072,31,0,0,0,416102,0
143073,31,1,0,0,416103,0
143074,31,1,0,0,416104,0
143075,31,0,0,0,416168,0
143076,31,0,0,0,416169,0
143077,31,1,0,0,416170,0
143078,31,1,0,0,416171,0
143079,1,1,0,0,0,416173
143080,31,0,0,0,416174,0
143081,31,0,0,0,416175,0
143082,31,1,0,0,416176,0
143083,31,1,0,0,416177,0
143084,1,0,0,0,416178,416179
143085,34,1,0,0,416180,0
143086,34,0,0,0,416182,0
143087,34,1,0,0,416184,0
143088,34,0,0,0,416186,0
143089,1,0,0,0,416188,416189
143090,1,1,0,0,416190,416191
143091,1,1,0,0,416192,416193
143092,1,0,0,0,416222,416223
143093,1,0,0,0,416234,416235
143094,1,1,0,0,0,416237
143095,1,0,0,0,416238,416239
143096,1,1,0,0,416240,416241
143097,1,0,0,0,416242,416243
143098,1,0,0,0,416244,416245
143099,31,0,0,0,416246,0
143100,31,0,0,0,416247,0
143101,31,0,0,0,416248,0
143102,3,0,0,0,416249,416250
143103,3,1,0,0,416251,416252
143104,3,0,0,0,416253,416254
143105,3,1,0,0,416255,416256
143106,3,0,0,0,416326,416327
143107,2,0,0,0,416328,416329
143108,1,0,0,0,416331,416332
143109,31,1,0,4,416335,0
143110,31,0,0,0,416336,0
143111,17,0,0,0,416337,0
143112,9,1,0,0,416357,0
143113,24,0,0,0,416378,0
143114,24,0,0,0,416379,0
143115,26,0,10,0,416380,0
143116,26,0,0,0,416381,0
143117,28,0,0,0,416382,0
143118,6,0,0,0,0,416383
143119,6,0,0,4,0,416384
143120,6,1,0,0,0,416385
143121,28,1,0,0,416386,0
143122,28,1,0,4,416387,0
143123,28,0,0,4,416388,0
143124,3,1,0,0,0,416390
143125,1,0,0,0,416391,416392
143126,3,1,0,0,416393,416394
143127,1,0,0,0,416427,416428
143128,1,1,0,0,416429,416430
143129,3,0,0,0,416431,416432
143130,1,0,0,0,416433,416434
143131,4,1,0,0,0,416435
143132,1,0,0,0,416436,416437
143133,31,0,0,0,416454,0
143134,2,1,0,0,0,416534
143135,1,0,0,0,0,416565
143136,1,0,0,0,416566,416567
143137,1,1,0,0,416568,416569
143138,2,0,0,0,0,416572
143139,32,0,0,4,416573,0
143140,31,1,0,0,416581,0
143141,1,0,0,0,416775,416776
143142,9,1,0,0,416777,0
143143,1,1,0,0,416778,416779
143144,9,0,0,0,416780,0
143145,9,0,0,0,416781,0
143146,31,0,0,0,416822,0
143147,31,1,0,0,416823,0
143148,31,1,0,0,416824,0
143149,9,1,0,0,416825,0
143150,1,0,0,0,416827,416828
143151,9,0,0,0,416829,0
143152,9,0,0,0,416830,0
143153,9,0,0,0,416831,0
143154,9,1,0,0,416832,0
143155,1,0,0,0,416833,416834
143156,9,0,0,0,416835,0
143157,9,0,0,0,416836,0
143158,9,0,0,0,416837,0
143159,9,0,0,0,416838,0
143160,9,0,0,0,416839,0
143161,31,1,0,0,416840,0
143162,31,0,0,0,416854,0
143163,32,0,0,4,416919,0
143165,31,0,0,0,417019,0
143166,31,0,0,0,417020,0
143167,31,1,0,0,417021,0
143168,31,1,0,0,417022,0
143169,31,1,0,0,417023,0
143170,32,0,0,0,417024,0
143171,1,0,0,0,0,417026
143172,1,1,0,0,0,417028
143173,3,0,0,0,0,417030
143174,3,0,0,0,0,417032
143175,31,0,0,0,417033,0
143176,33,0,0,0,417098,0
143177,8,0,0,0,417123,417124
143178,7,0,0,0,417125,417126
143179,1,0,0,0,417127,417128
143183,31,1,0,0,417273,0
143184,31,1,0,0,417274,0
143185,2,1,0,0,417293,417294
143186,2,0,0,0,417295,417296
143187,2,0,0,0,417297,417298
143188,9,0,0,0,417299,0
143189,9,0,0,0,417300,0
143190,9,0,0,0,417301,0
143191,9,1,0,0,417302,0
143192,9,0,0,0,417303,0
143193,9,0,0,0,417304,0
143194,2,0,0,0,417305,417306
143195,24,0,0,0,417307,0
143196,1,1,0,0,0,417309
143197,31,0,0,0,417310,0
143198,27,1,0,0,417360,0
143199,27,1,0,0,417379,0
143200,27,0,0,0,417380,0
143201,32,0,0,0,417422,0
143202,3,0,0,0,417675,417676
143203,3,1,0,0,417677,417678
143204,7,0,0,0,417679,417680
143205,1,0,0,0,417681,417682
143206,1,1,0,0,417683,417684
143207,34,1,0,0,417685,0
143208,3,1,0,0,417687,417688
143209,3,1,0,0,417689,417690
143210,3,0,0,0,417691,417692
143211,3,0,0,0,417693,417694
143212,3,0,0,0,417695,417696
143213,32,0,0,0,417697,0
143214,1,0,0,0,417724,417725
143215,1,1,0,0,0,417745
143216,30,0,0,4,417746,0
143217,32,0,0,0,417747,0
143218,10,0,0,0,0,417748
143219,32,0,0,0,417749,0
143220,3,0,0,0,0,417751
143221,1,0,0,0,0,417753
143222,1,0,0,0,0,417755
143223,30,1,0,4,417831,0
143224,11,1,0,4,0,417832
143225,30,0,0,4,417833,0
143226,30,0,0,4,417838,0
143227,30,1,0,4,417837,0
143228,30,1,0,4,417836,0
143229,30,0,0,0,417839,0
143230,30,0,0,0,417840,0
143231,30,0,0,0,417841,0
143232,30,1,0,0,417842,0
143233,30,1,0,0,417843,0
143234,1,0,0,4,417853,417854
143237,31,1,0,0,418102,0
143238,31,0,0,0,418103,0
143239,31,1,0,0,418185,0
143240,31,0,0,0,418186,0
143241,31,0,0,0,418187,0
143242,31,1,0,0,418188,0
143243,31,0,0,0,418189,0
143244,31,1,0,0,418208,0
143245,1,0,0,0,418218,418219
143246,31,0,0,0,418220,0
143247,30,1,0,4,418239,0
143248,31,1,0,0,418240,0
143250,30,1,0,4,418275,0
143251,30,0,0,4,418276,0
143252,30,0,0,4,418277,0
143253,2,1,0,0,0,418331
143254,2,0,0,0,0,418333
143255,6,0,0,0,0,418334
143256,10,1,0,0,0,418335
143257,1,0,0,0,418336,418337
143258,2,0,0,0,418338,418339
143259,1,0,0,0,418340,418341
143261,1,1,0,0,418344,418345
143262,1,1,0,0,418346,418347
143263,1,0,0,0,0,418349
143264,1,1,0,0,0,418351
143265,8,0,0,0,418352,418353
143266,8,1,0,0,418354,418355
143267,8,1,0,0,418356,418357
143268,4,1,12,0,0,418358
143269,10,1,12,0,0,418359
143270,16,0,0,0,418360,0
143271,10,1,12,0,0,418361
143272,4,1,12,0,0,418362
143273,31,1,0,0,418363,0
143274,31,0,0,0,418391,0
143275,31,1,0,0,418392,0
143276,31,1,0,0,418393,0
143277,31,0,0,0,418394,0
143278,31,0,0,0,418395,0
143279,31,1,0,0,418396,0
143280,31,1,0,0,418397,0
143281,29,0,0,1,418573,0
143282,29,1,0,1,418574,0
143283,30,0,0,1,418575,0
143284,30,1,0,1,418576,0
143285,27,0,0,1,418577,0
143286,27,1,0,1,418578,0
143287,28,0,0,1,418579,0
143288,28,1,0,1,418580,0
143289,1,0,0,0,418599,418600
143290,2,0,0,0,0,418610
143291,1,0,0,4,418611,418612
143292,1,0,0,0,418613,418614
143293,29,0,8,0,418615,0
143294,9,1,0,0,418631,0
143295,9,0,0,0,418632,0
143298,1,1,0,0,418651,418652
143299,31,1,0,0,418653,0
143300,31,0,0,0,418654,0
143301,31,0,0,0,418655,0
143302,31,1,0,0,418656,0
143303,31,1,0,0,418657,0
143304,29,1,8,0,418658,0
143305,29,0,8,0,418659,0
143306,29,0,8,0,418660,0
143307,29,1,8,0,418661,0
143308,29,0,8,0,418662,0
143309,31,0,0,0,418663,0
143310,8,0,0,0,418705,418706
143311,31,1,0,0,418707,0
143312,29,1,0,0,418708,0
143314,31,1,0,5,418780,0
143315,2,0,0,0,418925,418926
143316,8,0,0,0,418977,418978
143317,5,0,0,5,418979,418980
143319,5,0,0,5,418991,418992
143320,5,1,0,0,418993,418994
143322,27,0,0,0,418997,0
143325,1,0,0,0,0,419027
143328,31,0,0,0,419144,0
143336,7,1,0,0,419431,419432
143337,7,1,0,0,419433,419434
143338,1,0,0,0,419435,419436
143339,1,0,0,0,0,419438
143340,1,0,0,0,419439,419440
143341,32,0,0,4,419441,0
143342,29,0,0,0,419442,0
143343,29,1,0,0,419445,0
143344,32,0,0,4,419446,0
143345,10,1,0,0,0,419447
143346,10,0,0,0,0,419448
143347,31,1,0,0,419449,0
143348,31,1,0,0,419450,0
143349,31,0,0,0,419451,0
143350,31,0,0,0,419452,0
143351,10,0,6,0,0,419453
143352,10,1,6,0,0,419454
143354,29,0,9,0,419458,0
143356,29,0,0,0,419461,0
143359,29,1,0,0,419472,0
143360,29,0,0,0,419473,0
143361,30,1,0,0,419474,0
143362,30,0,0,0,419475,0
143363,28,1,0,0,419476,0
143364,28,0,0,0,419477,0
143365,27,1,0,0,419478,0
143366,27,0,0,0,419479,0
143367,1,1,0,0,0,419481
143368,1,1,0,0,0,419483
143369,32,1,0,0,419484,0
143370,32,1,0,0,419486,0
143371,1,0,0,0,0,419489
143372,1,0,0,0,0,419491
143373,1,0,0,0,0,419493
143374,32,0,0,0,419494,0
143375,8,0,0,0,419495,419496
143376,5,0,0,0,419497,419498
143377,29,0,0,0,419518,0
143378,29,1,0,0,419519,0
143383,9,1,0,0,419638,0
143384,9,0,0,0,419639,0
143385,29,0,0,0,419640,0
143386,29,0,0,0,419641,0
143387,29,1,0,0,419642,0
143390,32,1,0,0,419802,0
143393,31,0,0,0,419833,0
143394,1,0,0,0,0,419835
143395,27,1,0,0,419861,0
143396,27,0,0,0,419862,0
143397,28,1,0,0,419863,0
143398,28,0,0,0,419864,0
143399,29,1,0,0,419865,0
143400,29,0,0,0,419866,0
143401,30,1,0,0,419867,0
143402,30,0,0,0,419868,0
143410,31,0,0,0,419899,0
143411,29,1,0,0,419900,0
143412,31,1,0,0,419901,0
143413,31,0,0,0,419902,0
143414,31,0,0,0,419903,0
143415,31,0,0,0,419904,0
143416,31,0,0,0,419905,0
143417,31,1,0,0,419906,0
143418,31,1,0,0,419907,0
143419,31,1,0,0,419908,0
143420,31,1,0,0,419909,0
143421,31,0,0,0,419910,0
143422,31,0,0,0,419911,0
143423,31,1,0,0,419912,0
143424,31,1,0,0,419913,0
143425,9,0,0,0,419914,0
143426,1,1,0,0,419915,419916
143427,1,0,0,0,0,419918
143429,1,0,0,0,419921,419922
143431,31,1,0,0,419931,0
143432,31,0,0,0,419932,0
143433,3,0,0,0,419933,419934
143434,31,1,0,0,419937,0
143435,31,1,0,0,419938,0
143436,31,1,0,0,419939,0
143437,31,0,0,0,419940,0
143438,31,1,0,0,419979,0
143439,1,0,0,0,0,419981
143442,1,1,0,0,0,419983
143450,1,1,0,0,420013,420014
143456,1,1,0,4,420022,420023
143459,1,0,0,0,0,420029
143460,33,0,0,0,420030,0
143461,33,1,0,0,0,0
143462,1,0,0,0,420031,420032
143463,32,1,0,0,420033,0
143464,1,0,0,0,0,420035
143465,31,0,0,0,420036,0
143466,31,0,0,0,420037,0
143467,1,0,0,0,420054,420055
143468,1,1,0,0,420056,420057
143469,31,0,0,0,420058,0
143470,31,0,0,0,420085,0
143471,31,0,0,0,420086,0
143472,31,0,0,0,420087,0
143473,31,1,0,0,420088,0
143474,31,1,0,0,420089,0
143475,33,0,0,0,420090,0
143476,1,1,0,0,420115,420116
143477,6,0,0,0,0,420123
143478,1,0,0,0,420124,420125
143479,31,0,0,0,420127,0
143480,31,0,0,0,420128,0
143481,31,1,0,0,420129,0
143482,31,1,0,0,420130,0
143483,27,0,0,5,420133,0
143484,28,0,0,5,420134,0
143485,27,1,0,5,420135,0
143493,31,1,0,0,420140,0
143494,27,1,0,4,420141,0
143495,31,1,0,0,420142,0
143496,31,0,0,0,420143,0
143498,31,0,0,0,420145,0
143506,31,1,0,0,420156,0
143507,31,1,0,0,420157,0
143508,31,0,0,0,420158,0
143509,31,0,0,0,420159,0
143514,31,0,0,0,420184,0
143515,28,0,0,0,420185,0
143516,28,1,0,5,420201,0
143517,29,0,0,0,420202,0
143518,27,0,0,0,420203,0
143519,29,1,0,0,420204,0
143520,30,1,0,0,420205,0
143521,30,0,0,0,420206,0
143522,27,1,0,0,420207,0
143523,1,0,0,0,0,420209
143524,1,1,0,0,420210,420211
143525,1,1,0,0,420212,420213
143526,32,0,0,0,420214,0
143527,31,0,0,0,420219,0
143528,31,1,0,0,420220,0
143529,1,1,0,0,420221,420222
143530,28,0,0,0,420223,0
143531,28,1,0,0,420224,0
143532,1,0,0,0,420225,420226
143533,7,0,0,0,420227,420228
143534,7,1,0,0,420229,420230
143535,3,0,0,0,420231,420232
143536,1,0,0,0,420233,420234
143537,1,1,0,0,420235,420236
143538,1,0,0,0,420237,420238
143539,1,1,0,0,420239,420240
143540,1,0,0,0,420241,420242
143541,1,0,0,0,420243,420244
143542,1,0,0,0,420245,420246
143543,1,1,0,0,420247,420248
143544,3,1,0,0,420249,420250
143545,27,1,0,0,420251,0
143546,27,1,3,0,420265,0
143547,27,0,3,0,420266,0
143548,3,1,0,0,420267,420268
143549,27,1,0,0,420269,0
143550,27,0,0,0,420274,0
143551,27,1,0,0,420275,0
143552,27,0,0,0,420276,0
143553,27,0,0,0,420366,0
143555,31,1,0,0,420389,0
143556,27,1,0,0,420390,0
143557,31,0,0,0,420391,0
143558,31,1,0,0,420392,0
143559,1,1,0,0,0,420394
143560,27,0,0,0,420395,0
143561,31,0,0,0,420396,0
143562,32,0,0,0,420400,0
143563,31,0,0,0,420402,0
143564,33,0,0,0,420404,0
143565,32,0,0,0,420405,0
143566,27,1,0,0,420406,0
143567,31,1,0,0,420407,0
143568,1,0,0,0,0,420409
143569,1,0,0,0,0,420411
143570,1,0,0,0,0,420413
143571,1,0,0,0,0,420415
143572,1,1,0,0,0,420417
143573,31,1,0,0,420418,0
143574,24,0,0,0,420431,0
143575,1,0,0,0,420587,420588
143576,1,0,0,0,0,420591
143577,1,0,0,0,0,420593
143578,28,1,0,0,420594,0
143579,6,1,0,0,0,420595
143580,28,0,0,4,420596,0
143581,1,0,0,0,420597,420598
143582,28,1,0,4,420599,0
143583,9,1,0,0,420600,0
143584,33,0,0,0,420601,0
143585,31,1,0,0,420664,0
143586,2,0,0,0,420744,420745
143587,2,0,0,0,420746,420747
143588,2,1,0,0,420748,420749
143589,8,0,0,0,420750,420751
143590,2,0,0,0,420752,420753
143591,2,1,0,0,420754,420755
143592,8,1,0,0,420756,420757
143593,2,0,0,0,420758,420759
143594,30,1,0,0,420760,0
143595,1,0,0,0,420761,420762
143596,1,0,0,0,420763,420764
143597,1,1,0,0,420765,420766
143598,1,1,0,0,420767,420768
143599,30,0,0,0,420769,0
143600,31,0,0,0,420772,0
143601,31,0,0,0,420773,0
143602,2,0,0,0,420782,420783
143603,32,0,0,0,420790,0
143604,32,0,0,0,420791,0
143605,7,0,0,0,420792,420793
143606,2,1,0,0,420794,420795
143607,9,1,0,0,420804,0
143608,10,1,0,0,0,420805
143609,1,1,0,0,420806,420807
143610,10,0,0,0,0,420808
143611,1,0,0,0,420809,420810
143612,9,0,0,0,420811,0
143613,29,1,8,0,420812,0
143614,28,0,0,0,420813,0
143615,1,0,0,0,0,420815
143616,33,0,0,0,420816,0
143617,29,0,0,0,420817,0
143618,8,0,0,0,420820,420821
143619,18,0,0,0,420823,0
143620,8,0,0,0,420824,420825
143622,29,1,0,0,420836,0
143623,29,0,0,0,420859,0
143624,1,0,0,0,420860,420861
143626,1,1,0,0,420864,420865
143627,9,0,0,0,420866,0
143628,9,0,0,0,420867,0
143629,9,1,0,0,420868,0
143630,9,1,0,0,420869,0
143631,1,0,0,0,420870,420871
143632,5,0,0,0,420872,420873
143633,4,1,6,0,0,420878
143634,24,1,0,0,420888,0
143635,1,0,0,0,420889,420890
143636,1,0,0,0,420891,420892
143637,1,1,0,0,420893,420894
143638,1,1,0,0,420895,420896
143639,9,0,0,0,420899,0
143640,9,1,0,0,420900,0
143641,9,1,0,0,420901,0
143642,9,0,0,0,420902,0
143643,9,0,0,0,420903,0
143644,9,0,0,0,420905,0
143645,30,1,0,4,420906,0
143646,9,1,0,0,420907,0
143647,9,1,0,0,420908,0
143648,9,1,0,0,420909,0
143649,29,1,0,0,420910,0
143650,29,0,0,0,420911,0
143651,9,1,0,0,420912,0
143652,30,1,0,0,420940,0
143653,30,0,0,0,420942,0
143654,10,0,0,0,0,420943
143655,11,0,0,0,0,420944
143656,29,0,0,0,420977,0
143657,3,0,0,0,0,421025
143658,8,0,0,0,0,421031
143659,1,0,0,0,421032,421033
143660,1,1,0,0,421034,421035
143661,4,1,0,0,0,421036
143662,3,0,0,0,421037,421038
143663,29,0,0,0,421049,0
143664,1,0,0,0,0,421054
143665,32,0,0,4,421085,0
143666,31,0,0,0,421163,0
143667,31,1,0,0,421164,0
143668,31,1,0,0,421165,0
143669,3,0,0,0,421174,421175
143670,3,0,0,0,421176,421177
143671,3,1,0,0,421178,421179
143672,3,1,0,0,421180,421181
143673,27,0,0,0,421182,0
143674,2,0,0,0,421183,421184
143675,1,0,0,0,421185,421186
143676,1,1,0,0,421187,421188
143677,3,0,0,0,0,421190
143678,1,0,0,0,421191,421192
143679,1,0,0,0,421193,421194
143680,27,0,0,0,421195,0
143681,1,0,0,0,421196,421197
143682,33,0,0,0,421198,0
143683,1,0,0,0,421199,421200
143684,1,0,0,0,421201,421202
143685,1,1,0,0,421203,421204
143686,27,1,0,0,421205,0
143687,1,1,0,0,421206,421207
143688,2,1,0,4,421208,421209
143689,27,1,0,0,421210,0
143690,1,0,0,0,0,421212
143691,27,0,0,0,421213,0
143692,27,1,0,0,421214,0
143693,32,1,0,0,421215,0
143695,33,0,0,0,421217,0
143696,1,0,0,0,0,421219
143697,1,1,0,4,421220,421221
143698,27,0,0,0,421222,0
143699,27,1,0,0,421223,0
143700,2,1,0,4,421224,421225
143701,27,1,0,0,421226,0
143702,31,0,0,0,421227,0
143703,32,0,0,0,421233,0
143704,1,1,0,0,0,421253
143705,1,1,0,0,0,421261
143706,1,0,0,0,0,421263
143707,27,0,0,0,421270,0
143708,1,1,0,0,0,421272
143709,1,0,0,0,0,421274
143710,1,1,0,0,0,421276
143711,2,1,0,0,0,421278
143712,2,1,0,0,0,421280
143713,2,0,0,0,0,421282
143714,2,0,0,0,0,421284
143715,8,0,0,0,0,421286
143716,8,0,0,0,0,421288
143717,1,0,0,0,0,421290
143718,1,0,0,0,0,421292
143719,1,0,0,0,0,421294
143720,1,1,0,0,0,421296
143721,1,1,0,0,0,421298
143722,1,0,0,0,421299,421300
143723,1,0,0,0,421301,421302
143724,3,0,0,0,0,421304
143725,3,1,0,0,0,421306
143726,3,1,0,0,0,421308
143727,3,0,0,0,0,421310
143728,3,0,0,0,0,421312
143729,27,1,0,0,421313,0
143730,2,0,0,0,0,421315
143731,2,0,0,0,0,421317
143732,2,1,0,0,0,421319
143734,6,0,0,0,0,421322
143735,6,0,0,0,0,421323
143736,8,0,0,0,421324,421325
143737,8,0,0,0,421326,421327
143738,8,1,0,0,421328,421329
143739,8,1,0,0,421330,421331
143740,1,0,0,0,0,421333
143741,3,0,0,0,0,421335
143742,34,0,0,0,421336,0
143743,27,1,0,0,421338,0
143744,27,0,0,0,421344,0
143745,1,0,0,0,0,421346
143746,1,0,0,0,0,421348
143747,1,0,0,0,0,421350
143748,1,0,0,0,0,421352
143749,1,0,0,0,0,421354
143751,27,1,0,0,421357,0
143752,27,0,0,0,421359,0
143753,27,1,0,0,421360,0
143754,27,0,0,0,421361,0
143755,27,1,0,0,421362,0
143756,27,0,0,0,421363,0
143760,31,1,0,0,421418,0
143761,29,1,0,0,421419,0
143762,2,0,0,0,421420,421421
143764,2,0,0,0,421424,421425
143765,2,0,0,0,421426,421427
143767,3,0,0,0,421429,421430
143768,29,0,0,0,421431,0
143770,1,1,0,0,421433,421434
143771,7,0,0,0,421435,421436
143772,31,1,0,0,421437,0
143773,27,0,0,0,421456,0
143774,27,0,0,0,421457,0
143775,29,1,0,0,421458,0
143787,31,1,0,0,421478,0
143792,1,0,0,0,421486,421487
143793,1,0,0,0,421488,421489
143811,10,0,0,0,0,421521
143812,1,0,0,0,0,421523
143813,1,1,0,0,0,421525
143814,7,0,0,0,421526,421527
143815,9,0,0,0,421538,0
143816,9,0,0,0,421539,0
143817,9,0,0,0,421540,0
143823,1,0,0,0,421553,421554
143825,1,1,0,0,421576,421577
143826,1,1,0,0,421578,421579
143828,1,0,0,0,421582,421583
143838,1,0,0,0,421755,421756
143839,32,0,0,0,421757,0
143840,31,0,0,0,421766,0
143841,31,0,0,0,421767,0
143842,5,1,0,0,421868,421869
143844,3,1,0,0,0,421892
143845,1,0,0,0,422109,422110
143846,1,0,0,0,422111,422112
143850,2,0,0,0,422127,422128
143851,22,0,0,0,422255,0
143852,27,0,0,0,422265,0
143853,27,1,0,0,422266,0
143854,28,0,0,0,422267,0
143855,28,1,0,0,422268,0
143856,28,1,0,4,422269,0
143857,30,0,0,4,422270,0
143858,30,1,0,4,422271,0
143859,29,1,0,0,422272,0
143860,29,0,0,0,422273,0
143861,30,1,0,0,422274,0
143862,30,0,0,0,422275,0
143863,29,0,0,0,422276,0
143864,29,1,0,0,422277,0
143865,8,0,0,0,422280,422281
143866,8,0,0,0,422282,422283
143867,1,1,0,0,422284,422285
143868,8,0,0,0,422286,422287
143869,8,1,0,0,422288,422289
143870,8,1,0,0,422290,422291
143871,8,0,0,0,422292,422293
143872,8,0,0,0,422294,422295
143876,8,1,0,0,422296,422297
143877,8,1,0,0,422298,422299
143878,3,0,0,0,422300,422301
143879,27,1,0,0,422302,0
143880,27,0,0,0,422303,0
143881,27,0,0,0,422304,0
143882,27,1,0,0,422305,0
143883,27,1,0,0,422306,0
143884,3,0,0,0,422307,422308
143885,3,0,0,0,422309,422310
143886,1,1,0,0,0,422312
143887,1,0,0,0,0,422314
143888,32,0,0,0,422315,0
143889,1,0,0,0,422316,422317
143890,1,0,0,0,422384,422385
143894,1,1,0,0,0,422392
143895,1,1,0,4,422393,422394
143896,33,0,0,0,422395,0
143897,1,0,0,4,422396,422397
143898,1,0,0,0,422398,422399
143899,1,1,0,0,422400,422401
143900,1,1,0,0,0,422406
143901,1,1,0,0,422407,422408
143902,1,1,0,0,422409,422410
143903,1,1,0,0,422411,422412
143904,1,1,0,0,422413,422414
143905,1,0,0,0,422426,422427
143906,2,0,0,0,0,422494
143907,2,0,0,0,422495,422496
143908,2,0,0,0,422497,422498
143910,1,1,0,0,422501,422502
143911,1,0,0,0,422503,422504
143912,1,0,0,0,422505,422506
143913,1,1,0,0,0,422508
143914,1,1,0,0,0,422510
143915,1,0,0,0,422511,422512
143916,1,1,0,0,422513,422514
143917,1,1,0,0,422908,422909
143928,1,0,0,0,424431,424432
143929,13,1,0,0,424433,0
143931,1,1,0,0,424435,424436
143933,13,1,0,0,424438,0
143934,13,0,0,0,424439,0
143937,3,0,0,0,424529,424530
143938,1,1,0,0,424540,424541
143939,1,0,0,0,424542,424543
143940,1,1,0,0,0,424545
143941,6,0,0,0,0,424546
143942,6,0,0,0,0,424547
143943,6,0,0,0,0,424548
143944,6,0,0,0,0,424549
143946,8,0,0,0,424552,424553
143947,8,1,0,0,424554,424555
143948,8,1,0,0,424556,424557
143949,5,0,0,0,0,424559
143950,5,1,0,0,0,424561
143951,31,0,0,0,424562,0
143956,1,1,0,0,424777,424778
143957,31,1,0,0,424779,0
143958,31,1,0,0,424780,0
143959,31,0,0,0,424781,0
143960,31,0,0,0,424782,0
143961,1,1,0,0,424783,424784
143962,1,0,0,0,424785,424786
143963,7,1,0,0,424787,424788
143964,1,0,1,0,424794,424795
143965,1,0,1,0,424796,424797
143966,1,1,1,0,424798,424799
143967,1,1,1,0,424800,424801
143968,31,0,0,0,425051,0
143969,31,1,0,0,425052,0
143970,31,0,0,0,425053,0
143971,31,1,0,0,425054,0
143972,31,0,0,0,425070,0
143973,2,0,0,0,425071,425072
143974,13,0,0,0,425073,0
143975,29,0,0,0,425094,0
143976,29,1,0,0,425095,0
143977,29,0,0,0,425096,0
143978,6,0,0,0,0,425097
143979,31,1,0,0,425098,0
143980,6,1,0,4,0,425099
143981,28,1,0,0,425101,0
143982,30,0,0,4,425110,0
143983,30,1,0,4,425111,0
143984,11,1,0,0,0,425125
143985,1,0,0,0,425162,425163
143986,33,0,0,0,425164,0
143987,1,0,0,0,425195,425196
143988,33,0,0,0,425197,0
143990,1,1,0,0,425200,425201
143991,31,0,0,0,425202,0
143992,2,0,0,1,425223,425224
143994,32,0,0,0,425295,0
143995,13,1,0,0,425296,0
143996,13,1,0,0,425297,0
143997,33,0,0,0,425298,0
143998,31,0,0,0,425322,0
143999,31,1,0,0,425323,0
144000,33,0,0,0,425324,0
144002,1,0,0,0,425418,425419
144003,1,0,0,0,425420,425421
144004,1,1,0,0,425422,425423
144005,1,1,0,0,425424,425425
144007,1,0,0,0,425428,425429
144011,1,1,0,0,0,425454
144016,32,0,0,0,425478,0
144021,7,0,0,0,425511,425512
144023,31,1,0,0,425588,0
144030,10,0,4,0,0,425642
144031,4,1,6,0,0,425643
144032,2,0,0,0,425644,425645
144033,2,0,0,0,425646,425647
144034,2,0,0,0,425648,425649
144035,2,0,0,0,425650,425651
144036,2,0,0,0,425652,425653
144037,2,0,0,0,425654,425655
144038,2,0,0,0,425656,425657
144039,2,0,0,0,425658,425659
144040,33,0,0,0,425736,0
144041,1,1,0,0,0,425751
144042,1,0,0,0,0,425871
144043,4,1,0,0,0,425874
144045,10,1,0,0,0,425876
144046,10,1,0,0,0,425877
144047,5,0,0,0,0,425878
144048,5,0,0,0,0,425879
144049,32,0,0,0,425880,0
144050,33,0,0,0,425881,0
144051,1,1,0,0,0,425883
144052,32,0,0,0,425888,0
144053,32,1,0,0,425889,0
144054,1,1,0,0,0,425891
144055,1,0,0,0,0,425894
144056,32,1,0,0,425895,0
144057,31,0,0,0,425896,0
144058,13,0,0,0,425897,0
144059,1,1,0,0,0,425899
144060,7,1,0,0,0,446107
144061,1,0,0,0,0,425902
144062,32,0,0,0,425903,0
144063,2,1,0,0,0,425906
144064,2,1,0,0,0,425908
144065,2,0,0,0,0,425910
144066,2,0,0,0,0,425912
144068,1,1,0,0,0,425915
144069,31,0,0,0,425964,0
144070,8,1,0,0,425965,425966
144071,32,0,0,4,425968,0
144072,9,0,0,0,425987,0
144073,9,0,0,0,425988,0
144074,9,0,0,0,425989,0
144075,9,0,0,0,425990,0
144076,31,0,0,0,425991,0
144077,31,0,0,0,425992,0
144078,31,0,0,0,425993,0
144079,31,0,0,0,425994,0
144080,31,0,0,0,425995,0
144081,2,1,0,0,0,425997
144085,2,1,0,0,0,426005
144089,2,1,0,0,0,426016
144090,2,0,0,0,0,426018
144091,2,0,0,0,0,426020
144092,32,0,0,0,426023,0
144093,2,0,0,0,0,426037
144094,32,0,0,0,426038,0
144096,1,0,0,0,426040,426041
144097,33,0,0,0,426047,0
144098,13,1,0,0,426048,0
144099,33,0,0,0,426049,0
144101,32,0,0,0,426051,0
144103,1,0,0,0,0,426055
144104,1,0,0,0,0,426057
144105,33,0,0,0,426058,0
144106,32,1,0,0,426059,0
144107,32,0,0,0,426060,0
144108,32,1,0,0,426062,0
144110,32,0,0,0,426067,0
144111,1,0,0,0,426069,426070
144113,1,0,0,0,0,426074
144114,1,0,0,0,426075,426076
144115,1,1,0,0,426077,426078
144116,16,0,0,0,426079,0
144117,7,1,0,0,426080,426081
144118,1,1,0,0,426082,426083
144119,9,1,0,0,426223,0
144120,32,1,0,0,426224,0
144121,32,1,0,0,426235,0
144123,2,1,0,0,426246,426247
144124,8,1,0,0,0,426254
144125,8,1,0,0,0,426256
144126,1,0,0,0,426257,426258
144127,1,0,0,0,426259,426260
144128,6,1,0,0,0,426261
144129,6,1,0,0,0,426262
144130,8,0,0,0,0,426264
144131,1,1,0,0,426265,426266
144132,8,0,0,0,0,426268
144133,1,1,0,0,426269,426270
144134,1,0,0,0,426271,426272
144135,8,0,0,0,0,426274
144136,8,1,0,0,0,426276
144137,8,1,0,0,0,426278
144138,1,0,0,0,0,426280
144139,1,1,0,0,0,426282
144140,8,0,0,0,0,426284
144141,8,0,0,0,0,426286
144142,8,1,0,0,0,426288
144143,1,1,0,0,426289,426290
144144,8,1,0,0,0,426292
144145,1,1,0,0,0,426294
144146,8,0,0,0,0,426296
144147,8,1,0,0,0,426298
144148,8,1,0,0,0,426300
144149,1,0,0,0,426301,426302
144150,1,1,0,0,426303,426304
144151,6,0,0,0,0,426305
144152,1,0,0,0,426306,426307
144153,6,0,0,0,0,426308
144154,6,1,0,0,0,426309
144155,1,1,0,0,426310,426311
144156,6,1,0,0,0,426312
144157,6,0,0,0,0,426313
144158,6,0,0,0,0,426314
144159,6,1,0,0,0,426315
144160,6,1,0,0,0,426316
144161,1,1,0,0,426317,426318
144162,13,1,0,0,426319,0
144163,1,0,0,0,426320,426321
144164,6,0,0,0,0,426322
144165,6,0,0,0,0,426323
144166,6,1,0,0,0,426324
144167,6,1,0,0,0,426325
144168,1,1,0,0,0,426415
144169,7,1,0,0,0,446108
144170,35,1,0,0,429250,0
144171,1,0,0,0,0,429256
144172,8,1,0,0,429257,429258
144173,31,0,0,0,429263,0
144174,4,1,0,0,0,429308
144175,27,0,0,0,429309,0
144176,1,1,0,0,429323,429324
144177,1,0,0,0,429325,429326
144178,32,1,0,0,429327,0
144179,8,1,0,0,429328,429329
144180,8,1,0,0,429330,429331
144181,29,1,4,0,429332,0
144182,32,0,0,0,429346,0
144183,32,1,0,0,429347,0
144184,32,0,0,0,429408,0
144185,32,0,0,0,429409,0
144186,1,0,0,0,0,429411
144187,34,0,0,0,429451,0
144188,1,0,0,0,0,429490
144189,1,1,0,0,0,429492
144190,32,0,0,0,429493,0
144191,32,1,0,0,429512,0
144192,1,1,0,0,429513,429514
144193,1,0,0,0,429515,429516
144194,31,0,0,0,429540,0
144195,30,1,0,0,429541,0
144196,1,1,0,0,429596,429597
144199,32,1,0,0,429602,0
144200,32,1,0,0,429603,0
144201,32,1,0,0,429604,0
144202,32,1,0,0,429605,0
144203,33,0,0,0,429607,0
144204,1,0,0,0,429608,429609
144205,1,0,0,0,429610,429611
144206,4,1,0,0,0,429612
144207,4,1,0,0,0,429613
144208,32,1,0,0,429614,0
144209,32,1,0,0,429615,0
144210,1,0,0,0,429668,429669
144211,31,0,0,0,429670,0
144212,31,1,0,0,429671,0
144213,1,0,0,0,429672,429673
144214,1,0,0,0,429674,429675
144215,1,1,0,0,429676,429677
144216,1,1,0,0,429678,429679
144217,9,0,4,0,429735,0
144218,10,0,0,0,0,429736
144219,1,0,0,4,429751,429752
144220,1,0,0,0,429753,429754
144221,1,0,0,0,429755,429756
144222,1,1,0,0,429757,429758
144223,31,0,0,0,429759,0
144224,32,0,0,0,429760,0
144225,1,0,0,0,0,429762
144226,1,0,0,0,0,429764
144227,1,1,0,0,0,429766
144228,1,1,0,0,0,429768
144229,1,1,0,0,429853,429854
144230,1,1,0,0,429912,429913
144231,31,1,0,0,429920,0
144232,31,1,0,0,429943,0
144233,4,0,0,0,0,429944
144234,7,1,4,0,429945,429946
144235,10,0,0,0,0,429947
144236,32,0,0,0,429948,0
144237,32,1,0,0,429949,0
144238,32,0,0,4,429950,0
144239,32,0,0,4,430044,0
144240,34,1,0,0,430045,0
144241,3,0,0,0,430046,430047
144242,15,0,0,4,430048,0
144243,15,0,0,0,430049,0
144244,9,0,0,0,430050,0
144246,9,1,0,0,430052,0
144247,9,1,0,0,430053,0
144248,9,0,0,0,430054,0
144249,9,0,1,0,430056,0
144250,33,0,0,0,430057,0
144251,33,0,0,0,430058,0
144252,31,0,0,0,430059,0
144253,3,0,0,0,430060,430061
144254,4,0,0,0,0,430065
144255,4,1,0,0,0,430066
144256,4,1,0,0,0,430067
144257,31,0,0,0,430092,0
144258,1,0,0,0,430093,430094
144259,35,1,0,0,430213,0
144260,35,1,0,0,430214,0
144261,35,0,0,0,443399,0
144262,35,0,0,0,443400,0
144263,31,1,0,0,430479,0
144264,2,0,0,4,430480,430481
144265,2,0,0,4,430482,430483
144266,2,1,0,4,430484,430485
144267,2,1,0,4,430486,430487
144268,2,0,0,4,430488,430489
144269,2,0,0,4,430490,430491
144270,2,1,0,4,0,430493
144271,2,1,0,4,430494,430495
144272,2,0,0,0,430512,430513
144273,2,0,0,0,430514,430515
144274,2,1,0,0,430516,430517
144275,2,1,0,0,430518,430519
144276,2,0,0,0,430520,430521
144277,2,0,0,0,430522,430523
144278,2,1,0,0,430524,430525
144279,2,1,0,0,430526,430527
144280,3,0,0,0,0,430529
144281,1,0,0,0,0,430531
144282,1,1,0,0,0,430533
144283,1,0,0,0,0,430535
144284,33,0,0,0,430536,0
144287,31,1,0,0,430562,0
144288,2,0,0,4,432138,432139
144303,31,0,0,0,432164,0
144304,32,1,0,0,432165,0
144305,32,1,0,0,432166,0
144306,31,1,0,0,432167,0
144307,31,0,0,0,432168,0
144308,31,1,0,0,432169,0
144309,1,1,0,0,0,432171
144310,31,0,7,0,432172,0
144311,31,1,7,0,432173,0
144326,1,0,0,0,0,432211
144327,1,0,0,0,0,432213
144328,1,1,0,0,432214,432215
144329,1,1,0,0,432216,432217
144330,33,0,0,0,432486,0
144331,15,0,0,4,432489,0
144332,1,1,0,0,0,432491
144333,20,0,0,4,432492,0
144334,32,1,0,0,432493,0
144335,31,0,0,0,432494,0
144336,3,0,0,0,432495,432496
144337,9,0,0,0,432497,0
144338,9,0,0,0,432498,0
144339,9,1,0,0,432499,0
144340,9,1,0,0,432500,0
144341,31,0,0,0,432528,0
144351,1,0,6,4,432599,432600
144352,1,0,6,4,432601,432602
144354,2,0,6,4,432605,432606
144355,2,0,6,4,432607,432608
144356,2,0,6,4,432745,432746
144357,9,0,0,0,432761,0
144358,9,0,0,0,432766,0
144359,9,1,0,0,432767,0
144360,9,1,0,0,432768,0
144365,5,1,0,0,0,432970
144378,7,1,0,0,433356,433357
144382,2,0,9,4,433364,433365
144383,1,1,0,0,0,433390
144384,1,0,0,0,433401,433402
144385,1,0,0,0,433403,433404
144386,1,1,0,0,433405,433406
144387,1,1,0,0,433407,433408
144388,1,0,0,0,0,433410
144389,1,1,0,0,0,433412
144390,1,1,0,0,0,433415
144391,31,0,0,0,433416,0
144392,32,0,0,0,433417,0
144393,31,0,0,0,433419,0
144394,32,1,0,0,433455,0
144395,32,0,0,0,433456,0
144396,4,0,0,0,0,433459
144397,4,0,0,0,0,433460
144398,4,1,0,0,0,433461
144399,4,1,0,0,0,433462
144400,1,0,0,0,0,433464
144413,31,0,0,0,434156,0
144416,32,1,0,0,434184,0
144417,32,1,0,0,434186,0
144418,1,0,0,0,0,434188
144419,1,0,0,0,0,434190
144420,1,1,0,0,0,434192
144421,1,0,0,0,0,434194
144422,1,0,0,0,0,434196
144425,1,1,0,0,0,434202
144429,1,1,0,0,434206,434207
144430,1,1,0,0,434208,434209
144432,1,0,0,0,434211,434212
144433,1,0,0,0,434213,434214
144435,1,1,0,0,0,434218
144436,1,0,0,0,0,434220
144438,1,0,0,0,0,434224
144441,31,1,0,0,434228,0
144446,1,0,0,0,0,434264
144449,5,0,0,0,434269,434270
144455,1,0,0,0,0,434278
144458,3,0,0,0,434282,434283
144459,3,0,0,0,434284,434285
144461,3,0,0,0,434288,434289
144462,3,1,0,0,434290,434291
144463,31,0,0,0,434293,0
144471,32,0,0,0,434306,0
144472,32,0,0,0,434307,0
144473,32,1,0,0,434308,0
144475,32,1,0,0,434310,0
144484,5,0,0,4,434359,434360
144485,5,1,0,4,434361,434362
144486,5,1,0,4,434363,434364
144501,32,0,0,0,434467,0
144502,32,1,0,0,434468,0
144503,32,0,0,0,434469,0
144518,32,1,0,0,434531,0
144519,32,0,0,0,434532,0
144520,32,1,0,0,434533,0
144521,32,1,0,0,434534,0
144522,32,0,0,0,434535,0
144537,1,0,0,0,434558,434559
144566,1,0,0,0,0,434652
144567,1,1,0,0,0,434654
144568,31,1,0,0,434655,0
144569,9,1,0,0,434656,0
144570,1,1,0,0,434657,434658
144571,1,1,0,0,434659,434660
144572,1,0,0,0,0,434662
144573,1,0,0,0,434663,434664
144574,1,0,0,0,0,434666
144575,32,1,0,0,434667,0
144576,7,1,0,0,434669,434670
144577,3,1,0,0,434671,434672
144578,4,0,0,0,0,434673
144579,3,0,0,0,434674,434675
144580,1,1,0,0,0,434677
144581,13,0,0,0,434678,0
144582,5,0,0,0,0,434680
144583,5,0,0,0,0,434682
144584,5,1,0,0,0,434684
144585,5,1,0,0,0,434686
144586,32,1,0,0,434690,0
144587,1,1,0,0,0,434693
144588,33,0,0,0,434692,0
144589,33,0,0,0,434694,0
144590,34,0,0,0,434853,0
144591,34,1,0,0,434854,0
144592,32,0,0,0,434855,0
144593,32,0,0,0,434856,0
144595,1,1,0,0,0,434862
144596,32,0,0,0,434863,0
144597,8,0,0,0,0,434889
144598,4,0,12,0,0,434890
144599,32,0,0,0,434891,0
144601,1,0,0,0,0,434897
144602,32,1,0,0,434898,0
144615,3,1,0,0,434946,434947
144620,2,0,0,0,0,434959
144633,1,0,0,0,434982,434983
144634,33,0,0,0,434986,0
144639,24,0,0,0,435233,0
144640,3,0,0,0,435234,435235
144641,22,0,0,0,435236,0
144642,1,1,0,0,435237,435238
144643,1,0,0,0,435239,435240
144645,1,1,0,0,0,435244
144648,1,1,0,0,0,435250
144659,2,0,0,0,0,435267
144660,2,0,0,0,0,435269
144661,32,1,0,4,435270,0
144662,2,1,0,0,0,435272
144663,2,1,0,0,0,435274
144668,32,0,0,4,435281,0
144669,4,1,0,0,0,435282
144670,32,1,0,4,435283,0
144671,1,1,0,4,0,435286
144672,32,1,0,4,435287,0
144673,4,0,0,0,0,435289
144674,33,0,0,4,435290,0
144679,3,0,0,0,435307,435308
144680,32,0,0,0,435309,0
144681,1,1,0,0,435310,435311
144682,32,1,0,0,435312,0
144683,8,0,0,0,435313,435314
144684,8,0,0,0,435315,435316
144685,8,1,0,0,435317,435318
144686,8,1,0,0,435319,435320
144687,11,0,0,0,0,435321
144688,24,0,0,0,435322,0
144689,9,0,0,0,435323,0
144690,9,1,0,0,435324,0
144691,1,0,0,0,0,435326
144692,6,0,0,0,0,435327
144693,6,0,0,0,0,435328
144695,9,1,0,0,435331,0
144696,1,1,0,4,0,435339
144697,6,1,0,0,0,435340
144698,6,1,0,0,0,435341
144699,11,0,0,0,0,435342
144700,1,0,0,4,0,435344
144701,33,0,0,4,435345,0
144702,1,1,0,4,0,435435
144703,1,0,0,0,435436,435437
144704,1,0,0,0,435470,435471
144705,1,1,0,0,435483,435484
144706,32,0,0,0,435485,0
144707,9,0,0,0,435489,0
144708,9,0,0,0,435490,0
144709,33,0,0,0,435491,0
144710,24,1,0,0,435492,0
144711,1,0,0,0,435494,435495
144712,1,1,0,0,435496,435497
144713,9,1,0,0,435498,0
144714,1,0,0,0,0,435500
144715,1,1,0,0,0,435502
144717,35,0,0,0,435526,0
144718,2,0,0,0,435544,435545
144719,2,0,0,0,435546,435547
144720,9,1,0,0,435548,0
144721,9,0,0,0,435549,0
144722,24,1,0,0,436098,0
144723,32,0,0,0,436595,0
144739,4,1,6,0,0,436618
144741,4,0,0,0,0,436634
144742,4,1,0,0,0,436635
144743,4,0,0,0,0,436636
144744,1,1,0,0,0,436638
144745,1,1,0,0,0,466762
144746,1,0,0,0,0,450090
144747,1,0,0,0,436646,436647
144748,1,0,0,0,436648,436649
144749,3,0,0,0,436650,436651
144750,3,0,0,0,436652,436653
144751,1,0,0,0,436654,436655
144752,24,1,0,0,436656,0
144753,24,0,0,0,436657,0
144754,3,0,0,0,436658,436659
144755,1,0,0,0,436661,436662
144756,1,0,0,0,436663,436664
144757,1,0,0,0,436666,436667
144758,3,1,0,0,436668,436669
144762,1,0,0,0,436690,436691
144764,1,0,0,0,0,436695
144777,1,0,0,0,0,436744
144780,1,0,0,0,0,436750
144781,1,1,0,0,436751,436752
144782,1,1,0,0,0,436754
144783,33,0,0,0,436755,0
144784,32,0,0,0,436756,0
144785,32,1,0,0,436757,0
144786,1,0,0,0,0,436759
144787,1,1,0,0,0,436761
144798,1,1,0,0,0,436778
144803,35,0,0,0,436895,0
144804,35,0,0,0,436896,0
144805,1,0,0,0,0,436900
144806,1,1,0,0,0,436902
144807,2,0,0,0,0,437039
144808,1,0,0,0,0,437042
144809,1,1,0,0,0,437044
144810,2,0,0,0,0,437046
144811,2,0,0,0,0,437048
144812,2,0,0,0,0,437050
144813,32,0,0,0,437051,0
144815,1,0,0,0,0,437082
144816,1,1,0,0,0,437084
144817,1,1,0,0,0,437086
144818,32,0,0,0,437087,0
144819,31,0,0,0,437090,0
144820,1,1,0,0,437105,437106
144821,31,0,0,0,437107,0
144822,13,0,0,0,437109,0
144823,13,0,0,0,437110,0
144824,13,0,0,0,437111,0
144825,13,0,0,0,437112,0
144826,13,1,0,0,437192,0
144827,1,0,0,0,437193,437194
144828,13,1,0,0,437195,0
144829,13,1,0,0,437196,0
144830,13,1,0,0,437197,0
144831,3,0,0,0,0,437199
144832,3,1,0,0,0,437201
144833,35,0,0,0,437203,0
144836,35,1,0,0,437208,0
144842,31,0,0,4,437250,0
144843,31,0,0,4,437251,0
144844,2,1,0,0,0,437298
144849,35,0,0,0,437303,0
144854,35,0,0,0,437309,0
144855,32,0,0,0,437310,0
144856,35,1,0,0,437311,0
144857,35,1,0,0,437312,0
144858,2,0,0,0,437313,437314
144859,2,0,0,0,437315,437316
144860,2,1,0,0,437317,437318
144861,8,0,0,0,437319,437320
144862,1,1,0,0,0,437322
144863,32,0,0,0,437327,0
144864,32,1,0,0,437328,0
144865,5,0,0,0,0,437330
144866,5,0,0,0,0,437332
144867,5,1,0,0,0,437334
144868,5,1,0,0,0,437336
144869,2,0,0,4,0,437338
144870,31,1,0,0,437339,0
144871,31,0,0,0,437340,0
144872,1,0,0,0,437341,437342
144873,31,0,0,0,437391,0
144874,1,1,0,0,437400,437401
144875,9,1,0,0,437465,0
144878,1,0,0,0,0,446869
144879,1,1,0,0,437487,437488
144880,1,0,0,0,0,437490
144881,2,0,0,0,0,437491
144882,1,0,0,0,437492,437493
144883,1,1,3,0,437494,437495
144884,35,1,0,0,437496,0
144885,35,0,0,0,437498,0
144886,35,1,0,0,437517,0
144887,33,0,0,0,437562,0
144888,1,1,0,0,437584,437585
144889,1,0,0,0,437586,437587
144890,1,1,0,0,437588,437589
144891,32,0,0,0,437590,0
144892,7,0,0,0,437591,437592
144893,1,0,0,0,0,437594
144894,1,0,0,0,0,437596
144895,32,0,0,0,437600,0
144896,17,0,0,0,437604,0
144897,1,1,0,0,0,437618
144898,1,0,0,0,437619,437620
144899,1,0,0,0,437621,437622
144900,8,1,0,0,437623,437624
144901,9,1,0,0,437625,0
144902,9,1,0,0,437626,0
144903,9,1,0,0,437627,0
144904,6,1,0,0,0,437637
144905,1,0,0,0,0,437646
144906,32,1,0,0,437647,0
144907,24,1,0,0,437665,0
144908,10,1,0,0,0,437666
144909,6,0,0,0,0,437667
144910,2,0,0,0,0,437711
144911,10,0,0,0,0,437712
144912,3,1,0,0,0,437713
144913,31,0,0,0,437723,0
144914,9,0,0,0,437843,0
144915,9,1,0,0,437844,0
144916,1,0,0,0,0,437846
144917,3,0,0,0,0,437847
144918,1,0,0,0,437848,437849
144919,33,0,0,0,437850,0
144920,34,0,0,0,478995,0
144921,1,1,0,0,437852,437853
144922,8,1,0,0,437854,437855
144924,1,1,0,0,0,437880
144925,1,1,0,4,0,437881
144926,1,1,0,4,0,437882
144927,1,1,0,0,0,437905
144928,8,1,0,0,0,437906
144929,1,1,0,0,0,437907
144930,8,0,0,0,0,437908
144931,1,0,1,0,0,437912
144932,1,0,1,0,0,437913
144933,1,1,1,0,0,437915
144934,1,1,1,0,0,437916
144935,8,0,0,0,0,437918
144936,32,0,0,4,437945,0
144937,8,1,0,0,0,437954
144938,1,0,0,0,0,437963
144939,3,0,0,0,0,437964
144940,3,0,0,0,0,437965
144941,3,1,0,0,0,437966
144942,3,1,0,0,0,437967
144943,1,0,0,0,0,437968
144944,32,1,0,0,437969,0
144945,32,1,0,0,437970,0
144946,32,1,0,0,437971,0
144947,32,0,0,0,437972,0
144948,1,0,0,0,0,437973
144949,32,0,0,0,437974,0
144950,32,0,0,0,437975,0
144951,1,0,0,0,0,438018
144952,8,0,0,0,0,438022
144967,34,1,0,0,439095,0
144968,34,0,0,0,439096,0
144969,1,0,0,0,0,439157
144970,1,1,0,0,0,439198
144971,1,1,0,0,0,439199
144972,1,0,0,0,0,439200
144973,1,0,0,0,0,439201
144988,1,0,0,0,0,439228
144989,1,0,0,0,0,439236
144990,10,1,0,0,0,439241
144991,8,0,0,0,0,439242
144992,8,0,0,0,0,439243
144993,8,0,0,0,0,439244
144994,8,1,0,0,0,439246
144995,1,1,0,0,0,439247
144996,31,0,0,0,463473,0
145011,1,0,0,0,0,439495
145012,1,0,0,0,0,439498
145013,1,0,0,0,0,439499
145014,32,0,0,0,439500,0
145015,1,0,0,0,0,439501
145016,1,0,0,0,0,439502
145017,1,1,0,0,0,439503
145018,32,0,0,0,439504,0
145019,32,1,0,0,439505,0
145020,32,1,0,0,439506,0
145021,1,1,0,0,0,439507
145022,8,0,0,0,0,439508
145023,8,0,0,0,0,439509
145025,8,1,0,0,0,439511
145026,8,1,0,0,0,439512
145035,1,0,0,0,0,439521
145037,8,0,0,0,0,439523
145038,8,0,0,0,0,439524
145039,3,1,0,0,0,439525
145040,8,1,0,0,0,439526
145041,8,1,0,0,0,439527
145046,32,1,0,0,439532,0
145047,1,1,0,0,0,439533
145048,1,0,0,0,0,439534
145049,1,0,0,0,0,439535
145051,1,0,0,0,0,439537
145056,1,0,0,0,0,439592
145058,1,0,0,0,0,439594
145064,9,0,0,0,439641,0
145067,1,0,0,0,0,439644
145076,1,0,0,0,0,439653
145079,1,1,0,0,0,439656
145080,1,1,0,0,0,439657
145083,1,0,0,0,0,439660
145084,1,1,0,0,0,439661
145085,1,1,0,0,0,439662
145086,1,0,0,0,0,439663
145087,1,0,0,0,0,439664
145088,1,1,0,0,0,439665
145089,1,1,0,0,0,439666
145090,1,1,0,0,0,439667
145105,1,1,0,0,0,439682
145106,1,1,0,0,0,439683
145107,1,1,0,0,0,439684
145108,8,0,0,0,0,439713
145109,8,0,0,0,0,439714
145110,8,1,0,0,0,439715
145111,8,1,0,0,0,439716
145112,8,0,0,0,0,439787
145113,8,0,0,0,0,439788
145114,8,1,0,0,0,439789
145115,8,1,0,0,0,439790
145116,3,0,0,0,0,439791
145117,8,0,0,0,0,439951
145118,8,0,0,0,0,439952
145119,8,1,0,0,0,439953
145120,8,1,0,0,0,439954
145121,8,0,0,0,0,439955
145122,8,0,0,0,0,439956
145123,8,1,0,0,0,439957
145124,8,1,0,0,0,439958
145125,8,0,0,0,0,439959
145126,8,0,0,0,0,439960
145127,8,1,0,0,0,439961
145128,8,1,0,0,0,439962
145129,8,1,0,0,0,439963
145130,8,1,0,0,0,439964
145131,8,1,0,0,0,439965
145132,8,1,0,0,0,439966
145133,8,1,0,0,0,439967
145134,8,1,0,0,0,439968
145135,8,1,0,0,0,439969
145136,8,1,0,0,0,439970
145137,8,1,0,0,0,439971
145138,8,1,0,0,0,439972
145139,8,0,0,0,0,439973
145140,8,0,0,0,0,439974
145141,8,0,0,0,0,439975
145142,8,0,0,0,0,439976
145143,8,0,0,0,0,439977
145144,8,0,0,0,0,439978
145145,8,0,0,0,0,439979
145146,8,0,0,0,0,439980
145147,8,0,0,0,0,439983
145148,8,0,0,0,0,439993
145149,5,0,0,0,0,440001
145150,1,0,6,0,0,440011
145151,8,0,0,0,0,440012
145152,8,1,0,0,0,440013
145153,8,1,0,0,0,440014
145154,8,1,0,0,0,440015
145155,1,0,0,0,0,440016
145156,8,0,0,0,0,440017
145157,1,0,0,0,0,440018
145158,8,0,0,0,0,440021
145159,8,1,0,0,0,440022
145160,8,1,0,0,0,440023
145161,8,0,0,0,0,440024
145162,9,0,0,0,440025,0
145163,8,1,0,0,0,440026
145164,9,0,0,0,440027,0
145165,8,0,0,0,0,440028
145166,8,1,0,0,0,440029
145167,2,0,0,0,0,440030
145168,2,0,0,0,0,440031
145169,1,0,0,0,0,440032
145170,1,1,0,0,0,440041
145171,1,0,0,0,0,440042
145172,1,0,0,0,0,440043
145181,1,1,0,0,0,440058
145183,1,0,0,0,0,440060
145189,2,0,0,0,0,440095
145190,2,0,0,0,0,440096
145191,2,1,0,0,0,440097
145192,2,1,0,0,0,440098
145193,8,0,0,0,0,440102
145194,8,1,0,0,0,440103
145195,8,1,0,0,0,440104
145196,8,0,0,0,0,440105
145197,8,1,0,0,0,440106
145198,8,0,0,0,0,440107
145202,1,0,0,0,0,440179
145204,1,0,0,0,0,440181
145205,1,1,0,0,0,440182
145206,32,0,0,0,440183,0
145207,33,0,0,0,440184,0
145210,1,0,0,0,0,440187
145211,1,1,0,0,0,440188
145212,1,1,0,0,0,440189
145213,32,0,0,0,440202,0
145214,32,0,0,0,440225,0
145215,1,0,0,0,0,440226
145216,1,0,0,0,0,440227
145217,1,1,0,0,0,440230
145232,32,0,0,0,440335,0
145233,32,0,0,0,440336,0
145234,32,1,0,0,440337,0
145235,32,1,0,0,440338,0
145238,32,1,0,0,440379,0
145239,32,1,0,0,440380,0
145240,30,1,0,0,440382,0
145241,1,1,0,0,0,440383
145242,1,0,0,0,0,440384
145253,31,0,0,0,440467,0
145254,31,1,0,0,440468,0
145259,32,0,0,0,440474,0
145260,32,0,0,0,440475,0
145261,32,0,0,0,440476,0
145262,31,0,0,0,440576,0
145263,1,0,0,0,0,440577
145265,1,1,0,0,0,440578
145266,31,1,0,0,440581,0
145267,34,0,0,0,440582,0
145268,34,0,0,0,440583,0
145269,1,0,0,0,0,440632
145270,1,0,8,4,0,440633
145271,1,1,0,0,0,440634
145272,33,0,0,0,440635,0
145273,1,1,0,4,0,443288
145274,33,0,0,4,443291,0
145275,1,0,0,4,0,443290
145276,1,0,0,4,0,443293
145277,31,0,0,0,443294,0
145278,1,0,0,0,0,443295
145279,1,0,0,0,0,443296
145280,1,1,0,0,0,443297
145281,31,1,0,0,443298,0
145282,1,0,0,0,0,443299
145283,1,0,0,0,0,443300
145284,1,0,0,0,0,443301
145285,32,0,0,4,443304,0
145286,31,0,0,0,443305,0
145287,31,1,0,0,443306,0
145288,31,0,0,0,443307,0
145289,31,0,0,0,443308,0
145290,31,1,0,0,443309,0
145291,31,1,0,0,443310,0
145292,35,1,0,0,443311,0
145293,1,0,0,0,0,443312
145294,1,0,0,0,0,443313
145295,1,0,0,0,0,443316
145296,1,0,0,0,0,443317
145297,1,1,0,0,0,443318
145298,1,1,0,0,0,443319
145299,35,1,0,0,443320,0
145300,35,0,0,0,443321,0
145301,1,0,0,0,0,443322
145302,35,0,0,0,443323,0
145303,35,1,0,0,443324,0
145304,35,1,0,0,443325,0
145305,1,1,0,0,0,443326
145306,35,1,0,0,443327,0
145307,35,1,0,0,443328,0
145308,35,0,0,0,443329,0
145309,35,0,0,0,443330,0
145310,35,1,0,0,443331,0
145311,35,1,0,0,443332,0
145312,35,1,0,0,443333,0
145313,35,1,0,0,443334,0
145314,1,1,0,0,0,443335
145315,35,0,0,0,443336,0
145316,33,0,0,0,443337,0
145317,35,0,0,0,443338,0
145318,1,0,0,0,0,443372
145319,9,0,0,0,443373,0
145320,1,0,0,0,0,443374
145321,1,1,0,0,0,443375
145322,1,1,0,0,0,443376
145323,1,1,0,0,0,443377
145324,1,0,0,0,0,443378
145325,1,1,0,0,0,443379
145326,35,0,0,0,443380,0
145327,35,1,0,0,443381,0
145328,35,1,0,0,443382,0
145329,1,0,0,0,0,443383
145330,1,1,0,0,0,443384
145331,35,0,0,0,443385,0
145332,35,0,0,0,443386,0
145333,35,1,0,0,443387,0
145334,9,1,0,0,443388,0
145335,31,1,0,0,443389,0
145336,31,0,0,0,443390,0
145337,35,0,0,0,443391,0
145338,35,0,0,0,443392,0
145339,35,1,0,0,443393,0
145340,1,0,0,0,0,443394
145341,1,1,0,0,0,443395
145342,35,1,0,0,443396,0
145343,35,0,0,0,443397,0
145344,1,1,0,4,0,443398
145345,1,0,0,0,0,443401
145346,1,1,0,0,0,443402
145347,1,0,0,0,0,443403
145348,35,0,0,0,443404,0
145349,1,0,0,0,0,443405
145350,1,1,0,0,0,443406
145351,2,1,0,0,0,443414
145352,1,0,0,0,0,443415
145353,1,0,0,0,0,443416
145355,1,1,0,0,0,443417
145356,1,1,0,0,0,443418
145357,1,1,0,0,0,443425
145358,1,0,0,0,0,443426
145359,1,1,0,0,0,443427
145360,1,0,0,0,0,443428
145361,3,0,0,0,0,443429
145362,1,0,0,0,0,443469
145363,1,0,0,4,0,443470
145364,1,1,0,0,0,443480
145365,35,0,0,0,443491,0
145366,35,1,0,0,443492,0
145367,31,0,0,0,443493,0
145382,2,1,0,0,0,443516
145385,1,0,0,0,0,443533
145386,1,0,0,0,0,443534
145387,1,1,0,0,0,443535
145388,31,1,0,0,443536,0
145389,1,1,0,0,0,443537
145413,1,1,0,0,0,443749
145414,32,1,0,0,443750,0
145417,1,1,0,0,0,443796
145418,2,0,0,0,0,443797
145419,2,0,0,0,0,443798
145420,2,1,0,0,0,443799
145421,2,1,0,0,0,443800
145422,35,1,0,0,443806,0
145423,35,0,0,0,443807,0
145424,5,0,0,0,0,443808
145425,31,0,0,0,443809,0
145426,31,0,0,0,443810,0
145427,31,1,0,0,443811,0
145428,31,1,0,0,443812,0
145429,31,1,0,0,443813,0
145430,31,1,0,0,443814,0
145431,31,0,0,0,443815,0
145432,1,0,0,0,0,443881
145433,32,0,0,0,443883,0
145434,32,1,0,0,443884,0
145435,1,0,0,0,0,443905
145436,32,0,0,0,443920,0
145437,32,1,0,0,443921,0
145438,32,0,0,0,443922,0
145439,32,1,0,0,443958,0
145440,1,0,0,0,0,443959
145441,1,0,0,0,0,443960
145442,1,0,0,0,0,443961
145443,1,1,0,0,0,443962
145444,1,1,0,0,0,443963
145445,1,1,0,0,0,443964
145446,1,1,0,0,0,443965
145447,10,0,12,0,0,443966
145448,8,0,0,0,0,443987
145449,9,1,0,0,443988,0
145450,20,0,0,0,443989,0
145451,9,0,0,0,443990,0
145452,1,1,0,0,0,443991
145453,9,1,0,0,443992,0
145454,9,1,0,0,443993,0
145455,9,0,0,0,443994,0
145456,9,0,0,0,443995,0
145457,9,1,6,0,443996,0
145458,9,1,0,0,443997,0
145459,1,1,0,0,0,444014
145460,1,0,0,0,0,444015
145463,1,1,0,0,0,444018
145465,1,0,0,0,0,444020
145467,5,1,0,0,0,444022
145468,5,1,0,0,0,444023
145469,5,0,0,0,0,444024
145470,5,0,0,0,0,444025
145471,32,0,0,4,445330,0
145472,32,0,0,0,444027,0
145473,1,1,0,0,0,444040
145474,1,1,0,0,0,444041
145475,1,0,0,0,0,444042
145476,1,0,0,0,0,444043
145477,1,0,0,0,0,444044
145478,1,1,0,0,0,444045
145479,7,0,0,0,0,444046
145480,32,1,0,0,444047,0
145481,1,1,0,0,0,444048
145482,32,0,0,0,444049,0
145483,33,0,0,0,444050,0
145484,32,1,0,0,444051,0
145485,32,0,0,0,444052,0
145486,1,0,0,0,0,444053
145487,1,1,0,0,0,444054
145488,1,0,0,0,0,444055
145489,1,0,0,0,0,444056
145490,1,0,0,0,0,444057
145491,1,0,0,0,0,444058
145492,1,0,0,4,0,444059
145493,1,1,0,4,0,444060
145494,1,1,0,4,0,444061
145495,32,1,0,4,444062,0
145496,32,1,0,4,444063,0
145497,32,0,0,4,444064,0
145498,32,0,0,4,444065,0
145499,1,1,0,0,0,444066
145500,1,0,0,0,0,444067
145501,1,0,0,0,0,444068
145502,1,1,0,0,0,444069
145503,1,1,0,0,0,444070
145504,1,0,0,0,0,444071
145515,3,0,0,0,0,444156
145516,10,1,0,0,0,444154
145517,10,0,0,0,0,444155
145520,1,0,0,0,0,444159
145523,9,1,0,0,444162,0
145524,1,1,0,0,0,444165
145525,1,0,0,0,0,474047
145526,1,0,0,4,0,444166
145527,1,0,0,4,0,444167
145528,9,0,0,0,444214,0
145529,1,0,0,4,0,444221
145530,1,0,0,4,0,444226
145531,1,1,0,4,0,444227
145532,1,1,0,4,0,444228
145533,32,0,0,4,444229,0
145534,32,1,0,4,444230,0
145535,1,0,0,4,0,444231
145536,1,1,0,4,0,444232
145537,1,1,0,4,0,444233
145538,33,0,0,4,444234,0
145539,1,1,0,0,0,444236
145540,1,0,0,0,0,444237
145541,32,0,0,0,444239,0
145542,32,1,0,0,444240,0
145543,1,1,0,0,0,444241
145544,31,1,0,0,444657,0
145545,9,0,6,0,444659,0
145546,36,1,0,0,444667,0
145547,1,0,0,0,0,444668
145548,1,0,0,0,0,444669
145549,1,0,0,0,0,444688
145550,1,1,0,0,0,444699
145551,1,1,0,0,0,444700
145552,3,0,0,0,0,444822
145553,3,0,0,0,0,444823
145554,34,0,0,0,444828,0
145556,3,1,0,0,0,444826
145558,1,0,0,0,0,444829
145562,1,0,0,0,0,444833
145564,1,1,0,0,0,444835
145565,1,1,0,0,0,444836
145567,7,0,0,0,0,444838
145571,7,0,0,0,0,444846
145572,7,1,0,0,0,444847
145573,7,1,0,0,0,444848
145578,1,0,0,0,0,444853
145579,1,0,0,0,0,444854
145580,1,0,0,0,0,444855
145581,1,1,0,0,0,444856
145582,1,1,0,0,0,444857
145583,1,0,0,0,0,444860
145584,1,1,0,0,0,444859
145599,1,1,0,0,0,444875
145600,1,1,0,0,0,444876
145601,1,1,0,0,0,444877
145602,1,0,0,0,0,444878
145603,1,1,0,0,0,444879
145604,1,0,0,0,0,444880
145605,1,1,0,0,0,444881
145606,32,1,0,0,444882,0
145607,32,1,0,0,444883,0
145608,32,1,0,0,444884,0
145609,1,1,0,0,0,444885
145610,32,0,0,4,444886,0
145611,1,1,0,0,0,444887
145612,8,1,0,0,0,444888
145613,8,0,0,0,0,444889
145614,1,0,0,0,0,444890
145615,1,0,0,0,0,444891
145616,1,0,0,0,0,444892
145617,1,0,0,0,0,444893
145618,1,0,0,0,0,444894
145619,1,0,0,0,0,444895
145620,32,0,0,0,444896,0
145621,32,0,0,0,444897,0
145622,1,0,0,0,0,444899
145623,32,1,0,0,444900,0
145624,5,0,0,0,0,444931
145625,2,0,0,0,0,444964
145626,2,0,0,0,0,444965
145627,1,0,0,4,0,444966
145628,1,1,0,4,0,444967
145629,1,1,0,4,0,444968
145630,32,0,0,4,444969,0
145631,32,0,0,4,444970,0
145632,32,1,0,4,444971,0
145633,32,1,0,4,444972,0
145634,1,0,0,4,0,445081
145635,32,0,0,0,445082,0
145636,1,0,0,4,0,445083
145637,1,0,0,4,0,445084
145638,1,0,0,4,0,445085
145639,1,1,0,4,0,445086
145640,1,1,0,4,0,445087
145641,1,1,0,4,0,445088
145642,1,1,0,4,0,445089
145643,29,0,0,0,445090,0
145644,29,1,0,0,445091,0
145645,29,1,0,0,445092,0
145646,1,0,0,0,0,445093
145647,1,0,0,0,0,445094
145648,1,0,0,0,0,445095
145649,11,0,0,0,0,445184
145651,32,0,0,0,445331,0
145652,32,0,0,0,445332,0
145653,32,0,0,0,445333,0
145654,32,1,0,0,445334,0
145655,32,1,0,0,445335,0
145656,32,1,0,0,445336,0
145657,32,1,0,0,445371,0
145658,8,0,0,0,0,445403
145659,35,1,0,0,445404,0
145660,9,0,0,0,445405,0
145661,5,0,0,0,0,445406
145662,35,1,0,0,445407,0
145663,33,0,0,0,445409,0
145665,1,1,0,0,0,445594
145666,5,0,0,0,0,445622
145667,24,1,0,0,445624,0
145668,9,1,0,0,445625,0
145669,9,1,0,0,445626,0
145670,9,0,0,0,445627,0
145671,9,0,0,0,445628,0
145672,9,0,0,0,445629,0
145673,9,1,0,0,445630,0
145674,9,1,0,0,445631,0
145675,9,1,0,0,445632,0
145676,9,0,0,0,445633,0
145677,9,0,0,0,445634,0
145678,9,0,0,0,445647,0
145679,5,1,0,0,0,445648
145680,9,0,0,0,445649,0
145681,9,0,0,0,445650,0
145682,32,0,0,0,445651,0
145683,1,1,0,0,0,445652
145684,3,0,0,0,0,445653
145685,3,1,0,0,0,445694
145686,3,0,0,0,0,445695
145687,3,1,0,0,0,445696
145688,2,1,0,0,0,445697
145689,3,0,0,0,0,445698
145690,3,0,0,0,0,445699
145691,1,0,0,0,0,445700
145692,9,0,0,0,445701,0
145693,1,0,0,0,0,445702
145694,1,1,0,0,0,445703
145695,8,0,0,0,0,445710
145696,31,0,0,0,445721,0
145697,9,0,0,0,445877,0
145698,2,0,0,0,0,445732
145699,10,0,0,0,0,445733
145700,9,1,0,0,445885,0
145701,6,0,0,0,0,445735
145702,3,0,0,0,0,445838
145703,5,1,0,0,0,445839
145704,1,0,0,0,0,445868
145705,1,1,0,0,0,445869
145706,35,0,0,0,445870,0
145707,28,1,0,0,445871,0
145708,1,1,0,0,0,445872
145709,1,1,0,0,0,445873
145710,1,0,0,0,0,445874
145711,1,0,0,0,0,445875
145712,32,0,0,4,445876,0
145713,9,1,0,0,445878,0
145714,2,0,0,0,0,445879
145715,10,0,0,0,0,445880
145716,10,1,0,0,0,445881
145717,10,1,0,0,0,445882
145718,2,0,0,0,0,445883
145719,1,1,0,4,0,445884
145720,1,0,0,0,0,445886
145721,3,0,0,0,0,445887
145722,3,1,0,0,0,445888
145723,3,0,0,0,0,445889
145724,3,1,0,0,0,445890
145725,3,1,0,0,0,445893
145726,3,0,0,0,0,445894
145727,1,1,0,4,0,445895
145728,1,0,0,4,0,445929
145729,3,0,0,0,0,445930
145730,3,1,0,0,0,445931
145731,1,1,0,0,0,445932
145732,1,1,0,0,0,445934
145733,32,0,0,0,445935,0
145734,1,1,0,0,0,445936
145735,1,1,0,0,0,445937
145736,1,0,0,0,0,445938
145737,1,0,0,0,0,445939
145738,1,1,0,0,0,445940
145739,2,0,0,0,0,445941
145740,2,0,0,0,0,445942
145741,35,1,0,0,445949,0
145742,2,0,0,0,0,445950
145743,2,1,0,0,0,445951
145744,8,0,0,0,0,445952
145745,5,1,0,0,0,445966
145746,6,0,0,4,0,446050
145747,7,0,0,4,0,446098
145748,2,0,0,0,0,446110
145749,1,0,0,0,0,446111
145751,1,0,0,0,0,446113
145765,33,0,0,4,446135,0
145766,9,0,0,0,446136,0
145767,27,1,0,0,446138,0
145768,1,0,0,0,0,446139
145769,1,0,0,0,0,446140
145781,1,1,0,0,0,446152
145787,1,0,0,0,0,446413
145788,33,0,0,0,446414,0
145789,33,0,0,0,446415,0
145790,33,0,0,0,446416,0
145791,32,0,0,0,446417,0
145792,33,0,0,0,446418,0
145793,10,0,0,4,0,446432
145794,1,1,0,0,0,446433
145795,9,0,0,0,446503,0
145796,9,0,0,0,446504,0
145797,9,0,0,0,446505,0
145798,9,1,0,0,446506,0
145799,9,0,0,0,446507,0
145800,9,1,0,0,446508,0
145801,8,0,0,0,0,446531
145802,8,0,0,0,0,446546
145803,9,0,0,0,446562,0
145804,9,0,0,0,446563,0
145805,2,0,0,0,0,446564
145806,2,0,0,0,0,446565
145807,9,1,0,0,446566,0
145808,9,1,0,0,446567,0
145809,1,0,0,0,0,446666
145810,1,0,0,0,0,446667
145811,9,1,6,0,447299,0
145812,31,0,0,0,447308,0
145813,31,0,0,0,447309,0
145814,31,1,0,0,447310,0
145815,31,1,0,0,447312,0
145816,10,0,0,0,0,447313
145817,10,0,0,0,0,447314
145818,10,0,0,0,0,447315
145820,1,0,0,0,0,447501
145821,1,0,0,0,0,447502
145822,1,0,0,0,0,447503
145829,1,1,0,0,0,447504
145830,1,1,0,0,0,447538
145831,1,1,0,0,0,447539
145832,32,0,0,4,447561,0
145833,9,0,0,4,447564,0
145834,1,0,0,0,0,447566
145835,35,0,0,0,447610,0
145836,6,1,0,0,0,447620
145837,35,0,0,0,447621,0
145838,35,0,0,0,447622,0
145839,35,0,0,0,447625,0
145840,35,1,0,0,447626,0
145841,35,0,0,0,447627,0
145842,35,0,0,0,447628,0
145843,5,0,0,0,0,447629
145844,35,1,0,0,447631,0
145845,35,1,0,0,447632,0
145846,35,1,0,0,447633,0
145847,35,1,0,0,447634,0
145848,35,0,0,0,447667,0
145849,35,0,0,0,447668,0
145850,35,1,0,0,447669,0
145851,35,0,0,0,447670,0
145852,35,1,0,0,447672,0
145853,10,1,0,0,0,447683
145854,10,1,0,0,0,447913
145855,5,0,0,0,0,447917
145856,6,1,0,4,0,447943
145857,31,0,0,0,447944,0
145858,10,0,0,0,0,447945
145859,10,1,0,0,0,447946
145860,10,1,0,0,0,447947
145861,10,0,0,0,0,447955
145865,35,0,0,0,447975,0
145866,35,0,0,0,447976,0
145867,35,0,0,0,447977,0
145868,35,1,0,0,447978,0
145869,35,1,0,0,447988,0
145870,22,1,0,0,447989,0
145871,1,1,0,0,0,447990
145872,1,1,0,0,0,447993
145873,34,0,0,0,447999,0
145874,1,0,0,0,0,448000
145875,4,1,0,0,0,448001
145876,34,1,0,4,448002,0
145877,34,1,0,4,448003,0
145878,34,0,0,4,448004,0
145879,34,0,0,4,448005,0
145880,6,0,0,0,0,448010
145881,6,0,0,0,0,448011
145882,6,1,0,0,0,448012
145883,6,1,0,0,0,448013
145886,10,1,0,0,0,448021
145887,10,1,0,0,0,448022
145888,10,0,0,0,0,448023
145889,10,0,0,0,0,448024
145890,5,0,0,0,0,448027
145891,5,0,0,0,0,448028
145892,5,1,0,0,0,448029
145893,5,1,0,0,0,448030
145894,5,0,0,0,0,448031
145895,5,1,0,0,0,448032
145896,5,1,0,0,0,448033
145897,5,0,0,0,0,448034
145898,22,0,0,0,448035,0
145899,8,0,0,0,0,448036
145900,4,1,0,0,0,448121
145901,32,0,0,0,448132,0
145902,32,0,0,0,448146,0
145903,1,0,0,0,0,448160
145904,1,1,0,0,0,448161
145905,4,1,3,0,0,448165
145906,1,0,0,4,0,448174
145907,1,0,0,0,0,448175
145908,1,1,0,0,0,448176
145909,1,1,0,0,0,448177
145912,7,1,0,0,0,448181
145915,3,1,0,0,0,448184
145917,4,0,0,0,0,448186
145919,22,1,0,0,448188,0
145920,3,0,0,0,0,448189
145921,1,0,0,0,0,448190
145922,1,0,0,0,0,448191
145923,1,1,0,0,0,448192
145924,1,1,0,0,0,448193
145925,31,0,0,0,448194,0
145926,32,0,0,4,448195,0
145927,24,1,0,0,448202,0
145928,31,0,0,0,448239,0
145929,31,0,0,0,448240,0
145930,31,1,0,0,448241,0
145931,31,1,0,0,448242,0
145932,32,0,0,0,448243,0
145933,1,1,0,0,0,448244
145934,5,1,0,0,0,451700
145935,32,0,0,0,448246,0
145936,1,0,0,4,0,448263
145937,1,1,0,0,0,448265
145938,8,1,0,0,0,448266
145939,3,1,0,0,0,448267
145940,3,0,0,0,0,448268
145941,31,0,0,0,448269,0
145942,31,0,0,0,448270,0
145944,31,1,0,0,448271,0
145945,31,1,0,0,448272,0
145946,1,0,0,0,0,448273
145947,1,0,0,0,0,448274
145948,1,0,0,0,0,448275
145949,1,0,0,0,0,448276
145951,1,0,0,0,0,448279
145952,1,1,0,0,0,448280
145953,1,1,0,0,0,448281
145954,1,1,0,0,0,448282
145955,1,1,0,0,0,448283
145956,1,0,0,0,0,448284
145957,1,0,0,0,0,448285
145958,1,1,0,0,0,448286
145959,3,1,0,0,0,448287
145960,1,0,8,4,0,448295
145961,1,0,0,0,0,448453
145962,7,0,0,0,0,448456
145963,7,0,0,0,0,448457
145964,7,1,0,0,0,448458
145965,7,1,0,0,0,448459
145966,32,0,0,0,448460,0
145967,1,0,0,0,0,448461
145968,1,1,8,4,0,448462
145969,1,1,8,4,0,448463
145970,3,1,0,0,0,448464
145971,3,0,0,0,0,448465
145972,1,1,0,4,0,448466
145973,1,0,0,4,0,448467
145974,2,0,0,0,0,448468
145975,5,0,0,0,0,448469
145976,5,1,0,0,0,448470
145977,10,0,0,0,0,448471
145978,10,1,0,0,0,448472
145979,6,1,0,0,0,448473
145980,9,0,0,0,448475,0
145981,9,1,0,0,448476,0
145982,6,0,0,0,0,448477
145983,32,0,0,0,448479,0
145984,32,1,0,0,448480,0
145985,7,0,0,0,0,448481
145986,1,1,0,0,0,448482
145987,1,0,0,0,0,448483
145988,1,1,0,0,0,448484
145989,1,0,0,0,0,448485
145990,1,0,0,0,0,448486
145991,32,1,0,0,448487,0
145992,1,0,0,0,0,448488
145993,4,1,0,0,0,448489
145994,34,0,0,0,448579,0
145995,5,0,0,0,0,449108
145996,5,0,0,0,0,449120
145997,5,0,0,0,0,449125
145998,5,1,0,0,0,449126
145999,5,1,0,0,0,449139
146000,9,1,0,0,449140,0
146001,31,1,0,0,449141,0
146003,1,1,0,0,0,449143
146004,2,1,0,0,0,449144
146005,32,1,0,0,449155,0
146007,10,0,0,0,0,449247
146008,31,1,0,0,449258,0
146009,31,1,0,0,449259,0
146010,9,0,0,0,449332,0
146011,2,0,0,0,0,449474
146012,31,0,0,0,449475,0
146013,36,0,0,0,449476,0
146014,36,1,0,0,449477,0
146015,36,0,0,0,449478,0
146016,36,1,0,0,449479,0
146020,36,0,0,5,449480,0
146021,36,1,0,5,449481,0
146022,36,0,0,0,449483,0
146023,36,1,0,0,449484,0
146025,36,1,0,0,449486,0
146026,36,0,0,0,449487,0
146027,36,0,0,0,449489,0
146028,36,1,0,0,449490,0
146029,32,0,0,0,449491,0
146030,36,0,0,0,449493,0
146031,32,1,0,0,449494,0
146032,36,1,0,0,449495,0
146033,32,1,0,0,449496,0
146034,36,0,0,0,449498,0
146035,36,1,0,0,449500,0
146036,36,1,0,0,449502,0
146037,1,0,0,0,0,449503
146039,1,1,0,0,0,449505
146040,1,1,0,0,0,449506
146041,36,0,0,0,449507,0
146042,36,1,0,0,449508,0
146043,36,0,0,5,449509,0
146044,3,0,0,0,0,449510
146045,3,1,0,0,0,449511
146046,1,0,0,0,0,449512
146047,1,1,0,0,0,449513
146048,7,0,0,0,0,449514
146049,4,1,0,4,0,449515
146050,36,1,0,0,449516,0
146051,10,0,0,0,0,449577
146052,1,0,0,4,0,449583
146053,22,0,0,0,449680,0
146054,6,0,0,0,0,449714
146055,2,0,0,0,0,449717
146056,31,1,0,0,449724,0
146057,31,0,0,0,449725,0
146058,3,1,0,0,0,449726
146059,1,0,0,0,0,449727
146060,1,1,0,0,0,449728
146061,1,0,0,0,0,449829
146062,1,0,0,0,0,449830
146063,1,1,0,0,0,449831
146064,1,1,0,0,0,449832
146065,7,1,0,0,0,449845
146066,7,1,0,0,0,449846
146067,7,0,0,0,0,449847
146068,31,0,0,0,449848,0
146069,7,0,0,0,0,449849
146070,1,0,3,0,0,449850
146071,1,1,0,0,0,449851
146072,3,0,0,0,0,449872
146073,3,1,0,0,0,449873
146074,1,0,0,0,0,449874
146075,32,1,0,0,449938,0
146076,7,0,0,0,0,449950
146077,7,0,0,0,0,449951
146078,9,0,0,0,449952,0
146079,9,1,0,0,449953,0
146080,9,0,0,0,449954,0
146081,3,1,0,0,0,449955
146082,10,1,0,0,0,449956
146083,1,1,0,0,0,449957
146084,5,0,0,0,0,450080
146085,31,0,0,0,450089,0
146086,1,1,0,0,0,450091
146087,1,0,0,0,0,450092
146088,31,1,0,0,451650,0
146089,3,0,0,0,0,451654
146090,31,1,0,0,451671,0
146091,32,1,0,0,451698,0
146092,1,1,0,0,0,451699
146093,9,1,0,0,451712,0
146094,32,0,0,0,451907,0
146095,8,1,0,0,0,451954
146096,5,0,0,0,0,452964
146097,18,0,0,0,453027,0
146098,1,0,0,0,0,453042
146099,9,1,0,0,453043,0
146100,7,1,0,0,0,453044
146101,7,0,0,0,0,453045
146102,34,1,0,0,453046,0
146103,1,0,0,0,0,453047
146104,31,0,0,0,453056,0
146105,31,1,0,0,453111,0
146106,31,0,0,0,453112,0
146107,31,0,0,0,453114,0
146108,31,1,0,0,453115,0
146109,31,1,0,0,453117,0
146110,31,0,0,0,453118,0
146111,31,1,0,0,453119,0
146112,31,0,0,0,453120,0
146113,31,0,0,0,453122,0
146114,31,1,0,0,453123,0
146115,4,1,0,0,0,453126
146116,31,1,0,0,453339,0
146117,31,0,0,0,453340,0
146118,4,1,0,0,0,453341
146119,4,1,0,0,0,453342
146120,4,1,0,0,0,453343
146121,31,0,0,0,453344,0
146122,2,0,0,0,0,453345
146123,8,0,0,0,0,453346
146124,6,0,0,0,0,453347
146125,9,0,0,0,453348,0
146126,31,1,0,0,453349,0
146127,31,0,0,0,453350,0
146128,1,0,0,4,0,453359
146129,1,0,0,4,0,453360
146130,1,1,0,4,0,453361
146131,1,1,0,4,0,453362
146133,9,0,0,0,453365,0
146134,32,1,0,0,453366,0
146135,1,0,0,0,0,453367
146136,1,0,0,0,0,453368
146137,1,1,0,0,0,453369
146138,1,1,0,0,0,453370
146139,2,1,1,0,0,453371
146140,2,1,1,0,0,453372
146141,2,1,1,0,0,453373
146142,2,1,1,0,0,453374
146143,6,0,1,0,0,453375
146144,6,0,1,0,0,453376
146145,6,0,1,0,0,453377
146146,6,0,1,0,0,453378
146147,8,0,1,0,0,453379
146148,8,0,1,0,0,453380
146149,8,0,1,0,0,453381
146150,8,0,1,0,0,453382
146151,2,0,0,0,0,453383
146152,4,1,0,0,0,453384
146153,4,1,0,0,0,453385
146159,4,1,0,0,0,453386
146160,4,1,0,0,0,453387
146161,2,1,0,0,0,453388
146162,2,1,0,0,0,453389
146163,2,0,0,0,0,453390
146164,2,0,0,0,0,453391
146165,2,1,0,0,0,453392
146166,2,1,0,0,0,453393
146167,2,0,0,0,0,453394
146168,2,0,0,0,0,453395
146169,2,0,0,0,0,453476
146170,2,1,0,0,0,453477
146171,2,1,0,0,0,453478
146172,2,0,0,0,0,453479
146173,2,0,1,0,0,453480
146174,2,0,0,0,0,453489
146175,2,1,0,0,0,453504
146176,9,0,0,0,453520,0
146177,2,0,0,0,0,453521
146178,32,0,0,0,453522,0
146179,31,1,0,0,453523,0
146180,31,0,0,0,453524,0
146181,33,0,0,4,453529,0
146182,1,0,0,0,0,453548
146188,32,1,0,0,453685,0
146189,32,1,0,0,453686,0
146190,32,0,0,0,453687,0
146191,32,0,0,0,453688,0
146192,1,1,0,0,0,453691
146193,1,0,0,0,0,453692
146194,1,0,0,0,0,453693
146195,1,1,0,0,0,453694
146196,2,1,0,0,0,453695
146197,2,1,0,0,0,453696
146198,2,1,0,0,0,453697
146199,2,0,0,0,0,453698
146200,2,0,0,0,0,453699
146201,9,1,0,0,453701,0
146202,4,1,0,0,0,453702
146203,2,0,0,0,0,453703
146204,2,1,0,0,0,453704
146205,9,0,0,0,453705,0
146206,29,0,0,0,453706,0
146207,29,1,0,0,453707,0
146209,29,0,0,0,453709,0
146210,9,0,6,0,453710,0
146211,31,1,0,0,453711,0
146213,29,1,0,0,453713,0
146215,9,1,0,0,453715,0
146216,9,1,0,0,453716,0
146218,29,0,0,0,453718,0
146219,29,0,0,0,453719,0
146221,29,1,0,0,453721,0
146222,29,1,0,0,453722,0
146226,29,0,0,0,453726,0
146227,29,0,0,0,453727,0
146228,29,1,0,0,453728,0
146229,29,1,0,0,453729,0
146230,33,0,0,0,453730,0
146231,4,1,0,0,0,453731
146232,4,1,0,0,0,453732
146233,4,1,0,0,0,453733
146234,1,1,0,0,0,453736
146235,1,1,0,0,0,453737
146236,1,0,0,0,0,453738
146237,1,0,0,0,0,453739
146238,32,1,0,0,453740,0
146240,2,0,0,0,0,453751
146241,10,0,12,0,0,453752
146242,10,1,0,0,0,453753
146243,2,1,0,0,0,453754
146245,10,0,6,0,0,453756
146246,9,0,0,0,453758,0
146247,9,0,0,0,453759,0
146248,9,1,0,0,453760,0
146249,9,1,0,0,453761,0
146250,9,0,0,0,453762,0
146251,9,0,0,0,453763,0
146252,9,1,0,0,453764,0
146253,2,1,0,0,0,453765
146254,9,1,0,0,453766,0
146255,1,0,0,0,0,453767
146256,10,0,0,0,0,453768
146257,1,0,0,0,0,453769
146258,1,0,0,0,0,453770
146259,1,1,0,0,0,453771
146260,1,1,0,0,0,453772
146261,9,0,0,0,453789,0
146262,9,0,0,0,453790,0
146263,9,1,0,0,453791,0
146264,32,0,0,0,453792,0
146265,9,1,0,0,453793,0
146266,1,1,0,0,0,453794
146267,1,1,0,0,0,453795
146268,1,0,0,0,0,453796
146269,1,0,0,0,0,453815
146270,1,1,0,0,0,453816
146271,1,1,0,0,0,453817
146272,1,0,0,0,0,453818
146273,1,0,0,0,0,453819
146274,9,1,0,0,453827,0
146275,9,1,0,0,453828,0
146276,31,0,0,0,453829,0
146277,1,1,0,0,0,453831
146278,3,1,0,0,0,453832
146279,3,1,0,0,0,453833
146280,3,0,0,0,0,453834
146281,3,0,0,0,0,453835
146282,3,1,0,0,0,453836
146283,3,1,0,0,0,453837
146284,32,1,0,0,453838,0
146285,3,1,0,0,0,453839
146286,3,1,0,0,0,453840
146287,3,0,0,0,0,453841
146288,3,0,0,0,0,453842
146289,3,0,0,0,0,453849
146290,3,0,0,0,0,453850
146291,3,1,0,0,0,453851
146298,9,1,0,0,453908,0
146307,32,1,0,0,453917,0
146308,10,1,0,0,0,453918
146309,1,1,0,0,0,453919
146310,1,1,0,0,0,453920
146311,1,1,0,0,0,453921
146312,1,0,0,0,0,453922
146313,1,0,0,0,0,453923
146314,1,0,0,0,0,453924
146315,10,0,0,0,0,453925
146316,28,0,0,0,453961,0
146317,28,1,0,4,453962,0
146318,28,1,0,0,453963,0
146319,10,1,0,0,0,453964
146320,9,0,0,0,453970,0
146321,9,0,0,0,453971,0
146322,9,1,0,0,453972,0
146323,9,1,0,0,453973,0
146324,29,0,0,0,453974,0
146326,33,0,0,0,453977,0
146327,1,1,0,0,0,453978
146328,1,1,0,0,0,453979
146329,1,0,0,0,0,453980
146330,10,1,0,0,0,453998
146331,10,0,0,0,0,453999
146332,28,0,0,0,454000,0
146333,31,0,0,0,454001,0
146336,2,0,0,0,0,454002
146337,31,1,0,0,454003,0
146338,9,0,0,0,454004,0
146339,9,0,0,0,454005,0
146341,9,1,0,0,454006,0
146342,9,1,0,0,454007,0
146343,27,0,0,0,454008,0
146344,28,0,0,0,454052,0
146345,26,1,0,0,454010,0
146346,2,1,0,0,0,454011
146347,24,0,0,0,454012,0
146348,24,1,0,0,454013,0
146349,32,0,0,0,454024,0
146350,32,1,0,0,454025,0
146351,9,0,0,0,454053,0
146352,9,0,0,0,454054,0
146353,9,1,0,0,454055,0
146354,9,1,0,0,454056,0
146355,1,0,0,0,0,454059
146356,1,0,0,0,0,454060
146357,1,1,0,0,0,454061
146358,1,1,0,0,0,454062
146359,10,1,0,0,0,454063
146360,27,1,0,0,454064,0
146361,2,0,0,0,0,454065
146363,5,0,0,0,0,454067
146364,32,1,0,0,454068,0
146365,9,0,0,0,454069,0
146366,9,0,0,0,454070,0
146367,2,0,0,0,0,454071
146368,9,0,0,0,454072,0
146369,9,1,0,0,454073,0
146370,10,1,0,0,0,454074
146371,8,1,0,0,0,454075
146372,27,0,0,0,454076,0
146373,26,0,0,0,454077,0
146374,32,0,0,0,454078,0
146375,4,1,0,0,0,454231
146376,33,0,0,0,454264,0
146377,9,0,0,0,454265,0
146378,1,0,0,0,0,454266
146379,1,0,0,0,0,454267
146380,9,0,0,0,454268,0
146381,1,1,0,0,0,454269
146382,32,0,0,4,454270,0
146383,1,0,0,4,0,454271
146384,1,1,0,0,0,454280
146385,1,0,0,0,0,454283
146386,1,0,0,4,0,454290
146387,1,1,0,4,0,454291
146388,1,1,0,0,0,454669
146389,2,1,0,0,0,454911
146390,27,0,0,0,455168,0
146391,27,1,0,0,455169,0
146392,10,0,0,0,0,455170
146393,2,0,0,0,0,455171
146394,10,1,0,0,0,455172
146395,2,1,0,0,0,455173
146396,2,0,0,0,0,455174
146397,24,0,0,0,455175,0
146398,24,1,0,0,455176,0
146399,1,0,0,0,0,455177
146400,8,1,0,0,0,455178
146401,35,1,0,0,455179,0
146402,9,0,0,0,455180,0
146404,1,0,0,0,0,455260
146405,32,0,0,0,455261,0
146406,9,0,0,0,455274,0
146407,8,1,0,0,0,455308
146408,8,0,0,0,0,455309
146409,15,0,0,4,455310,0
146410,8,1,0,0,0,455312
146411,33,0,0,0,455340,0
146412,1,0,0,0,0,455341
146413,32,0,0,0,455342,0
146414,32,0,0,0,455343,0
146415,32,0,0,0,455344,0
146416,1,0,0,0,0,455345
146417,1,0,0,0,0,455346
146418,33,0,0,0,455347,0
146419,1,1,0,0,0,455348
146420,32,1,0,0,455349,0
146421,32,0,0,0,455350,0
146422,9,1,0,0,455352,0
146423,1,0,0,0,0,455354
146424,1,0,0,0,0,455355
146425,6,0,0,0,0,455356
146426,8,1,0,0,0,455357
146427,6,1,0,0,0,455358
146429,2,1,0,0,0,455360
146431,31,0,0,0,455362,0
146432,31,0,0,0,455363,0
146434,6,0,0,0,0,455365
146435,6,0,0,0,0,455366
146436,13,0,0,0,455367,0
146437,13,1,0,0,455368,0
146438,13,0,0,0,455369,0
146439,13,1,0,0,455370,0
146440,13,1,0,0,455371,0
146441,1,1,0,0,0,455372
146442,1,0,0,4,0,455373
146443,1,0,0,0,0,455374
146444,31,1,0,0,455375,0
146445,31,1,0,0,455376,0
146446,31,0,0,0,455377,0
146447,32,1,0,0,455378,0
146448,10,1,0,0,0,455379
146449,27,0,0,0,455380,0
146450,1,0,0,0,0,455381
146451,5,0,0,0,0,455382
146452,31,1,0,0,455383,0
146453,31,0,0,0,455384,0
146454,1,0,0,0,0,455386
146455,1,1,0,0,0,455387
146456,2,0,0,0,0,455388
146457,2,0,0,0,0,455389
146458,2,0,0,0,0,455390
146459,2,0,0,0,0,455391
146460,2,1,0,0,0,455392
146461,2,1,0,0,0,455393
146462,2,1,0,0,0,455394
146463,2,1,0,0,0,455395
146464,2,0,0,0,0,455396
146465,2,1,0,0,0,455397
146466,31,1,0,0,455398,0
146467,31,0,0,0,455399,0
146468,31,0,0,0,455400,0
146469,31,1,0,0,455401,0
146470,10,0,0,0,0,455410
146471,10,1,0,0,0,455411
146472,8,0,0,0,0,455414
146473,9,1,0,0,455415,0
146474,2,0,10,0,0,455417
146475,13,0,0,0,455418,0
146476,13,0,0,0,455419,0
146477,13,0,0,0,455420,0
146478,13,1,0,0,455421,0
146479,13,1,0,0,455422,0
146480,13,1,0,0,455423,0
146481,13,0,0,0,455424,0
146482,13,0,0,0,455425,0
146483,13,1,0,0,455426,0
146484,13,1,0,0,455427,0
146485,21,0,0,0,455461,0
146486,21,0,0,0,455462,0
146487,21,0,0,0,455463,0
146488,21,0,0,0,455464,0
146489,21,0,0,0,455465,0
146490,21,0,0,0,455466,0
146491,21,0,0,0,455467,0
146492,21,0,0,0,455468,0
146493,21,0,0,0,455469,0
146494,21,0,0,0,455470,0
146495,21,0,0,0,455471,0
146496,21,0,0,0,455473,0
146497,21,0,0,0,455474,0
146498,21,0,0,0,455475,0
146499,21,0,0,0,455476,0
146500,10,1,0,0,0,455496
146501,30,0,0,4,455497,0
146502,36,0,0,0,455498,0
146503,36,1,0,0,455499,0
146504,1,1,0,0,0,455500
146505,21,0,0,0,455501,0
146506,21,0,0,0,455502,0
146507,1,0,0,0,0,455503
146508,21,0,0,0,455504,0
146509,21,0,0,0,455505,0
146510,21,0,0,0,455506,0
146511,21,0,0,0,455507,0
146512,21,0,0,0,455508,0
146513,1,0,0,0,0,455509
146514,21,0,0,0,455510,0
146515,21,0,0,0,455511,0
146516,32,0,0,0,455512,0
146517,32,1,0,0,455513,0
146518,16,0,0,0,455514,0
146520,16,0,0,0,455516,0
146521,16,0,0,0,455517,0
146522,16,0,0,0,455518,0
146523,16,0,0,0,455519,0
146524,16,0,0,0,455520,0
146525,16,0,0,0,455521,0
146526,16,0,0,0,455522,0
146527,16,0,0,0,455523,0
146528,16,0,0,0,455524,0
146529,2,1,0,0,0,455534
146530,2,0,0,0,0,455536
146531,6,1,0,0,0,455537
146532,36,1,0,0,455538,0
146533,36,0,0,0,455539,0
146534,36,1,0,0,455540,0
146535,35,1,0,0,455541,0
146536,36,0,0,0,455545,0
146537,36,1,0,0,455546,0
146538,36,0,0,0,455547,0
146539,36,1,0,0,455548,0
146540,36,0,0,0,455549,0
146542,6,0,0,0,0,455551
146543,36,0,0,0,455552,0
146544,36,1,0,0,455553,0
146545,6,1,0,0,0,455554
146546,31,1,0,0,455564,0
146547,1,0,0,0,0,457288
146548,7,0,0,0,0,457289
146549,32,0,0,4,457371,0
146550,1,1,0,0,0,457374
146551,8,0,0,0,0,457466
146552,8,1,0,0,0,457467
146553,8,1,0,0,0,457494
146554,8,0,0,0,0,457495
146555,2,1,0,0,0,459060
146556,2,1,0,0,0,459061
146557,9,1,0,0,459062,0
146558,2,0,0,0,0,459089
146559,6,0,0,0,0,459148
146560,5,0,0,0,0,459223
146561,5,0,0,0,0,459224
146562,5,1,0,0,0,459225
146563,5,1,0,0,0,459226
146565,5,0,0,0,0,459228
146567,5,1,0,0,0,459230
146568,2,0,0,0,0,459231
146569,2,1,0,0,0,459232
146570,8,0,0,0,0,459233
146571,8,1,0,0,0,459234
146572,9,0,0,0,459254,0
146573,9,1,0,0,459255,0
146574,2,0,0,0,0,459250
146575,2,1,0,0,0,459251
146576,8,0,0,0,0,459252
146577,8,1,0,0,0,459253
146578,8,0,0,0,0,459259
146579,8,0,0,0,0,459260
146580,8,1,0,0,0,459261
146581,8,1,0,0,0,459262
146582,4,1,0,0,0,459263
146583,33,0,0,0,459268,0
146584,2,0,7,0,0,459269
146585,3,0,0,0,0,459270
146586,3,1,0,0,0,459271
146687,2,0,0,0,0,459372
146688,2,0,0,0,0,459373
146689,2,1,0,0,0,459374
146690,2,1,0,0,0,459375
146691,35,1,0,0,459453,0
146692,3,1,0,0,0,459474
146693,3,1,0,0,0,459475
146694,3,0,0,0,0,459476
146695,3,0,0,0,0,459477
146696,1,1,0,0,0,459478
146697,2,0,0,0,0,459480
146698,1,0,0,0,0,459485
146699,1,0,0,0,0,459486
146700,1,1,0,0,0,459487
146701,1,1,0,0,0,459488
146702,32,1,0,0,459489,0
146703,32,0,0,0,459490,0
146704,32,1,0,0,459587,0
146705,1,0,0,0,0,459597
146706,32,1,0,0,459598,0
146707,32,0,0,0,459599,0
146708,32,1,0,0,459600,0
146709,32,1,0,0,459601,0
146710,32,1,0,0,459602,0
146711,1,1,0,0,0,459603
146712,32,0,0,0,459612,0
146713,32,0,0,0,459613,0
146714,32,0,0,0,459614,0
146715,32,0,0,0,459615,0
146716,33,0,0,0,459616,0
146717,33,0,0,0,459617,0
146718,33,0,0,0,459618,0
146719,33,0,0,0,459619,0
146720,1,0,0,0,0,459632
146721,1,0,0,0,0,459633
146722,31,1,0,0,459634,0
146723,31,0,0,0,459635,0
146724,31,1,0,0,459694,0
146725,35,1,0,0,459696,0
146726,1,0,0,0,0,459729
146727,28,1,0,0,459730,0
146728,35,1,0,0,459731,0
146729,35,1,0,0,459732,0
146730,35,1,0,0,459739,0
146731,35,1,0,0,459740,0
146732,35,1,0,0,459741,0
146733,35,1,0,0,459742,0
146734,35,1,0,0,459743,0
146735,35,1,0,0,459744,0
146736,35,0,0,0,459746,0
146737,35,0,0,0,459747,0
146738,35,0,0,0,459752,0
146739,35,0,0,0,459753,0
146740,35,0,0,0,459754,0
146741,35,0,0,0,459755,0
146742,35,0,0,0,459756,0
146743,35,0,0,0,459757,0
146744,2,1,0,0,0,459917
146745,8,1,0,0,0,459967
146746,5,0,0,0,0,459968
146747,31,0,0,0,459969,0
146748,1,1,0,0,0,459970
146749,8,0,0,0,0,459971
146750,31,0,0,0,459972,0
146751,1,1,0,4,0,459973
146752,31,1,0,0,459974,0
146753,31,1,0,0,459975,0
146754,32,1,0,0,460008,0
146755,1,1,0,0,0,460009
146756,31,0,0,0,460010,0
146757,31,1,0,0,460015,0
146758,1,0,0,0,0,460016
146759,32,0,0,4,460017,0
146760,32,0,0,4,460018,0
146761,32,1,0,4,460019,0
146762,32,1,0,4,460020,0
146764,1,0,0,0,0,460034
146765,1,0,0,0,0,460035
146766,1,1,0,0,0,460036
146767,1,1,0,0,0,460037
146768,32,0,0,0,460039,0
146769,15,0,0,4,460040,0
146770,15,0,0,4,460041,0
146771,15,0,0,4,460042,0
146772,9,0,0,0,460043,0
146773,9,1,0,0,460044,0
146774,9,0,0,0,460045,0
146775,6,1,0,0,0,460046
146776,2,0,0,0,0,460047
146777,8,1,0,0,0,460048
146778,1,1,0,4,0,460191
146779,1,1,0,4,0,460201
146780,1,0,0,4,0,460202
146781,1,0,0,4,0,460203
146782,1,0,4,0,0,460205
146783,18,0,0,0,460206,0
146784,18,0,0,0,460207,0
146785,2,0,0,0,0,460217
146786,2,0,0,0,0,460218
146787,2,1,0,0,0,460219
146788,2,1,0,0,0,460220
146789,31,0,0,0,460221,0
146790,30,0,0,0,460244,0
146791,33,0,0,0,460454,0
146792,8,0,0,0,0,460548
146793,32,0,0,0,461095,0
146794,1,1,0,0,0,461096
146795,1,0,0,0,0,461097
146796,1,1,0,0,0,461098
146797,8,0,0,0,0,461099
146798,8,1,0,0,0,461100
146799,8,1,0,0,0,461125
146800,34,0,0,0,461130,0
146801,5,0,0,0,0,461131
146802,25,0,0,0,461132,0
146803,6,0,0,0,0,461133
146804,6,0,0,0,0,461134
146805,5,0,0,0,0,461140
146806,5,0,0,0,0,461141
146807,5,1,0,0,0,461142
146808,5,1,0,0,0,461143
146809,1,1,0,0,0,461301
146810,1,1,0,0,0,461302
146811,1,0,0,0,0,461303
146812,1,0,0,0,0,461304
146813,34,1,0,0,499742,0
146814,1,1,0,0,0,461306
146815,1,0,0,0,0,461307
146816,1,1,0,0,0,461308
146817,1,0,0,0,0,461309
146818,37,1,0,0,657539,0
146819,5,0,0,0,0,461311
146820,5,0,0,0,0,461312
146821,5,1,0,0,0,461313
146822,5,1,0,0,0,461314
146823,32,1,0,0,474055,0
146824,32,0,0,0,474054,0
146825,1,0,0,0,0,461317
146826,1,0,0,0,0,461318
146827,1,1,0,0,0,461319
146828,1,1,0,0,0,461320
146829,35,0,0,0,461321,0
146830,31,0,0,0,461322,0
146831,31,1,0,0,461323,0
146832,31,1,0,0,461329,0
146833,31,0,0,0,461330,0
146834,1,0,0,0,0,461360
146835,31,0,0,4,461361,0
146836,4,1,0,0,0,461362
146837,31,1,0,4,461363,0
146838,4,1,0,0,0,461473
146839,31,0,0,0,461481,0
146840,31,0,0,0,461482,0
146841,4,0,0,0,0,461483
146842,4,0,0,0,0,461484
146843,2,0,0,0,0,461485
146844,31,0,0,0,461486,0
146845,31,1,0,0,461487,0
146846,31,1,0,0,461488,0
146848,31,0,0,4,461490,0
146849,32,0,0,0,461491,0
146851,5,1,0,0,0,461494
146852,22,0,0,0,461495,0
146853,5,0,0,0,0,461496
146854,11,1,0,0,0,461497
146855,2,1,0,0,0,461498
146856,22,1,0,0,461499,0
146857,22,1,0,0,461500,0
146858,29,1,0,0,461501,0
146859,29,0,0,0,461502,0
146860,4,1,0,0,0,461503
146861,4,1,0,0,0,461504
146862,4,1,0,0,0,461505
146863,4,1,0,0,0,461506
146864,4,1,0,0,0,461507
146865,4,1,0,0,0,461508
146866,4,1,0,0,0,461509
146867,4,1,0,0,0,461510
146868,4,1,0,0,0,461511
146871,1,1,0,0,0,461514
146872,9,0,0,0,461515,0
146873,7,0,0,0,0,461516
146874,7,1,0,0,0,461517
146875,7,0,0,0,0,461518
146876,5,0,0,0,0,461519
146877,11,0,0,0,0,461520
146878,11,1,0,0,0,461521
146879,10,1,0,0,0,461522
146880,10,1,0,0,0,461523
146881,10,1,0,0,0,461524
146882,3,1,0,0,0,461663
146883,3,1,0,0,0,461674
146884,3,0,0,0,0,461677
146885,3,0,0,0,0,461678
146886,9,1,0,0,461679,0
146887,1,1,0,0,0,461680
146888,31,0,0,0,461707,0
146889,31,0,0,0,461708,0
146890,31,1,0,0,461709,0
146891,31,0,0,0,461792,0
146892,31,0,0,0,461882,0
146904,1,1,0,0,0,461900
146905,5,0,0,0,0,461908
146906,35,0,0,0,461909,0
146907,35,0,0,0,461910,0
146909,1,0,0,0,0,461925
146910,33,0,0,0,462035,0
146911,10,1,0,0,0,462040
146912,10,0,0,0,0,462041
146913,10,1,0,0,0,462042
146914,10,0,0,0,0,462043
146915,3,0,0,0,0,462044
146916,20,0,0,0,462045,0
146917,1,1,0,0,0,462046
146918,1,0,0,0,0,462047
146919,1,0,0,0,0,462048
146920,32,0,0,0,462061,0
146922,1,0,0,4,0,462124
146932,32,1,0,0,462134,0
146937,2,0,0,0,0,462139
146938,9,0,0,0,463017,0
146939,1,1,0,0,0,463018
146940,5,0,0,0,0,463048
146941,28,1,0,5,463049,0
146942,32,1,0,0,463205,0
146943,32,0,0,0,463206,0
146944,1,0,0,0,0,463207
146945,7,0,0,0,0,463208
146946,10,0,6,0,0,463221
146947,10,0,6,0,0,463222
146948,10,1,6,0,0,463223
146949,10,1,6,0,0,463224
146950,11,1,0,0,0,463225
146951,32,1,0,4,463231,0
146952,1,0,0,0,0,463232
146953,25,1,0,0,463233,0
146954,1,1,0,0,0,463234
146955,25,1,0,0,463237,0
146957,31,0,0,0,463245,0
146958,31,0,0,0,463246,0
146959,4,1,0,0,0,463247
146960,1,0,0,4,0,463263
146961,1,0,0,0,0,463264
146962,1,1,0,0,0,463265
146963,33,0,0,0,463266,0
146964,1,1,0,0,0,463269
146965,33,0,0,0,463270,0
146966,1,0,0,4,0,463271
146967,31,1,0,0,463272,0
146968,5,0,0,0,0,463340
146969,33,0,0,4,463341,0
146970,1,0,0,4,0,463342
146971,3,1,0,0,0,463344
146972,3,0,0,0,0,463345
146973,1,0,0,0,0,463346
146974,1,0,0,0,0,463347
146975,1,1,0,0,0,463348
146976,32,0,0,0,463350,0
146977,1,0,0,0,0,463351
146978,33,0,0,4,463352,0
146979,1,0,0,4,0,463354
146980,33,0,0,4,463355,0
146981,4,1,0,0,0,463356
146982,17,0,0,0,463361,0
146983,24,0,0,0,463360,0
146984,10,0,0,0,0,463359
146985,1,0,0,0,0,463362
146986,1,1,0,0,0,463363
146987,1,1,0,4,0,463364
146988,31,0,0,0,463365,0
146989,32,1,0,0,463368,0
146990,31,1,0,4,463369,0
146991,31,0,0,0,463370,0
146992,31,0,0,0,463371,0
146993,2,0,0,0,0,463372
146994,31,1,0,0,463373,0
146995,1,0,0,0,0,463374
146996,31,1,0,0,463375,0
146997,3,1,0,0,0,463376
146998,1,1,0,0,0,463379
146999,3,0,0,0,0,463380
147000,1,0,0,0,0,463382
147001,31,0,0,0,463383,0
147002,4,1,0,0,0,463387
147003,1,0,0,0,0,463472
147004,1,1,0,0,0,463554
147005,1,0,0,0,0,463555
147006,1,0,0,0,0,463556
147007,1,1,0,0,0,463557
147008,7,1,0,0,0,463558
147009,1,1,0,0,0,463559
147010,1,1,0,0,0,463560
147011,9,0,0,0,463673,0
147012,1,0,0,0,0,463834
147013,1,0,0,0,0,463838
147014,9,0,6,0,463849,0
147015,1,0,0,0,0,463850
147016,33,0,0,0,463851,0
147017,7,0,0,0,0,463858
147018,5,0,0,0,0,463874
147019,33,0,0,0,463935,0
147020,7,1,0,0,0,463936
147021,11,0,0,4,0,463937
147022,3,0,0,0,0,463939
147023,6,0,0,0,0,463940
147024,9,0,0,0,463941,0
147025,8,1,0,0,0,463945
147026,31,0,0,0,463966,0
147027,31,0,0,0,463967,0
147031,31,1,0,0,463968,0
147032,2,0,0,0,0,463969
147033,6,1,0,0,0,463970
147034,24,1,0,0,463971,0
147035,10,1,0,0,0,463972
147036,9,1,0,0,463973,0
147037,5,1,0,0,0,463974
147038,9,0,0,0,463975,0
147039,9,0,0,0,463976,0
147040,5,0,0,0,0,463977
147041,9,1,0,0,463978,0
147042,8,1,0,0,0,463979
147043,3,0,0,0,0,463980
147044,7,1,0,0,0,463988
147045,11,1,0,0,0,463991
147046,9,0,0,0,463990,0
147047,1,1,0,4,0,464015
147048,31,0,0,0,464016,0
147049,10,1,0,0,0,464019
147050,35,1,0,0,464061,0
147051,9,0,0,0,464062,0
147052,1,1,0,4,0,464081
147053,1,1,9,0,0,464085
147054,32,0,0,4,464086,0
147055,2,1,0,0,0,464144
147056,1,0,0,0,0,464393
147057,1,0,0,0,0,464421
147058,7,0,0,0,0,464422
147059,1,0,0,0,0,464423
147060,1,0,0,0,0,464460
147061,1,0,0,0,0,464620
147062,1,0,0,0,0,464738
147063,1,1,0,0,0,464753
147064,1,1,0,0,0,464756
147065,1,0,0,0,0,464757
147066,1,0,0,0,0,464758
147067,32,0,0,4,464791,0
147068,1,0,0,0,0,464792
147070,3,0,0,0,0,464794
147071,1,1,3,0,0,464796
147072,22,1,3,0,464797,0
147073,1,0,0,0,0,464798
147074,1,1,0,0,0,464799
147075,1,0,0,0,0,464800
147076,11,1,0,0,0,464801
147077,1,0,0,0,0,464802
147078,1,0,0,0,0,464803
147079,1,0,0,0,0,464804
147080,1,0,0,0,0,464813
147081,24,0,0,0,464818,0
147082,32,0,0,0,464819,0
147083,32,0,0,0,464820,0
147084,1,0,0,0,0,464821
147085,7,1,0,0,0,464822
147086,7,0,6,0,0,464823
147087,1,0,0,0,0,464824
147088,4,0,11,5,0,464826
147089,1,0,0,0,0,464827
147090,32,0,0,0,464828,0
147091,33,0,0,0,464829,0
147092,33,0,0,0,464831,0
147093,1,0,0,0,0,464833
147095,33,0,0,0,464835,0
147096,32,0,0,0,464836,0
147097,8,0,0,0,0,464837
147098,1,0,0,0,0,464857
147099,1,0,0,0,0,464862
147100,1,0,0,0,0,464910
147101,1,0,0,0,0,464930
147102,1,0,0,0,0,464940
147103,31,0,0,0,464988,0
147104,31,1,0,0,464991,0
147105,31,1,0,0,464993,0
147106,31,0,0,0,464994,0
147107,31,0,0,0,464996,0
147108,10,1,0,0,0,465000
147109,1,0,0,0,0,465001
147110,6,1,0,0,0,465003
147111,32,0,0,0,465108,0
147112,10,1,3,0,0,465005
147113,6,0,6,0,0,465018
147114,10,0,6,0,0,465019
147115,9,0,0,0,465020,0
147116,10,1,0,0,0,465093
147117,2,0,0,0,0,465094
147118,6,0,0,0,0,465095
147119,5,0,0,0,0,465096
147120,1,0,0,0,0,465097
147121,1,0,0,0,0,465098
147122,1,0,0,0,0,465099
147123,1,0,0,0,0,465100
147124,1,0,0,0,0,465101
147125,1,0,0,0,0,465102
147126,1,1,0,0,0,465103
147127,1,1,0,0,0,465104
147128,1,1,0,0,0,465105
147129,1,1,0,0,0,465106
147130,1,1,0,0,0,465109
147131,4,0,6,0,0,465110
147132,4,0,0,0,0,465111
147133,4,0,0,0,0,465112
147134,1,1,0,0,0,465113
147135,1,0,0,0,0,465114
147136,31,1,0,0,465115,0
147137,31,1,0,0,465116,0
147138,31,0,0,0,465117,0
147139,31,0,0,0,465118,0
147140,1,0,0,0,0,465120
147141,1,1,0,0,0,465129
147142,1,1,0,0,0,465130
147143,31,1,0,0,465131,0
147144,1,0,0,0,0,465134
147145,34,0,0,0,465135,0
147146,5,0,0,0,0,465136
147147,1,0,0,0,0,465210
147148,2,0,0,0,0,465211
147149,5,0,0,0,0,465213
147150,1,0,0,0,0,465251
147151,7,1,0,0,0,465252
147152,34,0,0,0,478994,0
147153,1,0,0,0,0,465440
147154,4,1,0,0,0,465441
147155,27,1,0,0,465444,0
147156,1,0,0,0,0,465488
147157,1,1,0,0,0,465489
147158,1,1,0,0,0,465490
147159,1,0,0,0,0,465543
147160,1,0,0,0,0,465544
147161,29,1,0,0,465545,0
147162,5,0,0,0,0,465548
147163,32,1,0,0,465559,0
147164,32,1,0,0,465560,0
147165,32,1,0,0,465561,0
147166,32,1,0,0,465562,0
147167,32,0,0,0,465563,0
147168,32,0,0,0,465564,0
147169,32,0,0,0,465565,0
147170,32,0,0,0,465566,0
147171,1,0,0,0,0,465567
147172,33,0,0,0,465568,0
147173,2,0,0,0,0,465571
147174,32,0,0,4,465575,0
147175,32,1,0,4,465576,0
147176,1,1,0,0,0,465586
147177,1,0,0,0,0,465587
147178,32,0,0,0,465588,0
147179,29,0,10,0,465645,0
147180,1,0,0,0,0,465776
147181,35,0,0,0,465919,0
147182,35,1,0,0,465920,0
147183,35,0,0,0,465923,0
147184,1,0,0,0,0,465931
147185,1,0,0,0,0,465999
147186,31,1,0,0,466028,0
147187,25,0,0,0,466029,0
147188,36,0,0,0,466030,0
147190,1,0,0,0,0,466032
147191,9,0,6,0,466033,0
147192,34,0,0,0,466038,0
147193,34,1,0,0,466039,0
147205,9,1,0,0,466052,0
147210,1,0,0,0,0,466082
147211,1,1,0,0,0,466083
147212,1,0,0,0,0,466084
147213,1,0,0,0,0,466085
147214,1,0,0,0,0,466086
147215,1,1,0,0,0,466087
147216,1,0,0,4,0,466088
147217,1,0,0,4,0,466089
147218,1,1,0,4,0,466090
147219,1,1,0,4,0,466091
147220,31,1,0,0,466092,0
147221,31,1,0,0,466093,0
147222,1,1,0,0,0,466094
147223,1,0,0,0,0,466095
147224,32,0,0,0,466164,0
147225,1,1,0,0,0,466165
147226,9,1,0,0,466166,0
147227,31,1,0,0,466167,0
147228,31,0,0,0,466168,0
147229,32,0,0,0,466169,0
147230,29,1,0,0,466170,0
147231,1,0,0,0,0,466171
147232,33,0,0,0,466174,0
147233,32,0,0,0,466175,0
147234,1,0,0,0,0,466176
147235,9,0,0,0,466177,0
147236,30,1,0,0,466186,0
147237,1,0,0,0,0,466189
147238,32,0,0,0,466190,0
147239,33,0,0,0,466191,0
147240,3,0,0,0,0,466192
147242,9,0,0,0,466194,0
147244,9,0,0,0,466197,0
147245,9,1,0,0,466198,0
147246,9,1,0,0,466199,0
147247,1,0,0,0,0,466200
147267,1,0,0,0,0,466754
147268,33,0,0,0,466755,0
147271,1,0,0,4,0,466756
147272,32,1,0,0,466757,0
147273,1,1,0,4,0,466759
147274,1,0,0,0,0,466761
147275,32,0,0,0,502960,0
147276,1,0,0,0,0,475877
147277,1,1,0,0,0,466789
147278,1,0,0,0,0,466843
147279,1,1,0,0,0,466844
147280,1,0,0,0,0,466933
147281,1,1,0,0,0,466934
147282,1,1,0,0,0,466941
147283,1,0,0,0,0,466942
147284,1,1,0,0,0,466943
147285,32,0,0,0,466944,0
147286,32,1,0,0,466945,0
147287,1,0,0,0,0,466947
147288,1,1,0,0,0,466948
147289,1,0,0,0,0,466949
147290,32,0,0,0,466950,0
147291,32,1,0,0,466951,0
147292,1,0,0,0,0,466952
147293,1,1,0,0,0,466953
147294,1,0,0,0,0,466965
147295,1,0,0,0,0,466966
147296,1,0,0,0,0,466967
147297,7,1,0,0,0,466968
147298,1,0,0,0,0,466969
147299,32,0,0,0,466970,0
147300,32,1,0,0,466971,0
147301,1,0,0,0,0,466973
147302,1,0,0,0,0,466974
147303,1,0,0,0,0,466979
147304,1,0,0,0,0,466988
147305,1,0,0,0,0,466991
147306,18,0,0,0,466992,0
147307,32,0,0,0,466993,0
147308,32,1,0,0,466994,0
147309,1,1,0,0,0,466995
147310,1,1,0,0,0,467006
147311,1,1,0,0,0,467007
147312,32,0,0,0,467008,0
147313,32,1,0,0,467009,0
147314,1,1,0,0,0,467010
147315,1,1,0,0,0,467011
147316,1,0,0,0,0,467012
147317,1,1,0,0,0,467013
147318,1,0,0,0,0,467014
147319,1,1,0,0,0,467015
147320,1,1,0,0,0,467016
147321,1,0,0,0,0,467017
147322,1,0,0,0,0,467018
147323,1,1,0,0,0,467019
147324,1,1,0,0,0,467020
147325,1,0,0,0,0,467021
147326,1,0,0,0,0,467022
147327,1,1,0,0,0,467023
147328,1,1,0,0,0,467024
147329,1,0,0,0,0,467025
147330,1,0,0,0,0,467026
147331,1,1,0,0,0,467027
147332,1,1,0,0,0,467028
147333,1,0,0,0,0,467029
147334,1,0,0,0,0,467030
147335,1,1,0,0,0,467031
147336,1,1,0,0,0,467032
147337,1,0,0,0,0,467033
147338,1,0,0,0,0,467034
147339,1,1,0,0,0,467035
147340,1,0,0,0,0,467036
147341,1,0,0,0,0,467037
147342,1,1,0,0,0,467038
147343,1,1,0,0,0,467039
147344,1,0,0,0,0,467040
147345,1,1,0,0,0,467041
147346,1,0,0,0,0,467042
147347,18,0,0,0,467043,0
147348,1,0,0,0,0,467044
147349,18,0,0,0,467045,0
147350,1,1,0,0,0,467046
147351,32,1,0,0,467047,0
147352,1,0,0,0,0,467048
147353,1,1,0,0,0,467049
147354,1,0,0,0,0,467050
147355,1,0,0,0,0,467051
147356,1,1,0,0,0,467052
147357,1,1,0,0,0,467053
147358,1,1,0,0,0,467074
147359,1,1,0,0,0,467075
147360,1,0,0,0,0,467076
147361,32,1,0,0,467079,0
147362,18,0,0,0,467080,0
147363,18,0,0,0,467081,0
147364,32,0,0,0,467082,0
147365,33,0,0,0,467086,0
147366,33,0,0,0,467087,0
147367,8,1,0,0,0,467088
147368,18,0,0,0,467089,0
147369,8,1,0,0,0,467090
147370,18,0,0,0,467115,0
147371,1,0,0,0,0,467118
147372,8,1,0,0,0,467119
147373,32,0,0,0,467120,0
147374,1,0,0,0,0,467121
147375,32,0,0,0,467122,0
147376,1,1,0,0,0,467123
147377,32,0,0,0,467124,0
147378,1,0,0,0,0,467125
147379,1,0,0,0,0,467126
147380,32,1,0,0,467127,0
147381,18,0,0,0,467128,0
147382,8,1,0,0,0,467129
147383,32,1,0,0,467130,0
147384,9,1,0,0,467139,0
147385,9,1,0,0,467140,0
147386,9,1,0,0,467141,0
147387,9,0,0,0,467142,0
147388,9,0,0,0,467143,0
147389,9,0,0,0,467144,0
147390,1,1,0,0,0,467145
147391,1,1,0,0,0,467146
147392,1,1,0,0,0,467147
147393,32,0,0,0,467148,0
147394,32,1,0,0,467149,0
147395,1,0,0,0,0,467153
147396,18,0,0,0,467154,0
147397,18,0,0,0,467155,0
147398,8,1,0,0,0,467156
147399,1,0,0,0,0,467162
147400,1,1,0,0,0,467200
147401,1,0,0,0,0,468135
147402,1,1,0,0,0,468137
147403,1,0,0,0,0,468139
147404,1,1,0,0,0,468140
147405,1,1,0,0,0,468148
147406,1,1,0,0,0,468149
147407,1,0,0,0,0,468150
147408,1,1,0,0,0,468151
147409,1,1,0,0,0,468152
147410,1,1,0,0,0,468153
147411,1,0,0,0,0,468154
147412,1,0,0,0,0,468155
147413,1,1,0,0,0,468156
147414,1,1,0,0,0,468157
147415,1,0,0,0,0,468158
147416,1,0,0,0,0,468159
147417,1,0,0,4,0,468160
147418,1,1,0,0,0,468161
147419,1,1,0,0,0,468162
147420,1,0,0,0,0,468163
147421,1,0,0,0,0,468164
147422,1,1,0,0,0,468165
147423,1,1,0,0,0,468166
147424,1,0,0,0,0,468167
147425,1,0,0,0,0,468168
147426,1,0,0,4,0,468172
147427,18,0,0,0,468182,0
147428,8,1,0,0,0,468183
147429,1,1,0,0,0,468184
147430,1,1,0,0,0,468185
147431,1,0,0,0,0,468186
147432,1,0,0,0,0,468187
147433,1,1,0,0,0,468188
147434,1,1,0,0,0,468231
147435,1,0,0,0,0,468232
147436,1,0,0,0,0,468233
147438,1,1,0,0,0,470075
147439,1,0,0,0,0,470095
147440,1,0,0,0,0,470111
147441,1,0,0,0,0,470517
147442,1,1,0,0,0,470518
147443,1,0,0,0,0,470519
147444,1,1,0,0,0,470520
147445,1,0,0,0,0,470521
147446,1,0,0,0,0,470522
147447,1,1,0,0,0,470523
147448,1,0,0,0,0,470524
147449,1,0,0,0,0,470525
147450,32,1,0,0,470530,0
147451,32,1,0,0,470531,0
147452,7,1,0,4,0,470532
147453,34,1,0,0,470533,0
147454,3,0,0,0,0,470594
147455,3,1,0,0,0,470595
147456,8,0,0,0,0,470596
147457,8,1,0,0,0,470597
147458,7,0,0,0,0,470598
147459,7,0,0,0,0,470599
147460,7,1,0,0,0,470600
147461,7,1,0,0,0,470601
147462,7,0,0,0,0,470602
147463,8,0,0,0,0,470603
147464,3,0,0,0,0,470604
147465,9,1,0,0,470605,0
147466,9,0,0,0,470606,0
147467,9,0,0,0,470607,0
147468,9,1,0,0,470608,0
147469,9,1,0,0,470609,0
147470,9,1,0,0,470623,0
147471,9,0,0,0,470624,0
147472,9,1,0,0,470625,0
147473,9,0,0,0,470626,0
147474,9,1,0,0,470627,0
147475,9,0,0,0,470628,0
147476,9,1,0,0,470629,0
147477,9,1,0,0,470630,0
147478,9,0,0,0,470631,0
147479,9,0,0,0,470632,0
147480,9,1,0,0,470633,0
147481,1,0,0,0,0,470634
147482,1,1,0,0,0,470638
147483,34,1,0,1,471869,0
147484,34,0,0,1,471870,0
147485,36,1,0,1,471871,0
147486,36,0,0,1,471872,0
147487,31,0,0,1,471873,0
147488,31,1,0,1,471874,0
147489,32,1,0,1,471875,0
147490,32,0,0,1,471876,0
147491,1,1,0,0,0,471877
147492,1,1,0,0,0,471948
147493,1,1,0,4,0,471879
147494,1,1,0,4,0,471880
147495,1,1,0,0,0,471884
147496,36,0,0,0,471885,0
147497,36,1,0,4,471886,0
147498,34,0,0,0,471887,0
147499,34,1,0,0,471888,0
147501,1,1,0,4,0,471917
147502,32,0,0,0,471946,0
147503,32,0,0,0,471947,0
147504,1,0,0,0,0,472091
147505,1,0,0,0,0,472092
147506,1,0,0,0,0,472093
147507,1,1,0,0,0,472094
147508,1,1,0,0,0,472095
147509,1,1,0,0,0,472096
147510,1,1,0,0,0,472097
147511,1,1,0,0,0,472098
147512,1,0,0,0,0,472099
147513,1,0,0,0,0,472100
147514,36,0,0,0,472147,0
147515,36,1,0,0,472148,0
147516,34,1,0,0,472149,0
147517,34,0,0,0,472150,0
147518,31,0,0,0,472151,0
147519,31,1,0,0,472152,0
147520,31,1,0,0,472153,0
147521,1,1,0,0,0,472172
147522,1,1,0,0,0,472173
147523,1,1,0,0,0,472174
147524,26,1,0,0,472176,0
147525,10,1,0,0,0,472178
147526,1,0,0,0,0,472199
147527,1,0,0,0,0,472209
147528,32,0,0,0,472210,0
147529,1,0,0,0,0,472211
147530,1,0,0,0,0,472212
147531,1,0,0,0,0,472213
147532,1,0,0,0,0,472214
147533,1,1,0,0,0,472241
147534,1,0,0,0,0,472248
147535,1,1,0,0,0,472252
147538,1,1,0,0,0,472378
147539,1,1,0,0,0,472379
147540,1,0,0,0,0,472380
147541,1,0,0,0,0,472381
147542,1,0,0,0,0,472467
147543,1,0,0,0,0,472469
147544,1,0,0,0,0,472568
147545,1,1,0,0,0,473971
147546,1,1,0,0,0,473972
147547,1,1,0,0,0,473973
147548,1,0,0,0,0,473974
147549,1,0,0,0,0,473975
147550,1,1,0,0,0,473976
147551,1,1,0,0,0,473977
147552,1,0,0,0,0,473978
147553,32,0,0,0,473979,0
147554,1,1,0,0,0,473980
147555,1,1,0,0,0,473981
147556,32,1,0,0,474039,0
147557,1,0,0,0,0,474040
147558,1,0,0,0,0,474041
147559,1,1,0,0,0,474042
147560,1,1,0,0,0,474043
147561,32,0,0,0,474044,0
147562,32,1,0,0,474045,0
147563,1,1,0,0,0,474046
147564,1,1,0,0,0,474048
147565,1,0,0,0,0,474050
147566,1,0,0,0,0,474051
147567,1,0,0,4,0,474052
147568,1,0,0,0,0,474053
147569,1,1,0,0,0,474341
147570,1,1,0,0,0,474342
147571,1,1,0,0,0,474343
147572,1,1,0,0,0,474344
147573,33,0,0,0,474353,0
147574,33,0,0,0,474354,0
147575,9,1,0,0,474370,0
147576,9,1,0,0,474395,0
147577,5,1,0,0,0,474406
147579,1,1,0,0,0,474496
147580,1,0,0,0,0,474497
147581,10,0,0,0,0,474498
147582,28,1,0,0,474499,0
147583,29,1,0,0,474500,0
147584,9,0,0,0,474501,0
147585,24,1,0,0,474502,0
147586,1,0,0,0,0,474525
147587,1,1,0,0,0,474526
147588,1,1,0,0,0,474527
147589,1,1,0,0,0,474532
147590,1,1,0,0,0,474791
147591,1,1,0,0,0,474817
147592,1,1,0,0,0,474940
147593,1,0,0,0,0,474941
147594,32,0,0,4,474983,0
147595,5,0,0,0,0,474986
147596,1,1,0,4,0,475030
147598,1,0,0,4,0,475269
147599,1,1,0,4,0,475270
147600,2,1,0,0,0,475271
147601,2,0,0,0,0,475272
147602,1,0,0,0,0,475471
147603,1,0,0,0,0,475472
147604,32,0,0,0,475473,0
147605,32,0,0,0,475474,0
147606,32,0,0,0,475475,0
147607,32,1,0,0,475476,0
147608,4,1,0,0,0,475642
147610,4,1,4,4,0,475646
147611,1,0,0,0,0,475647
147612,32,0,0,0,475819,0
147613,1,0,0,0,0,475820
147614,1,0,0,0,0,475821
147617,1,0,0,4,0,475850
147618,31,1,0,4,475853,0
147619,31,1,0,4,475854,0
147620,31,0,0,0,475855,0
147621,31,0,0,0,475856,0
147622,31,0,0,0,475857,0
147623,31,0,0,0,475858,0
147624,31,0,0,0,475859,0
147625,31,0,0,4,475860,0
147626,31,0,0,4,475861,0
147627,31,1,0,0,475862,0
147628,31,1,0,0,475863,0
147629,33,0,0,0,475876,0
147630,1,1,0,0,0,475878
147631,1,0,0,0,0,475879
147632,1,0,0,0,0,475880
147633,1,1,0,0,0,475881
147634,1,1,0,0,0,475882
147635,1,0,0,0,0,475939
147636,32,0,0,0,475940,0
147637,1,0,0,0,0,475941
147638,1,1,0,0,0,475942
147639,1,0,0,0,0,475943
147640,1,0,0,0,0,475944
147641,1,0,0,0,0,476365
147642,5,0,0,0,0,476366
147643,5,1,0,0,0,476367
147644,5,0,0,0,0,476368
147645,1,0,0,0,0,476544
147646,1,1,0,0,0,476550
147647,32,0,0,0,476594,0
147648,32,0,0,0,476595,0
147649,32,1,0,0,476596,0
147650,32,1,0,0,476597,0
147651,1,0,0,0,0,476600
147652,1,0,0,0,0,476601
147653,1,1,0,0,0,476602
147654,1,1,0,0,0,476603
147655,1,0,0,0,0,476613
147656,1,0,0,0,0,476614
147657,1,1,0,0,0,476615
147658,1,1,0,0,0,476616
147659,6,1,0,0,0,477737
147660,30,1,0,0,477769,0
147661,1,0,0,2,0,477846
147662,1,0,0,4,0,478991
147663,33,0,0,0,478992,0
147664,1,1,0,0,0,478993
147665,1,1,0,0,0,478996
147667,8,1,0,0,0,479065
147668,5,1,0,0,0,479066
147669,5,1,0,0,0,479067
147670,1,1,0,0,0,479068
147671,3,1,0,0,0,479069
147674,7,1,0,0,0,479278
147685,2,0,0,0,0,488311
147686,6,0,0,0,0,488312
147687,1,1,0,0,0,488355
147688,1,0,0,0,0,488356
147689,32,0,0,0,488357,0
147690,31,1,0,0,488358,0
147691,31,1,0,0,488359,0
147692,31,0,0,0,488360,0
147693,33,0,0,0,488372,0
147694,10,0,0,0,0,488374
147695,1,0,0,0,0,488375
147697,32,0,0,0,489673,0
147702,9,0,0,0,489674,0
147703,9,0,0,0,489675,0
147705,7,1,0,0,0,489677
147706,2,0,0,0,0,489678
147707,1,0,0,0,0,489679
147708,5,0,0,0,0,489680
147709,17,0,0,0,489681,0
147710,22,0,0,0,489682,0
147711,4,1,0,0,0,489683
147712,24,0,0,0,489758,0
147713,2,0,0,0,0,489769
147714,34,1,0,0,489771,0
147715,13,1,0,0,489775,0
147717,31,1,0,0,489777,0
147718,1,0,0,0,0,489780
147719,9,0,0,0,490512,0
147720,1,1,0,0,0,514745
147721,9,0,0,0,490551,0
147722,9,0,0,0,490615,0
147723,32,0,0,0,490689,0
147724,32,0,0,0,490690,0
147725,32,0,0,0,490691,0
147726,32,0,0,0,490692,0
147727,32,0,0,0,490693,0
147728,32,0,0,0,490694,0
147729,32,0,0,0,490695,0
147730,32,0,0,0,490714,0
147731,32,0,0,0,490715,0
147732,13,1,0,0,491372,0
147733,13,1,0,0,491373,0
147736,13,1,0,0,491374,0
147737,13,1,0,0,491375,0
147738,13,0,0,0,491376,0
147739,13,0,0,0,491377,0
147740,13,0,0,0,491378,0
147741,13,0,0,0,491379,0
147742,3,1,6,0,0,491391
147743,34,1,3,0,491392,0
147744,10,1,0,0,0,491393
147745,4,1,0,0,0,491394
147746,34,0,10,0,491396,0
147747,2,0,6,0,0,491397
147748,36,0,3,0,491408,0
147749,2,1,0,0,0,491409
147750,2,1,0,0,0,491410
147756,36,1,10,5,491411,0
147757,10,1,0,4,0,491415
147758,1,0,0,0,0,491420
147759,4,1,0,0,0,491424
147760,5,0,0,0,0,491425
147761,5,0,0,0,0,491426
147762,4,1,0,0,0,491427
147764,1,0,0,0,0,491429
147767,5,0,0,0,0,491432
147768,5,0,0,0,0,491433
147769,2,0,0,0,0,491434
147770,2,0,0,0,0,491435
147771,2,1,0,0,0,491436
147772,1,0,0,0,0,491437
147774,5,0,0,0,0,491439
147775,5,0,0,0,0,491440
147776,5,0,0,0,0,491441
147777,5,0,0,0,0,491442
147778,9,1,0,0,491443,0
147779,1,0,0,0,0,491444
147780,9,0,6,0,491445,0
147781,1,0,0,0,0,491446
147783,2,0,0,0,0,491880
147784,5,0,0,0,0,491956
147785,4,0,0,0,0,491957
147786,4,0,0,0,0,491958
147787,4,0,0,0,0,491959
147788,4,0,0,0,0,491960
147796,4,1,11,0,0,491961
147797,5,1,0,0,0,492046
147798,5,1,0,0,0,492047
147799,5,1,0,0,0,492057
147800,5,1,0,0,0,492058
147801,5,0,0,0,0,492059
147802,4,1,6,0,0,492180
147803,10,1,0,0,0,492213
147804,10,0,0,0,0,492355
147805,10,0,0,0,0,492356
147806,10,0,0,0,0,492357
147807,5,0,0,0,0,493819
147808,10,0,0,0,0,493820
147809,10,0,0,0,0,493829
147810,10,0,0,0,0,493830
147811,10,0,0,0,0,493831
147812,10,0,0,0,0,493832
147813,10,0,0,0,0,493835
147814,10,0,0,0,0,493854
147815,10,1,0,0,0,496996
147816,10,1,0,0,0,496997
147817,10,0,0,0,0,497002
147818,10,1,0,0,0,497003
147819,10,1,0,0,0,497004
147820,10,0,0,0,0,497005
147821,10,0,0,0,0,497014
147822,10,1,0,0,0,497015
147823,10,1,0,0,0,498432
147824,10,1,0,0,0,498433
147825,4,0,0,0,0,498434
147829,11,1,0,0,0,498656
147831,6,0,0,0,0,498658
147832,2,1,0,0,0,498659
147833,2,0,0,0,0,498660
147834,2,0,0,0,0,498662
147835,27,1,0,0,498663,0
147836,6,1,0,0,0,498664
147837,6,1,0,0,0,498665
147838,6,0,0,0,0,498666
147839,6,0,0,0,0,498667
147840,8,0,0,0,0,498668
147841,8,0,0,0,0,498669
147842,8,1,0,0,0,498670
147843,8,1,0,0,0,498671
147844,31,0,0,0,498672,0
147845,31,0,0,0,498673,0
147846,31,1,0,0,498677,0
147847,31,1,0,0,498680,0
147850,27,1,0,0,498734,0
147851,27,1,0,0,498735,0
147852,27,0,0,0,498736,0
147853,27,0,0,0,498737,0
147854,7,0,0,0,0,498739
147856,10,1,0,0,0,498741
147857,10,1,0,0,0,498742
147858,10,0,0,0,0,498743
147859,10,0,0,0,0,498744
147861,4,1,0,0,0,498815
147862,4,1,0,0,0,498816
147863,2,0,0,0,0,498850
147864,10,1,0,0,0,498851
147865,10,0,0,0,0,498852
147866,10,0,0,0,0,498866
147867,10,1,0,0,0,498867
147868,9,0,6,0,498868,0
147869,27,1,0,0,498869,0
147870,27,1,0,0,498872,0
147871,3,0,0,0,0,498874
147872,4,1,12,0,0,498875
147873,9,0,0,0,498900,0
147874,9,0,0,0,498902,0
147875,9,0,0,0,498903,0
147876,9,1,0,0,498904,0
147877,9,1,0,0,498905,0
147878,2,0,0,0,0,498906
147879,2,0,0,0,0,498907
147880,2,1,0,0,0,498908
147881,2,1,0,0,0,498909
147883,4,1,0,0,0,498913
147884,5,0,0,0,0,498914
147885,5,0,0,0,0,498915
147886,5,1,0,0,0,498916
147887,5,1,0,0,0,498917
147888,9,1,0,0,498928,0
147889,5,1,0,0,0,499020
147890,36,1,0,0,522236,0
147891,10,0,0,0,0,499022
147892,5,1,0,0,0,499023
147893,32,0,0,0,505749,0
147894,11,1,0,0,0,499025
147895,2,0,0,0,0,499026
147896,9,0,0,0,499029,0
147897,1,1,0,0,0,499032
147898,32,1,0,0,499033,0
147899,22,0,6,0,499035,0
147900,9,0,0,0,499036,0
147901,9,1,0,0,499037,0
147902,27,1,0,0,499038,0
147903,31,0,0,0,499083,0
147904,6,0,0,0,0,499097
147905,8,0,0,0,0,499248
147906,27,1,0,5,499249,0
147907,32,1,0,0,499252,0
147908,4,0,0,0,0,499253
147909,29,1,5,0,499254,0
147910,22,0,0,0,499258,0
147911,32,0,0,0,499259,0
147912,22,0,6,0,499260,0
147913,22,0,0,0,499261,0
147914,22,0,0,0,499422,0
147915,4,1,0,0,0,659171
147916,2,1,0,0,0,499424
147917,2,0,0,0,0,499425
147918,2,0,0,0,0,499426
147919,7,0,0,0,0,499563
147920,10,1,0,0,0,499564
147921,10,1,0,0,0,499565
147922,10,1,0,4,0,499566
147923,22,0,0,0,499567,0
147924,22,0,0,0,499568,0
147925,10,0,0,0,0,499569
147926,2,1,0,0,0,499594
147927,5,0,0,0,0,499598
147928,1,0,0,0,0,499599
147929,22,1,0,0,499600,0
147930,22,1,0,0,499601,0
147931,22,1,0,0,499602,0
147932,22,1,0,0,499603,0
147933,2,0,0,0,0,499650
147934,7,0,0,0,0,499658
147935,7,1,0,0,0,499659
147936,34,0,0,0,499660,0
147937,34,1,0,0,499661,0
147938,1,0,0,0,0,499662
147939,1,1,0,0,0,499663
147940,9,0,0,4,499696,0
147941,6,0,0,4,0,499697
147942,4,1,0,0,0,499698
147943,22,0,0,0,499727,0
147944,9,0,0,0,499728,0
147945,5,0,0,0,0,499729
147946,5,0,0,0,0,499730
147947,9,0,0,0,499739,0
147948,9,1,0,0,499740,0
147949,9,1,0,0,499741,0
147952,35,0,0,0,499748,0
147953,9,1,0,0,499885,0
147954,4,0,0,0,0,500086
147956,6,0,0,0,0,500097
147958,32,0,0,0,500100,0
147961,31,1,0,0,500103,0
147963,9,1,0,0,500105,0
147964,1,0,0,0,0,500216
147965,9,0,0,0,500265,0
147966,10,1,0,0,0,500266
147967,10,1,0,0,0,500267
147968,10,1,0,0,0,500268
147969,1,1,0,0,0,500269
147970,10,1,0,0,0,500270
147971,10,0,0,0,0,500271
147972,10,0,0,0,0,500272
147973,10,0,0,0,0,500273
147974,10,0,0,0,0,500274
147975,1,0,0,0,0,500275
147976,36,1,0,0,500339,0
147977,10,0,0,0,0,500354
147978,2,0,0,0,0,505789
147979,5,0,0,0,0,500788
147980,34,0,0,0,501073,0
147982,1,0,0,0,0,502787
147983,1,0,0,0,0,502788
147984,1,1,0,0,0,502789
147985,1,1,0,0,0,502790
147986,3,0,0,0,0,502791
147987,3,0,0,0,0,502792
147988,3,1,0,0,0,502793
147989,3,1,0,0,0,502794
147990,22,0,0,0,502795,0
147991,22,0,0,0,502796,0
147992,22,1,0,0,502797,0
147993,22,1,0,0,502798,0
147994,32,0,0,0,502799,0
147995,32,0,0,0,502800,0
147996,32,1,0,0,502801,0
147997,32,1,0,0,502802,0
147998,22,0,0,0,502852,0
147999,3,0,0,0,0,502853
148000,10,1,0,0,0,502854
148001,4,1,0,0,0,502855
148002,4,0,0,0,0,502856
148003,27,0,0,0,502857,0
148004,1,1,0,0,0,502858
148005,3,0,0,0,0,502859
148006,3,0,0,0,0,502860
148007,9,0,0,0,502861,0
148008,7,1,0,0,0,502875
148009,7,0,0,0,0,502889
148010,4,0,0,0,0,502890
148011,4,0,0,0,0,502891
148012,4,1,0,0,0,502892
148013,4,1,0,0,0,502893
148014,7,0,0,0,0,502894
148015,7,0,0,0,0,502895
148016,7,1,0,0,0,502896
148017,7,1,0,0,0,502897
148018,29,0,0,0,502898,0
148019,29,0,0,0,502899,0
148020,29,1,0,0,502900,0
148021,29,1,0,0,502901,0
148022,1,0,0,0,0,502904
148023,1,1,0,0,0,502955
148024,1,0,0,0,0,502956
148025,1,1,0,0,0,502959
148026,36,0,0,1,503470,0
148027,11,0,0,0,0,503471
148028,11,0,0,0,0,503472
148029,11,1,0,0,0,503473
148030,11,1,0,0,0,503474
148031,1,0,0,0,0,503476
148032,1,0,0,0,0,503477
148033,1,1,0,0,0,503478
148034,1,1,0,0,0,503479
148035,11,0,0,0,0,503480
148036,11,0,0,0,0,503481
148037,11,1,0,0,0,503482
148038,11,1,0,0,0,503483
148039,7,0,0,0,0,503488
148040,7,0,0,0,0,503489
148041,7,1,0,0,0,503490
148042,7,1,0,0,0,503491
148043,30,0,0,0,503492,0
148044,30,0,0,0,503493,0
148045,30,1,0,0,503494,0
148046,30,1,0,0,503495,0
148047,1,0,1,0,0,503496
148048,2,0,1,0,0,503497
148049,1,0,0,0,0,503498
148050,22,0,0,0,503499,0
148051,1,1,0,0,0,503500
148052,22,1,0,0,503501,0
148053,1,0,0,0,0,503502
148054,22,0,0,0,503503,0
148055,2,1,0,0,0,503504
148056,1,0,0,0,0,503505
148057,1,0,0,0,0,503506
148058,22,0,0,0,503507,0
148059,22,0,0,0,503508,0
148061,2,1,0,0,0,503608
148062,33,0,0,0,503609,0
148063,34,1,0,0,503612,0
148064,34,0,0,0,503613,0
148065,2,1,0,0,0,503656
148066,9,0,0,0,503677,0
148067,22,1,0,0,503678,0
148068,3,0,0,0,0,503679
148069,4,1,0,0,0,503680
148070,4,1,6,0,0,503681
148071,22,0,0,0,503732,0
148072,22,1,0,0,503733,0
148073,22,0,0,0,503735,0
148074,5,0,0,0,0,503872
148075,4,0,0,0,0,503873
148076,4,0,0,0,0,503880
148077,31,0,0,0,504141,0
148078,7,1,0,0,0,504303
148079,32,1,0,4,504304,0
148080,1,0,0,4,0,504306
148081,1,1,0,0,0,505371
148082,10,1,0,0,0,505372
148083,10,1,0,0,0,505373
148084,10,0,0,0,0,505374
148085,10,1,0,0,0,505375
148086,2,0,0,0,0,505415
148087,7,0,0,0,0,505416
148088,4,0,0,0,0,505761
148089,9,0,0,0,505774,0
148090,9,0,0,0,505950,0
148091,5,0,0,0,0,506009
148092,5,0,0,0,0,506010
148093,1,0,0,0,0,506167
148094,1,1,0,0,0,506168
148095,1,0,0,0,0,506169
148096,29,0,0,0,507749,0
148097,29,1,0,0,507748,0
148098,3,0,0,0,0,507750
148099,7,1,0,0,0,507752
148100,10,0,0,0,0,511353
148101,10,1,0,0,0,511354
148102,1,1,0,0,0,511846
148103,1,1,0,0,0,512490
148104,1,0,0,0,0,512491
148105,1,0,0,0,0,512492
148106,4,1,0,0,0,512725
148107,4,0,0,0,0,512726
148108,4,1,0,0,0,512727
148109,4,0,0,0,0,512728
148110,4,1,0,0,0,512729
148111,4,0,0,0,0,512730
148112,5,0,0,0,0,512731
148113,5,1,0,0,0,512732
148114,5,0,0,0,0,512733
148115,5,1,0,0,0,512734
148116,5,0,0,0,0,512735
148117,5,1,0,0,0,512736
148118,31,0,0,0,512750,0
148119,31,1,0,0,512751,0
148120,31,1,0,0,512752,0
148121,31,0,0,0,512753,0
148122,25,1,10,0,513111,0
148123,26,0,4,0,513120,0
148124,4,1,0,0,0,513225
148126,4,1,0,0,0,513254
148127,4,0,0,0,0,513255
148128,4,1,0,0,0,513256
148129,4,0,0,0,0,513257
148130,1,0,0,0,0,513258
148131,1,0,0,0,0,513259
148132,13,0,0,0,513269,0
148133,13,0,0,0,513270,0
148134,2,0,0,0,0,513271
148135,4,1,0,0,0,513272
148138,32,0,0,0,513278,0
148139,5,0,0,0,0,513279
148140,5,0,0,0,0,513280
148141,5,1,0,0,0,513281
148142,4,1,11,0,0,513282
148143,4,0,0,0,0,513283
148144,1,1,0,0,0,513526
148146,33,0,0,0,513557,0
148147,32,1,0,0,513560,0
148148,32,0,0,0,513561,0
148149,31,0,0,0,513563,0
148150,4,1,0,0,0,513565
148151,4,1,0,0,0,513566
148152,4,0,0,0,0,513567
148153,4,0,0,0,0,513568
148154,24,1,0,0,513569,0
148155,4,1,0,0,0,513570
148156,4,0,0,0,0,513571
148157,33,0,0,0,513572,0
148158,31,0,0,0,513573,0
148159,32,0,0,0,513574,0
148160,4,0,0,0,0,513575
148161,32,1,0,0,513576,0
148162,32,0,0,0,513673,0
148163,24,0,0,0,513674,0
148167,24,0,0,0,513703,0
148168,24,1,0,0,513704,0
148169,24,1,0,0,513705,0
148170,11,0,0,0,0,513707
148171,11,0,0,0,0,513716
148172,11,1,0,0,0,513731
148173,11,1,0,0,0,513740
148174,1,0,0,0,0,513775
148175,1,0,0,0,0,513788
148176,1,1,0,0,0,513789
148177,1,1,0,0,0,513790
148178,4,1,0,0,0,513791
148179,4,1,0,0,0,513816
148180,37,0,0,0,624425,0
148181,10,0,0,0,0,513847
148182,10,0,0,0,0,513848
148183,10,1,0,0,0,513849
148184,10,1,0,0,0,513850
148185,29,1,0,0,513870,0
148186,10,0,0,0,0,513875
148187,32,0,0,0,514020,0
148188,10,0,0,0,0,514067
148189,10,1,0,0,0,514068
148190,10,0,6,0,0,514069
148191,10,1,6,0,0,514070
148192,22,0,0,0,514160,0
148193,22,0,0,0,514161,0
148194,22,0,0,0,514162,0
148195,1,0,0,0,0,514168
148196,10,0,0,0,0,514169
148197,10,1,0,0,0,514170
148198,10,1,0,0,0,514171
148199,8,0,0,0,0,514172
148200,8,0,0,0,0,514173
148201,8,1,0,0,0,514174
148202,8,1,0,0,0,514175
148203,5,0,0,0,0,514176
148204,5,0,0,0,0,514177
148205,5,1,0,0,0,514178
148206,5,1,0,0,0,514179
148209,22,1,0,0,514279,0
148210,1,1,0,0,0,514542
148211,1,0,0,0,0,514543
148212,1,1,0,0,0,514556
148213,1,0,0,0,0,514557
148214,1,1,0,0,0,514558
148215,1,0,0,0,0,514559
148216,1,1,0,0,0,514560
148217,1,0,0,0,0,514561
148218,1,1,0,0,0,514580
148219,10,0,0,0,0,514581
148220,1,0,0,0,0,514744
148221,7,0,0,0,0,514746
148222,1,0,0,0,0,514747
148223,29,1,0,0,514748,0
148224,26,1,0,1,515024,0
148225,7,0,0,0,0,515025
148226,3,0,0,0,0,515026
148227,22,1,0,0,515027,0
148228,22,1,0,0,515028,0
148229,19,0,0,0,515049,0
148230,19,0,0,0,515050,0
148231,1,0,0,0,0,515051
148232,19,0,0,0,515072,0
148233,19,0,0,0,515073,0
148234,6,1,0,0,0,515074
148235,6,1,0,0,0,515075
148236,19,0,0,0,515076,0
148237,19,0,0,0,515077,0
148238,6,1,0,0,0,515078
148239,6,1,0,0,0,515079
148240,19,0,0,0,515080,0
148241,19,0,0,0,515081,0
148242,6,1,0,0,0,515082
148243,19,0,0,0,515083,0
148244,6,1,0,0,0,515084
148246,6,1,0,0,0,515086
148249,2,0,0,0,0,515089
148252,9,1,0,0,515101,0
148253,8,0,0,0,0,515102
148259,20,0,0,0,515377,0
148260,32,1,0,0,515378,0
148261,9,0,0,0,515380,0
148270,26,0,0,1,515423,0
148271,26,0,0,1,515424,0
148272,26,0,0,1,515425,0
148273,26,1,0,1,515426,0
148274,26,1,0,1,515427,0
148275,26,1,0,1,515428,0
148278,1,0,0,0,0,515449
148279,7,0,0,0,0,515452
148280,1,0,0,0,0,515453
148281,1,1,0,0,0,515454
148282,32,0,0,0,515469,0
148283,1,1,0,0,0,515482
148284,1,1,0,0,0,515483
148285,2,0,0,0,0,515484
148286,9,1,0,0,515485,0
148287,3,1,6,0,0,515486
148288,1,1,0,0,0,515487
148289,1,0,0,0,0,515488
148290,1,0,0,0,0,515489
148291,2,0,0,0,0,515490
148292,2,1,0,0,0,515491
148293,2,1,0,0,0,515492
148294,7,0,0,0,0,515493
148295,3,0,0,0,0,515494
148296,8,1,0,0,0,515502
148297,10,0,0,0,0,515503
148298,2,0,0,0,0,515504
148299,3,0,0,0,0,515505
148300,3,1,0,0,0,515506
148301,3,1,0,0,0,515507
148302,11,0,0,0,0,515508
148303,11,0,0,0,0,515509
148304,5,0,0,0,0,515511
148308,11,1,0,0,0,515541
148309,11,1,0,0,0,515546
148310,1,1,0,0,0,515547
148311,22,0,0,0,515548,0
148312,22,0,0,0,515549,0
148313,22,1,0,0,515550,0
148314,22,1,0,0,515551,0
148315,32,0,0,4,515604,0
148316,7,0,0,0,0,515605
148317,7,1,0,0,0,515606
148318,8,0,0,0,0,515895
148319,8,0,0,0,0,515896
148320,8,1,0,0,0,515897
148321,8,1,0,0,0,515898
148322,28,0,0,0,515969,0
148323,28,0,0,0,515976,0
148324,28,1,0,0,515989,0
148325,28,1,0,0,515995,0
148326,32,0,0,0,516697,0
148327,32,0,0,4,516700,0
148328,1,0,0,0,0,516701
148331,9,0,0,0,517010,0
148332,26,1,0,0,517043,0
148333,27,0,0,0,517044,0
148334,31,0,0,0,517070,0
148335,31,0,0,0,517107,0
148336,31,1,0,0,517108,0
148337,31,1,0,0,517109,0
148339,31,1,0,0,517167,0
148342,31,0,0,0,517173,0
148343,31,1,0,0,517174,0
148344,8,0,0,0,0,517175
148345,13,1,0,0,517176,0
148347,1,1,4,4,0,517178
148350,29,0,0,0,519617,0
148351,29,0,0,0,519618,0
148352,29,0,0,0,519619,0
148353,29,0,0,0,519620,0
148354,29,1,0,0,519621,0
148355,29,1,0,0,519622,0
148356,29,1,0,0,519623,0
148357,29,1,0,0,519624,0
148358,34,0,0,0,519625,0
148359,34,0,0,0,519626,0
148360,34,0,0,0,519627,0
148361,34,0,0,0,519628,0
148362,34,1,0,0,519629,0
148366,2,1,0,0,0,519633
148367,1,1,4,4,0,519634
148368,1,0,4,4,0,519635
148369,1,0,4,4,0,519636
148370,8,0,0,0,0,519639
148375,8,0,0,0,0,519644
148376,8,1,0,0,0,519645
148378,8,1,0,0,0,519647
148379,8,0,0,0,0,519648
148380,8,0,0,0,0,519649
148381,8,1,0,0,0,519650
148382,8,1,0,0,0,519651
148384,8,0,0,0,0,519653
148385,8,0,0,0,0,519654
148386,8,1,0,0,0,519655
148387,8,1,0,0,0,519656
148388,31,0,0,0,519657,0
148389,31,1,0,0,519658,0
148391,33,0,0,0,519660,0
148392,6,0,0,0,0,519661
148393,6,1,0,0,0,519662
148394,2,0,0,0,0,519663
148395,2,1,0,0,0,519685
148396,8,0,0,0,0,519686
148397,4,0,0,0,0,519687
148398,4,0,0,0,0,519688
148399,35,0,0,0,519689,0
148400,1,1,4,4,0,519690
148401,6,0,1,0,0,519691
148402,31,1,0,0,519693,0
148405,32,1,0,0,519940,0
148406,7,1,0,0,0,519955
148407,2,1,0,0,0,519956
148412,1,0,0,0,0,519976
148413,1,1,0,0,0,519978
148414,1,0,0,0,0,520113
148415,9,0,0,0,520114,0
148416,33,0,0,0,520115,0
148423,29,0,0,0,520201,0
148424,34,0,0,0,520202,0
148425,31,0,0,0,520205,0
148426,1,1,0,0,0,520206
148427,1,0,0,0,0,520207
148428,1,0,0,0,0,520208
148429,1,1,0,0,0,520209
148430,1,1,0,0,0,520210
148431,4,0,0,0,0,520211
148432,4,0,0,0,0,520212
148433,4,1,0,0,0,520213
148434,4,1,0,0,0,520214
148435,32,0,0,0,520215,0
148436,32,0,0,0,520216,0
148437,32,1,0,0,520217,0
148438,32,1,0,0,520218,0
148439,8,1,0,0,0,520219
148440,1,0,1,0,0,520230
148441,8,0,0,0,0,520320
148442,11,1,0,0,0,520323
148443,11,0,0,0,0,520324
148445,25,1,0,0,520326,0
148446,3,0,0,0,0,520327
148447,1,1,0,0,0,520330
148448,1,0,0,0,0,520331
148449,32,1,0,0,520474,0
148450,32,0,0,0,520471,0
148451,32,1,0,0,520472,0
148452,4,1,0,0,0,520518
148453,4,0,0,0,0,520519
148454,7,1,0,0,0,520520
148455,7,0,0,0,0,520521
148456,2,0,0,0,0,521031
148457,2,0,0,0,0,521032
148458,2,1,0,0,0,521033
148459,2,1,0,0,0,521034
148460,10,0,0,0,0,521035
148461,10,0,0,0,0,521036
148462,2,0,0,0,0,521037
148463,10,0,0,0,0,521038
148464,10,1,0,0,0,521039
148465,10,1,0,0,0,521040
148466,10,0,0,0,0,521041
148467,31,1,0,0,521143,0
148468,31,0,0,0,521144,0
148469,1,0,0,0,0,521150
148470,29,1,8,0,521157,0
148471,1,1,8,0,0,521158
148472,1,0,8,0,0,521159
148473,7,0,8,0,0,521160
148474,4,0,8,0,0,521161
148475,4,1,8,0,0,521162
148476,9,0,0,0,521163,0
148477,7,0,0,0,0,521164
148478,9,1,0,0,521165,0
148479,1,0,0,0,0,521166
148480,1,1,8,0,0,521167
148481,1,1,0,0,0,521168
148482,22,0,0,0,521171,0
148483,10,0,0,0,0,521170
148484,2,1,0,0,0,521172
148485,7,1,0,0,0,521173
148486,7,0,0,0,0,521174
148487,9,0,0,0,521568,0
148488,29,0,8,0,521748,0
148489,7,1,0,0,0,521749
148490,31,0,0,0,521756,0
148491,31,1,0,0,521757,0
148492,3,0,0,0,0,521767
148495,3,0,0,0,0,521826
148496,4,1,0,0,0,521835
148497,9,0,0,0,521836,0
148498,1,0,0,0,0,521837
148499,9,0,0,0,521838,0
148500,9,1,0,0,521839,0
148501,22,1,0,0,521840,0
148502,9,1,0,0,521841,0
148503,9,0,0,0,521842,0
148504,1,0,0,0,0,521843
148505,1,1,0,0,0,521844
148506,9,1,0,0,521845,0
148507,1,1,0,0,0,521846
148508,22,0,0,0,521847,0
148509,22,0,0,0,521848,0
148510,22,1,0,0,521849,0
148512,22,1,0,0,521851,0
148514,4,0,0,0,0,521853
148515,4,0,0,0,0,521854
148516,4,1,0,0,0,521855
148517,4,1,0,0,0,521856
148518,32,0,0,0,521857,0
148519,32,0,0,0,521858,0
148520,32,1,0,0,521859,0
148521,32,1,0,0,521860,0
148522,32,1,0,0,521861,0
148523,7,1,0,0,0,521863
148524,1,0,0,0,0,521864
148529,31,0,0,0,521954,0
148530,5,0,0,0,0,521955
148531,5,1,0,0,0,521956
148532,4,1,6,0,0,521957
148543,9,1,0,0,521968,0
148565,4,1,0,0,0,521992
148566,4,1,0,0,0,521993
148567,4,0,0,0,0,521994
148568,4,0,0,0,0,521995
148569,4,0,0,0,0,521997
148570,9,0,0,0,521998,0
148573,31,1,0,0,522001,0
148574,31,0,0,0,522002,0
148575,31,0,0,0,522003,0
148576,9,0,0,0,522004,0
148577,32,1,0,0,522114,0
148578,32,1,0,0,522115,0
148579,2,0,0,0,0,522116
148580,22,1,0,0,522117,0
148581,7,0,0,0,0,522118
148582,9,0,0,0,522119,0
148583,7,1,0,0,0,522120
148584,32,1,0,0,522121,0
148585,32,0,0,0,522122,0
148586,10,0,0,0,0,522233
148587,10,1,0,0,0,522234
148588,5,1,0,0,0,522395
148589,5,1,0,0,0,522417
148590,31,1,0,0,522418,0
148591,5,1,0,0,0,522419
148592,6,1,0,0,0,522424
148593,8,0,0,0,0,522425
148594,31,0,0,0,522426,0
148595,1,0,0,0,0,522427
148596,1,0,0,0,0,522428
148597,2,0,0,0,0,522429
148598,1,1,0,0,0,522430
148599,1,1,0,0,0,522434
148600,32,0,0,0,522435,0
148601,32,0,0,0,522436,0
148602,32,1,0,0,522437,0
148603,32,1,0,0,522438,0
148604,11,0,0,0,0,522439
148605,11,0,0,0,0,522440
148606,11,1,0,0,0,522441
148607,11,1,0,0,0,522442
148608,7,0,0,0,0,522619
148609,3,0,0,0,0,522620
148610,7,1,0,0,0,522621
148611,32,0,0,0,522705,0
148612,7,0,0,0,0,522706
148617,3,0,0,0,0,522763
148618,11,0,0,0,0,522764
148619,11,0,0,0,0,522765
148620,11,1,0,0,0,522766
148621,11,1,0,0,0,522767
148622,30,0,0,0,522768,0
148623,30,0,0,0,522769,0
148624,30,1,0,0,522770,0
148625,30,1,0,0,522771,0
148626,3,0,0,0,0,522772
148627,3,0,0,0,0,522773
148628,3,1,0,0,0,522774
148629,3,1,0,0,0,522775
148630,31,0,0,0,522776,0
148631,11,0,0,0,0,522777
148632,11,1,0,0,0,522778
148633,30,0,0,0,522779,0
148634,30,1,0,0,522780,0
148635,1,0,0,0,0,522781
148636,1,1,0,0,0,522782
148637,32,0,0,0,522783,0
148638,32,1,0,0,522784,0
148640,30,0,0,0,523201,0
148641,4,1,0,0,0,523289
148642,11,0,0,0,0,523292
148643,1,0,0,0,0,523333
148648,31,1,0,0,523484,0
148649,31,1,0,0,523485,0
148650,9,0,0,0,525411,0
148651,2,0,0,0,0,525412
148652,9,0,0,0,525418,0
148653,8,0,0,0,0,525512
148654,2,1,0,0,0,525690
148655,4,1,0,0,0,525706
148657,2,0,0,0,0,525752
148658,9,1,0,0,526191,0
148659,2,0,0,0,0,526265
148660,5,0,0,0,0,526266
148662,10,1,0,0,0,526410
148663,5,1,0,0,0,526443
148664,1,0,0,0,0,526452
148665,1,1,0,0,0,526453
148666,34,0,0,0,526454,0
148667,34,1,0,0,526455,0
148668,7,0,0,0,0,526456
148669,7,1,0,0,0,526457
148670,5,0,0,0,0,526458
148671,10,0,0,0,0,526460
148672,5,1,0,0,0,526462
148673,1,0,0,0,0,526463
148674,1,0,0,0,0,526464
148675,1,1,0,0,0,526465
148676,1,1,0,0,0,526466
148677,34,0,0,0,526467,0
148678,34,0,0,0,526468,0
148679,34,1,0,0,526469,0
148680,34,1,0,0,526470,0
148681,11,0,0,0,0,526471
148682,11,0,0,0,0,526472
148683,11,1,0,0,0,526473
148684,11,1,0,0,0,526474
148685,11,0,0,0,0,526475
148686,11,0,0,0,0,526476
148687,11,1,0,0,0,526477
148688,11,1,0,0,0,526478
148689,34,0,0,0,526479,0
148690,34,0,0,0,526480,0
148691,34,1,0,0,526481,0
148692,34,1,0,0,526482,0
148693,5,1,0,0,0,526483
148694,5,0,0,0,0,526484
148695,5,0,0,0,0,526485
148696,10,1,6,0,0,526543
148697,10,1,0,0,0,526544
148698,3,0,0,0,0,526545
148700,8,0,0,0,0,526591
148701,8,0,0,0,0,526592
148702,8,1,0,0,0,526593
148703,9,0,0,0,526595,0
148705,9,1,0,0,526597,0
148707,5,0,0,0,0,526599
148708,5,1,0,0,0,526600
148709,8,0,0,0,0,526601
148710,8,1,0,0,0,526602
148711,10,0,0,0,0,526603
148712,10,1,0,0,0,526604
148713,6,0,0,4,0,526613
148714,5,0,0,0,0,526616
148715,1,1,0,0,0,526617
148716,31,1,0,0,526726,0
148717,27,0,0,0,526749,0
148718,11,0,0,0,0,527025
148719,36,1,0,0,527037,0
148720,1,0,0,0,0,527157
148721,3,0,0,0,0,527158
148722,29,1,0,0,527160,0
148723,26,0,0,0,527161,0
148724,4,0,0,0,0,527162
148725,26,1,0,0,527163,0
148726,8,0,0,0,0,527164
148727,2,0,0,0,0,527165
148728,27,1,0,0,527166,0
148729,8,0,0,0,0,527167
148730,7,0,0,0,0,527168
148731,8,0,0,0,0,527191
148732,2,1,0,0,0,527192
148733,27,1,0,0,527195,0
148734,27,0,0,0,527196,0
148735,7,0,0,0,0,527197
148736,2,0,0,0,0,527203
148737,9,1,0,0,527204,0
148741,22,0,0,0,527849,0
148742,10,0,0,0,0,527850
148743,7,1,0,0,0,528420
148744,32,1,0,0,528875,0
148745,33,0,0,0,528876,0
148746,9,0,0,0,528877,0
148747,9,0,0,0,528878,0
148748,9,1,0,0,528879,0
148749,9,1,0,0,528880,0
148750,5,1,0,0,0,529090
148751,32,1,0,0,529091,0
148752,32,1,0,0,529092,0
148753,31,1,0,0,529125,0
148754,2,1,0,0,0,529126
148755,3,1,0,0,0,529143
148756,32,0,0,0,529144,0
148757,31,0,0,0,529162,0
148758,31,1,0,0,529167,0
148760,35,0,0,0,529190,0
148761,10,0,4,0,0,529227
148762,6,0,0,0,0,529351
148763,5,0,0,0,0,529352
148764,5,1,0,0,0,529353
148765,6,1,0,0,0,529354
148766,25,0,0,0,529355,0
148767,10,1,0,0,0,529356
148768,1,0,8,0,0,529381
148769,3,0,0,0,0,529382
148770,3,0,0,0,0,529383
148771,3,1,0,0,0,529384
148772,3,1,0,0,0,529385
148773,11,1,0,0,0,529386
148774,7,1,8,0,0,529387
148775,22,0,0,0,529388,0
148776,29,0,0,0,529389,0
148777,6,0,0,0,0,529390
148778,10,0,0,0,0,529391
148779,4,1,0,0,0,529394
148780,4,0,0,0,0,529416
148781,7,0,0,0,0,530288
148782,7,0,0,0,0,530289
148783,7,1,0,0,0,530290
148784,7,0,0,0,0,530408
148785,7,0,0,0,0,530438
148786,7,1,0,0,0,530441
148787,7,1,0,0,0,530455
148788,9,1,0,0,530665,0
148789,9,1,0,0,530666,0
148790,5,0,0,0,0,530667
148791,10,0,0,0,0,530754
148792,10,0,0,0,0,530767
148793,10,1,0,0,0,530772
148794,10,1,0,0,0,530773
148795,4,1,0,0,0,530820
148796,7,1,0,0,0,530855
148797,25,1,0,0,530856,0
148798,25,0,0,0,530857,0
148799,2,1,0,0,0,530858
148800,2,0,0,0,0,530859
148801,9,1,0,0,530861,0
148802,1,0,0,0,0,531164
148803,2,0,0,0,0,531207
148804,8,1,0,0,0,531208
148805,5,0,0,0,0,531209
148806,10,1,0,0,0,531210
148807,6,0,6,0,0,531211
148808,8,0,0,0,0,531212
148809,2,1,0,0,0,531213
148810,5,1,0,0,0,531214
148812,4,1,5,0,0,532201
148813,4,1,5,0,0,532202
148814,4,1,5,0,0,532203
148815,4,1,5,0,0,532204
148816,1,1,0,4,0,532205
148817,25,0,0,0,532206,0
148818,25,0,0,0,532207,0
148819,25,1,0,0,532208,0
148820,25,1,0,0,532209,0
148821,1,0,0,0,0,532210
148822,1,0,0,0,0,532211
148823,1,1,0,0,0,532212
148824,1,1,0,0,0,532213
148825,29,1,0,0,532214,0
148826,29,1,0,0,532215,0
148827,29,0,0,0,532216,0
148828,29,0,0,0,532217,0
148829,26,1,0,0,532218,0
148830,11,0,0,0,0,532219
148831,11,0,0,0,0,532220
148832,11,1,0,0,0,532221
148833,11,1,0,0,0,532222
148834,3,0,0,0,0,532223
148835,3,0,0,0,0,532224
148836,26,0,0,0,532225,0
148837,5,1,0,0,0,532227
148838,9,0,0,0,532229,0
148839,9,1,0,0,532271,0
148840,2,1,0,0,0,532272
148841,9,0,4,0,532273,0
148842,10,0,0,0,0,532280
148843,8,0,0,0,0,532281
148846,28,0,0,0,532282,0
148847,2,0,0,0,0,532283
148848,27,1,0,0,532284,0
148849,9,1,0,0,532290,0
148850,36,1,0,0,532286,0
148851,36,0,0,0,532287,0
148852,31,0,0,0,532288,0
148853,31,1,0,0,532289,0
148854,2,0,0,0,0,532291
148855,9,0,0,0,532292,0
148856,1,1,0,0,0,532293
148857,4,1,0,0,0,532294
148858,7,0,0,0,0,532295
148859,3,0,0,0,0,532296
148860,11,0,0,0,0,532297
148861,4,0,0,0,0,532298
148862,3,1,0,0,0,532299
148863,7,1,0,0,0,532300
148864,1,0,0,0,0,532301
148865,25,0,0,0,532302,0
148866,22,0,0,0,532303,0
148867,25,1,0,0,532304,0
148868,11,1,0,0,0,532305
148869,1,0,0,0,0,532306
148870,22,1,0,0,532307,0
148871,1,1,0,0,0,532308
148872,7,0,0,0,0,532309
148873,30,1,0,0,532378,0
148874,29,0,0,0,532379,0
148875,30,0,0,0,532380,0
148876,29,1,0,0,532381,0
148877,32,0,0,0,532382,0
148878,34,0,0,0,532385,0
148880,32,1,0,0,532387,0
148881,34,1,0,0,532388,0
148888,5,0,0,0,0,532830
148889,8,0,0,0,0,532831
148890,4,0,0,0,0,532832
148891,4,0,0,0,0,532833
148892,4,1,0,0,0,532924
148893,5,1,0,0,0,532925
148894,5,0,0,0,0,532926
148895,5,0,0,0,0,532927
148896,5,0,0,0,0,532928
148897,5,1,0,0,0,532929
148898,4,0,0,0,0,532938
148899,5,0,0,0,0,533706
148900,22,0,6,0,533707,0
148901,22,1,0,0,533708,0
148902,22,1,0,0,533709,0
148903,22,1,0,0,533710,0
148904,22,1,0,0,533711,0
148905,32,0,0,4,533712,0
148906,1,0,0,0,0,533713
148907,2,0,0,0,0,533714
148908,8,1,0,0,0,533715
148909,5,1,0,0,0,533716
148910,30,1,0,0,533848,0
148911,5,1,0,0,0,536384
148912,5,0,0,0,0,536385
148913,5,1,0,0,0,536386
148914,5,0,0,0,0,536387
148915,5,1,0,0,0,536388
148916,4,0,0,0,0,536390
148917,4,1,0,0,0,536391
148918,1,1,0,0,0,538092
148919,31,0,0,0,538294,0
148920,36,1,0,0,538296,0
148921,1,0,0,0,0,541607
148922,1,0,0,0,0,541608
148923,1,1,0,0,0,541609
148924,1,1,0,0,0,541610
148925,5,0,0,0,0,541611
148926,5,0,0,0,0,541612
148927,5,1,0,0,0,541613
148928,5,1,0,0,0,541614
148929,1,0,0,0,0,541615
148930,1,0,0,0,0,541616
148931,1,1,0,0,0,541617
148932,1,1,0,0,0,541618
148933,5,0,0,0,0,541619
148934,5,0,0,0,0,541620
148935,5,1,0,0,0,541621
148936,5,1,0,0,0,541622
148937,5,0,0,0,0,541623
148938,5,0,0,0,0,541624
148939,5,1,0,0,0,541625
148940,5,1,0,0,0,541626
148941,1,0,0,0,0,541627
148942,1,0,0,0,0,541628
148943,1,1,0,0,0,541629
148944,1,1,0,0,0,541630
148945,5,0,0,0,0,541632
148946,5,0,0,0,0,541633
148947,5,1,0,0,0,541634
148948,5,1,0,0,0,541635
148949,1,0,0,0,0,541636
148950,1,0,0,0,0,541637
148951,1,1,0,0,0,541638
148952,1,1,0,0,0,541639
148953,5,0,0,0,0,541640
148954,5,0,0,0,0,541641
148955,5,1,0,0,0,541642
148956,5,1,0,0,0,541643
148957,5,0,0,0,0,541716
148958,5,0,0,0,0,541717
148959,4,1,0,0,0,541735
148960,4,1,0,0,0,541736
148961,4,1,0,0,0,541737
148962,4,1,0,0,0,541744
148963,4,0,0,0,0,541745
148964,4,0,0,0,0,541746
148965,4,0,0,0,0,541747
148966,4,0,0,0,0,541748
148971,4,1,0,0,0,541760
148972,4,1,0,0,0,541761
148973,4,0,0,0,0,541762
148974,4,0,0,0,0,541763
148977,1,0,0,0,0,541801
148978,1,1,0,0,0,541802
148979,31,0,0,0,541808,0
148980,31,1,0,0,541809,0
148981,32,0,0,0,541813,0
148982,4,1,0,0,0,541904
148983,4,1,0,0,0,541905
148984,4,0,0,0,0,541906
148985,4,0,0,0,0,541907
148986,10,1,0,0,0,541921
148987,10,1,0,0,0,541922
148988,10,1,0,0,0,541923
148989,10,1,0,0,0,541924
148990,33,0,0,0,541952,0
148991,9,0,0,0,546140,0
148992,7,1,0,0,0,546142
148993,7,0,0,0,0,546280
148994,3,0,0,0,0,546287
148995,31,1,0,0,546290,0
148996,31,1,0,0,546291,0
148997,31,1,0,0,546292,0
148998,31,1,0,0,546293,0
148999,33,0,0,0,546296,0
149001,33,0,0,0,546298,0
149002,33,0,0,0,546299,0
149003,33,0,0,0,546300,0
149004,33,0,0,0,546301,0
149005,33,0,0,0,546302,0
149006,33,0,0,0,546303,0
149007,5,1,0,0,0,557674
149008,5,1,0,0,0,557675
149009,5,0,0,0,0,557676
149010,6,0,0,0,0,558016
149011,6,0,0,0,0,558017
149012,6,1,0,0,0,558018
149013,6,1,0,0,0,558019
149014,9,0,0,0,558465,0
149015,7,0,0,0,0,558468
149016,7,0,0,0,0,558469
149017,7,0,0,0,0,558470
149018,22,1,0,0,558487,0
149019,7,1,0,0,0,558511
149020,7,1,0,0,0,558512
149021,7,0,0,0,0,558513
149022,1,0,0,0,0,558516
149023,11,0,0,0,0,558738
149024,32,1,0,0,558739,0
149025,7,1,0,0,0,558740
149026,3,0,0,0,0,558741
149027,22,0,0,0,558742,0
149028,33,0,0,0,558856,0
149029,1,1,0,0,0,558875
149030,4,0,0,0,0,558885
149031,7,0,0,0,0,559005
149032,10,1,0,0,0,559037
149033,7,1,0,0,0,559038
149034,1,0,0,0,0,559666
149035,1,0,0,0,0,559668
149036,1,1,0,0,0,559669
149037,1,1,0,0,0,559670
149038,5,0,0,0,0,559688
149039,5,0,0,0,0,559689
149040,5,1,0,0,0,559690
149041,5,1,0,0,0,559691
149042,6,1,0,0,0,559692
149043,37,0,0,0,606195,0
149044,37,0,0,0,606177,0
149045,32,0,0,0,559700,0
149046,5,0,0,0,0,559701
149047,5,1,0,0,0,559702
149048,1,0,0,0,0,559703
149049,1,0,0,0,0,559704
149050,1,0,0,0,0,559705
149051,1,0,0,0,0,559706
149052,1,1,0,0,0,559707
149053,1,1,0,0,0,559708
149054,1,1,0,0,0,559709
149055,1,1,0,0,0,559710
149056,5,0,0,0,0,559713
149057,5,0,0,0,0,559714
149058,5,1,0,0,0,559715
149059,1,1,0,0,0,559716
149060,1,1,0,0,0,559717
149061,1,1,0,0,0,559718
149062,1,1,0,0,0,559719
149063,1,0,0,0,0,559826
149064,1,0,0,0,0,559827
149065,1,0,0,0,0,559828
149066,1,0,0,0,0,559829
149067,7,1,0,0,0,560140
149068,22,0,0,0,560141,0
149069,22,0,0,0,560142,0
149071,22,1,0,0,560143,0
149072,22,1,0,0,560144,0
149073,1,0,0,0,0,560165
149074,1,1,0,0,0,560166
149075,1,1,0,0,0,560167
149076,5,0,0,0,0,561297
149077,37,1,0,0,607060,0
149078,37,0,0,0,562048,0
149079,9,1,0,0,563592,0
149080,9,0,0,0,573702,0
149081,9,0,0,0,580725,0
149082,37,0,0,0,583050,0
149083,1,1,4,4,0,593849
149084,1,1,4,4,0,593850
149085,1,0,4,4,0,593851
149086,1,0,4,4,0,593852
149087,7,0,0,4,0,593853
149088,7,0,0,4,0,593854
149089,7,1,0,4,0,593855
149090,7,1,0,4,0,593856
149091,5,0,0,0,0,594040
149093,37,0,0,0,635495,0
149094,37,1,0,0,625501,0
149095,37,1,0,0,607206,0
149096,37,0,0,0,624243,0
149097,37,1,0,0,607397,0
149098,9,0,0,0,594118,0
149099,9,1,0,0,594119,0
149100,7,0,0,0,0,594120
149101,1,0,0,0,0,594128
149102,1,0,0,0,0,594129
149103,1,1,0,0,0,594130
149104,1,1,0,0,0,594131
149105,1,0,0,0,0,594132
149106,1,0,0,0,0,594133
149107,1,0,0,0,0,594134
149108,1,0,0,0,0,594135
149109,1,0,0,0,0,594136
149110,1,0,0,0,0,594227
149111,1,0,0,0,0,594228
149112,1,0,0,0,0,594229
149113,1,1,0,0,0,594230
149114,1,0,0,0,0,594231
149115,1,0,0,0,0,594232
149116,1,0,0,0,0,594233
149117,1,0,0,0,0,594234
149118,1,1,0,0,0,594235
149119,1,1,0,0,0,594236
149120,37,0,0,0,597998,0
149121,1,1,0,0,0,606042
149125,37,0,0,0,606176,0
149126,37,0,0,0,606178,0
149127,37,0,0,0,606181,0
149128,37,0,0,0,606183,0
149129,37,0,0,0,606196,0
149131,37,0,0,0,606210,0
149132,37,1,0,0,606211,0
149133,37,1,0,0,606239,0
149134,1,0,0,0,0,606243
149135,37,0,0,0,606245,0
149136,1,1,0,0,0,606246
149137,4,1,0,0,0,606247
149138,3,0,0,0,0,606249
149139,3,0,0,0,0,606296
149140,3,1,0,0,0,606297
149141,1,0,0,0,0,606301
149142,1,1,0,0,0,606302
149143,5,0,0,0,0,606460
149144,1,0,0,0,0,606461
149146,9,1,0,1,606505,0
149147,11,0,0,1,0,606506
149148,1,1,0,0,0,606897
149149,10,1,0,1,0,606898
149150,32,1,0,5,606914,0
149151,16,0,0,1,606915,0
149152,1,1,0,0,0,606928
149153,31,0,0,0,607059,0
149154,31,0,0,0,607061,0
149155,37,1,0,0,607062,0
149156,31,1,0,0,607063,0
149157,1,0,6,0,0,607064
149158,37,0,0,0,607065,0
149162,1,1,0,0,0,607066
149163,32,1,0,0,607081,0
149164,32,0,0,0,607082,0
149165,32,0,0,0,607083,0
149166,32,1,0,0,607152,0
149167,32,0,0,0,607153,0
149168,32,1,0,0,607154,0
149169,32,0,0,0,607155,0
149170,32,0,0,0,607156,0
149171,32,1,0,0,607157,0
149172,32,1,0,0,607158,0
149173,1,0,0,0,0,607162
149174,1,1,0,0,0,607163
149175,1,0,0,0,0,607164
149176,1,1,0,0,0,607165
149177,32,1,0,0,607181,0
149178,4,1,11,0,0,637407
149179,32,0,0,0,607183,0
149180,32,0,0,0,607184,0
149181,31,1,0,0,607185,0
149182,31,0,0,0,607186,0
149183,31,1,0,0,607187,0
149184,35,1,0,4,607188,0
149185,1,0,0,0,0,607201
149186,6,1,0,0,0,607235
149187,6,1,0,0,0,607236
149188,6,0,0,0,0,607237
149189,6,0,0,0,0,607238
149190,1,0,0,0,0,607241
149191,1,0,0,0,0,607242
149192,9,0,0,0,607243,0
149193,9,0,0,0,607244,0
149194,9,1,0,0,607245,0
149195,1,0,0,0,0,607246
149196,9,0,0,0,607247,0
149197,9,1,0,0,607248,0
149198,1,0,0,0,0,607249
149199,1,0,0,0,0,607250
149200,1,1,0,0,0,607251
149201,1,1,0,0,0,607300
149202,1,1,0,0,0,607391
149203,1,0,0,0,0,607392
149204,1,0,0,0,0,607407
149205,1,0,6,0,0,607408
149206,1,0,0,0,0,607409
149207,1,0,0,0,0,607410
149208,1,1,0,0,0,607411
149209,1,1,0,0,0,607412
149210,1,1,0,0,0,607413
149211,1,1,0,0,0,607414
149212,1,1,0,0,0,607415
149213,1,1,0,0,0,607416
149214,6,0,7,0,0,607471
149215,29,1,0,0,607478,0
149216,29,0,0,0,607479,0
149217,37,0,0,0,607519,0
149218,4,1,0,0,0,607526
149219,9,0,0,0,609648,0
149220,3,0,0,0,0,609649
149221,1,1,0,0,0,609663
149222,1,0,0,4,0,609664
149223,1,1,0,0,0,611312
149224,2,1,0,0,0,611402
149225,4,0,0,0,0,611530
149226,28,1,0,0,611558,0
149227,37,0,0,0,611567,0
149228,37,0,0,0,611568,0
149229,2,0,6,0,0,611809
149230,2,0,0,0,0,611810
149239,4,0,0,0,0,612475
149241,37,0,0,0,612477,0
149248,37,1,0,0,638946,0
149250,1,0,0,0,0,622711
149251,5,0,0,0,0,622721
149252,5,0,0,0,0,622722
149253,5,0,0,0,0,622723
149257,2,0,0,0,0,622738
149262,1,0,0,0,0,622743
149264,3,0,0,0,0,622745
149269,3,1,0,0,0,622756
149270,1,1,0,0,0,622757
149271,7,1,0,0,0,622759
149272,7,0,0,0,0,622760
149273,4,0,0,0,0,622778
149275,4,0,1,0,0,622793
149276,37,0,0,0,622794,0
149277,37,0,0,0,622795,0
149278,37,1,0,0,622796,0
149279,37,0,0,0,622797,0
149281,37,0,0,0,622799,0
149283,37,0,0,0,622801,0
149284,4,1,0,0,0,622802
149285,37,1,0,0,622803,0
149286,4,1,0,0,0,622804
149287,37,1,0,0,622805,0
149291,37,0,0,0,623056,0
149293,35,1,0,0,623119,0
149295,4,0,1,0,0,623186
149296,4,0,1,0,0,623187
149297,4,1,1,0,0,623188
149298,4,1,1,0,0,623189
149299,4,1,1,0,0,623190
149300,4,0,8,0,0,623191
149301,37,0,0,0,623774,0
149302,37,0,0,0,623775,0
149303,37,1,0,0,623776,0
149304,37,1,0,0,623777,0
149305,37,0,0,0,623778,0
149306,37,0,0,0,623779,0
149307,37,0,0,0,623780,0
149308,37,1,0,0,623781,0
149309,37,1,0,0,623782,0
149310,7,0,0,0,0,623854
149311,4,1,0,0,0,624229
149312,4,1,0,0,0,624234
149313,13,0,0,0,624239,0
149314,13,1,0,0,624240,0
149315,13,1,0,0,624241,0
149316,13,0,0,0,624242,0
149318,37,1,0,0,624423,0
149321,37,1,0,4,624424,0
149322,37,1,0,0,624426,0
149323,37,1,0,0,624428,0
149324,37,1,0,0,624429,0
149326,37,0,0,0,624431,0
149327,10,1,0,0,0,624465
149328,37,1,0,0,624466,0
149329,37,0,0,0,624467,0
149337,2,0,0,0,0,624590
149338,3,1,0,0,0,624593
149339,36,0,0,0,624594,0
149341,5,0,0,0,0,624939
149342,7,0,0,0,0,625186
149343,7,1,0,0,0,625187
149348,2,1,0,0,0,625200
149349,22,1,0,0,625201,0
149350,5,0,0,0,0,625385
149351,7,1,0,0,0,625386
149352,4,0,3,0,0,625387
149353,4,0,3,0,0,625388
149354,4,1,3,0,0,625389
149355,4,1,3,0,0,625390
149356,4,1,8,0,0,625393
149357,4,1,8,0,0,625394
149358,4,0,8,0,0,625395
149359,4,0,8,0,0,625396
149361,37,0,0,0,625502,0
149367,3,1,6,0,0,625780
149368,4,0,6,0,0,625781
149369,7,0,6,0,0,625782
149370,22,1,6,0,625783,0
149371,4,1,12,0,0,625784
149372,4,0,12,0,0,625785
149381,4,1,11,0,0,625786
149382,22,0,11,0,625787,0
149383,30,1,3,0,625788,0
149384,7,0,6,0,0,625789
149385,29,0,8,0,625790,0
149386,11,1,8,0,0,625791
149387,32,1,10,0,625792,0
149388,25,0,10,0,625793,0
149389,30,0,2,0,625794,0
149390,1,1,2,0,0,625795
149391,30,0,2,0,625796,0
149392,34,1,2,0,625798,0
149393,1,1,5,0,0,625799
149394,3,0,5,0,0,625800
149395,30,1,5,4,625801,0
149396,25,0,5,0,625802,0
149397,29,1,5,0,625803,0
149398,7,0,5,0,0,625804
149399,32,0,4,0,625805,0
149400,7,1,4,0,0,625806
149401,34,1,7,0,633758,0
149402,32,0,7,0,625808,0
149403,29,1,9,0,625809,0
149404,1,0,9,0,0,625810
149405,3,0,1,0,0,625811
149406,1,1,1,0,0,625812
149407,5,1,6,0,0,625813
149408,6,0,6,0,0,625814
149409,8,1,6,0,0,625815
149410,9,0,6,0,625816,0
149411,10,0,12,0,0,625817
149412,10,1,12,0,0,625818
149413,6,0,11,0,0,625819
149414,8,1,11,0,0,625820
149415,9,0,3,0,625821,0
149416,5,1,3,0,0,625822
149417,10,1,8,0,0,625823
149418,8,0,8,4,0,625824
149419,26,0,10,0,625825,0
149420,8,1,10,0,0,625826
149421,6,1,2,0,0,625827
149422,10,0,2,0,0,625828
149423,31,1,2,0,625829,0
149424,6,0,2,0,0,625830
149425,8,1,5,0,0,625831
149426,5,0,5,0,0,625832
149427,36,1,5,0,625833,0
149428,26,0,5,0,625834,0
149429,27,1,5,0,625835,0
149430,9,0,5,0,625836,0
149431,9,1,4,0,625837,0
149432,31,0,4,0,625838,0
149433,2,0,7,0,0,625839
149434,36,1,7,0,625840,0
149435,27,0,9,0,625841,0
149436,2,1,9,2,0,625842
149437,5,0,1,0,0,625843
149438,2,1,1,0,0,625844
149439,37,0,0,0,625845,0
149440,37,0,0,0,625846,0
149441,37,1,0,0,625847,0
149442,37,1,0,0,625848,0
149443,37,0,0,0,625862,0
149444,32,0,0,0,626845,0
149445,32,1,0,0,626846,0
149446,7,0,0,0,0,626847
149447,4,1,0,0,0,626855
149448,1,0,0,0,0,626856
149449,9,1,0,0,627991,0
149450,9,1,0,0,627993,0
149451,9,1,0,0,627994,0
149452,9,1,0,0,627995,0
149453,9,1,0,0,627996,0
149454,9,0,0,0,627997,0
149455,9,0,0,0,627998,0
149456,9,0,0,0,627999,0
149457,9,0,0,0,628000,0
149458,9,1,0,0,628001,0
149459,9,1,0,0,628002,0
149460,9,1,0,0,628003,0
149461,9,1,0,0,628004,0
149462,9,0,0,0,628005,0
149463,9,0,0,0,628006,0
149464,9,0,0,0,628007,0
149465,9,0,0,0,628008,0
149466,1,1,0,0,0,628009
149467,9,0,0,0,628173,0
149468,9,1,0,0,628180,0
149469,9,1,0,0,628187,0
149470,9,1,0,0,628188,0
149471,9,1,6,0,628189,0
149472,9,0,0,0,628190,0
149473,9,0,0,0,628191,0
149474,9,0,0,0,628192,0
149475,9,0,0,0,628193,0
149476,7,1,0,0,0,628194
149477,2,0,0,0,0,628195
149478,2,0,0,0,0,628196
149479,7,1,0,0,0,632343
149480,3,0,0,0,0,632344
149481,4,1,5,0,0,632446
149482,13,1,0,0,632455,0
149483,13,0,0,0,632456,0
149484,13,1,0,0,632457,0
149485,4,0,0,0,0,632458
149486,13,0,0,0,632459,0
149487,13,0,0,0,632460,0
149488,13,1,0,0,632461,0
149489,36,0,0,0,632462,0
149490,37,1,0,0,632463,0
149491,36,0,0,0,633316,0
149492,36,1,0,0,633317,0
149493,31,1,0,0,633318,0
149494,37,0,0,0,633319,0
149495,11,0,0,0,0,633496
149496,29,1,0,0,633503,0
149497,13,0,0,0,633504,0
149498,32,0,0,0,633603,0
149499,13,0,0,0,633604,0
149500,13,0,0,0,633605,0
149501,13,0,0,0,633606,0
149502,13,0,0,0,633607,0
149503,13,0,0,0,633615,0
149504,5,0,0,0,0,633623
149505,13,0,0,0,633624,0
149506,13,1,0,0,633692,0
149507,13,1,0,0,633693,0
149508,13,1,0,0,633694,0
149509,13,1,0,0,633695,0
149510,13,1,0,0,633696,0
149511,13,1,0,0,633697,0
149512,13,1,0,0,633698,0
149513,13,1,0,0,633699,0
149514,34,1,0,0,633708,0
149515,1,0,0,4,0,633709
149516,28,0,0,0,633726,0
149517,26,1,0,0,633791,0
149518,26,1,0,0,633834,0
149519,10,1,0,0,0,633835
149520,10,0,0,0,0,633836
149521,5,1,0,0,0,633837
149522,5,0,0,0,0,633838
149523,2,1,0,0,0,633923
149524,2,0,0,0,0,633924
149525,2,0,0,0,0,633925
149526,2,1,0,0,0,633926
149527,2,1,0,0,0,633927
149528,8,0,0,0,0,633928
149529,8,0,0,0,0,633929
149530,8,1,0,0,0,633930
149531,8,1,0,0,0,633931
149532,10,0,0,0,0,633932
149533,10,0,0,0,0,633933
149534,10,1,0,0,0,633934
149535,10,1,0,0,0,633935
149536,22,0,0,0,633936,0
149537,22,0,0,0,633937,0
149538,22,1,0,0,633938,0
149539,22,1,0,0,633939,0
149540,34,0,0,0,633940,0
149541,34,0,0,0,633941,0
149542,34,1,0,0,633942,0
149543,34,1,0,0,633943,0
149544,32,1,0,0,633944,0
149545,32,1,0,0,633945,0
149546,32,0,0,0,633946,0
149547,32,0,0,0,633947,0
149548,30,0,0,0,633948,0
149549,30,0,0,0,633949,0
149550,22,0,0,0,633950,0
149551,22,0,0,0,633951,0
149552,22,1,0,0,633952,0
149553,22,1,0,0,633953,0
149554,29,0,0,0,633954,0
149555,29,0,0,0,633955,0
149556,29,1,0,0,633956,0
149557,29,1,0,0,633957,0
149558,24,0,0,0,633958,0
149559,24,0,0,0,633959,0
149560,24,1,0,0,633960,0
149561,24,1,0,0,633961,0
149562,28,0,0,0,633962,0
149563,28,0,0,0,633963,0
149564,28,1,0,0,633964,0
149565,28,1,0,0,633965,0
149566,36,0,0,0,633966,0
149567,36,0,0,0,633967,0
149568,36,1,0,0,633968,0
149569,36,1,0,0,633969,0
149570,27,0,0,0,633982,0
149571,27,0,0,0,633983,0
149572,27,1,0,0,633987,0
149573,27,1,0,0,633988,0
149574,31,0,0,0,633989,0
149575,31,0,0,0,633990,0
149576,31,1,0,0,633991,0
149577,31,1,0,0,633992,0
149578,4,0,0,0,0,633995
149579,4,0,0,0,0,633996
149580,4,1,0,0,0,633997
149581,4,1,0,0,0,633998
149582,13,1,0,4,633999,0
149583,13,0,0,0,634000,0
149584,2,0,0,0,0,634001
149585,37,0,0,0,634002,0
149586,2,1,0,0,0,634003
149587,37,0,0,0,634004,0
149588,37,0,0,0,634005,0
149589,37,0,0,0,634006,0
149590,37,0,0,0,634007,0
149591,37,0,0,0,634008,0
149592,2,1,0,0,0,634052
149593,2,0,0,0,0,634053
149594,30,1,0,0,634054,0
149595,30,1,0,0,634055,0
149596,31,1,0,0,634057,0
149597,24,1,0,0,634318,0
149598,13,0,0,0,634319,0
149599,13,0,0,0,634320,0
149600,13,0,0,0,634321,0
149602,13,1,0,4,634323,0
149603,13,1,0,4,634324,0
149604,13,1,0,4,634325,0
149606,9,1,6,0,634499,0
149607,9,1,0,0,634500,0
149608,9,1,0,0,634501,0
149609,9,1,0,0,634502,0
149610,7,0,0,0,0,634775
149611,24,0,0,0,634910,0
149612,24,1,0,0,634911,0
149613,24,0,0,0,634912,0
149614,24,1,0,0,634913,0
149615,4,1,6,0,0,634917
149616,32,0,0,0,634940,0
149617,6,0,5,0,0,635225
149618,6,1,5,0,0,635226
149619,4,1,0,0,0,635227
149620,10,0,0,0,0,635249
149621,6,0,0,0,0,635349
149622,3,1,0,0,0,635490
149623,1,0,0,0,0,635491
149624,32,0,0,0,635492,0
149625,29,1,0,0,635493,0
149626,3,0,0,0,0,635494
149627,37,1,0,0,635496,0
149628,37,1,0,0,635499,0
149629,37,0,0,0,635500,0
149630,37,0,0,0,635502,0
149631,22,0,0,0,635604,0
149632,37,1,0,0,635631,0
149633,37,0,0,0,635633,0
149634,37,1,0,0,635634,0
149635,10,0,0,0,0,635767
149636,6,1,0,0,0,636037
149637,6,0,0,0,0,636038
149638,32,0,0,0,636039,0
149639,20,0,0,0,636040,0
149640,20,0,0,0,636041,0
149641,20,0,0,0,636042,0
149642,1,1,0,0,0,636043
149645,37,1,0,0,637008,0
149646,3,0,0,0,0,637009
149647,3,0,0,0,0,637013
149648,37,0,0,0,637014,0
149649,37,0,0,0,637040,0
149650,37,0,0,0,637041,0
149651,37,1,0,0,637042,0
149652,37,1,0,0,637043,0
149653,37,1,0,0,637047,0
149655,37,1,0,0,637097,0
149656,37,0,0,0,637221,0
149657,1,1,0,0,0,637222
149658,1,0,6,0,0,637224
149659,11,1,6,0,0,637225
149660,10,0,6,0,0,637226
149661,2,1,6,0,0,637227
149662,11,0,7,0,0,637228
149663,3,1,7,0,0,637229
149664,9,0,7,0,637230,0
149665,6,1,7,0,0,637231
149666,11,0,3,0,0,637232
149667,29,1,3,0,637233,0
149668,28,0,0,0,637234,0
149669,27,1,0,0,637235,0
149670,1,0,8,0,0,637236
149671,34,1,8,0,637237,0
149672,2,0,8,0,0,637238
149673,36,1,8,0,637239,0
149674,3,0,9,0,0,637240
149675,22,1,9,0,637241,0
149676,5,0,9,0,0,637242
149677,10,1,9,0,0,637243
149678,11,0,2,0,0,637244
149679,3,1,2,0,0,637245
149680,6,0,2,0,0,637246
149681,10,1,2,0,0,637247
149682,28,1,0,0,637409,0
149683,28,0,0,0,637410,0
149684,28,1,0,0,637417,0
149685,28,0,0,0,637418,0
149686,27,0,0,0,637419,0
149687,27,1,0,0,637420,0
149688,27,1,0,0,637421,0
149689,27,0,0,0,637422,0
149690,3,0,0,0,0,637438
149691,11,1,0,0,0,637442
149692,24,1,0,0,637443,0
149693,7,0,0,0,0,637444
149694,37,0,0,0,637445,0
149695,37,1,0,0,637561,0
149696,10,1,0,0,0,637563
149698,37,1,0,0,637677,0
149700,37,1,0,0,637679,0
149701,37,1,0,0,637680,0
149704,4,1,0,0,0,637685
149705,37,0,0,0,637686,0
149706,37,0,0,0,637687,0
149707,37,0,0,0,637688,0
149708,4,0,0,0,0,637689
149709,13,0,0,0,637690,0
149710,13,0,0,0,637691,0
149711,37,0,0,0,638030,0
149712,37,0,0,0,638031,0
149713,37,0,0,0,638032,0
149714,37,0,0,0,638328,0
149715,13,0,0,0,638366,0
149716,13,0,0,0,638367,0
149717,13,0,0,0,638368,0
149718,22,1,0,0,638472,0
149719,8,1,0,0,0,638550
149720,2,1,0,0,0,638555
149721,31,0,0,0,638556,0
149722,1,0,0,0,0,638557
149723,2,0,0,0,0,639496
149724,4,0,0,0,0,639614
149725,4,1,0,0,0,639685
149726,37,1,0,0,639710,0
149727,37,0,0,0,639711,0
149728,34,0,0,0,640008,0
149729,34,0,0,0,640009,0
149730,34,1,0,0,640010,0
149731,34,1,0,0,640011,0
149732,1,0,0,0,0,640012
149733,1,0,0,0,0,640253
149734,1,1,0,0,0,640255
149735,1,1,0,0,0,640256
149740,36,1,0,0,640517,0
149741,4,0,1,0,0,640869
149742,4,1,1,0,0,640870
149743,1,1,0,4,0,640871
149744,37,0,0,0,641648,0
149745,29,1,0,0,641649,0
149746,29,0,0,0,641650,0
149747,11,0,0,0,0,641652
149748,11,1,0,0,0,641653
149749,13,1,0,0,641667,0
149750,37,0,0,0,641693,0
149756,36,0,0,0,641873,0
149758,1,0,0,4,0,642327
149761,1,0,0,0,0,643159
149762,7,1,0,0,0,643195
149763,1,1,0,0,0,643196
149764,37,1,0,0,643407,0
149765,37,1,0,0,643408,0
149766,37,1,0,0,643409,0
149767,37,1,0,0,643426,0
149768,37,1,0,0,643427,0
149769,37,1,0,0,643428,0
149770,37,0,0,0,643433,0
149771,37,0,0,0,643434,0
149772,37,0,0,0,643435,0
149773,9,0,0,0,643448,0
149774,9,0,0,0,643449,0
149775,13,1,0,0,643530,0
149776,13,0,0,0,643531,0
149777,9,1,0,0,643532,0
149778,36,1,0,0,643554,0
149779,29,0,0,0,643561,0
149780,32,0,0,0,643562,0
149781,10,1,0,0,0,643603
149782,37,0,0,0,643639,0
149783,13,0,0,0,643640,0
149784,13,0,0,0,643641,0
149785,13,0,0,0,643642,0
149786,13,0,0,0,643643,0
149787,13,0,0,0,643644,0
149788,13,0,0,0,643645,0
149789,13,0,0,0,643646,0
149790,13,0,0,0,643647,0
149791,13,0,0,0,643648,0
149792,13,0,0,0,643649,0
149793,13,0,0,0,643650,0
149794,13,0,0,0,643651,0
149795,13,0,0,0,643652,0
149796,13,0,0,0,643653,0
149797,13,0,0,0,643654,0
149798,13,0,0,0,643655,0
149799,13,0,0,0,643656,0
149800,13,0,0,0,643657,0
149801,13,0,0,0,643658,0
149802,36,0,0,0,643659,0
149803,13,0,0,0,643660,0
149804,13,0,0,0,643661,0
149805,13,0,0,0,643662,0
149806,13,0,0,0,643663,0
149807,13,0,0,0,643664,0
149808,13,0,0,0,643665,0
149809,13,0,0,0,643666,0
149810,13,0,0,0,643667,0
149811,13,0,0,0,643668,0
149812,13,0,0,0,643669,0
149813,13,0,0,0,643670,0
149814,13,0,0,0,643671,0
149815,13,0,0,0,643672,0
149816,13,0,0,0,643673,0
149817,13,0,0,0,643674,0
149818,13,0,0,0,643675,0
149819,13,0,0,0,643676,0
149820,13,0,0,0,643677,0
149821,13,0,0,0,643678,0
149822,3,0,0,0,0,643686
149823,37,0,0,0,643726,0
149824,37,0,0,0,643727,0
149825,1,0,0,0,0,643728
149826,1,1,0,0,0,643729
149827,1,1,0,0,0,643730
149828,1,0,0,0,0,643731
149829,37,1,0,0,643732,0
149830,1,0,0,0,0,643733
149831,1,0,0,0,0,643794
149832,1,0,0,0,0,643795
149833,1,0,0,0,0,643796
149834,1,1,0,0,0,643810
149835,1,1,0,0,0,643811
149836,1,1,0,0,0,643812
149837,1,0,0,0,0,643813
149838,1,0,0,0,0,643814
149839,1,0,0,0,0,643815
149840,1,1,0,0,0,643816
149841,1,1,0,0,0,643817
149842,1,1,0,0,0,643818
149843,1,0,0,4,0,643819
149844,1,0,0,4,0,643820
149845,1,1,0,4,0,643821
149846,1,1,0,4,0,643822
149847,1,1,0,4,0,643823
149848,1,1,0,0,0,643824
149849,1,1,0,0,0,643825
149850,1,0,0,0,0,643826
149851,1,0,0,0,0,643827
149852,1,0,0,0,0,643828
149853,1,0,0,0,0,643829
149854,1,1,0,0,0,643830
149855,1,1,0,0,0,643831
149856,1,1,0,0,0,643832
149857,1,1,0,0,0,643833
149858,1,1,0,0,0,643834
149859,1,0,0,0,0,643835
149860,1,0,0,0,0,643836
149861,1,0,0,0,0,643837
149862,1,1,0,0,0,643838
149864,1,1,0,0,0,643857
149865,1,1,0,0,0,643858
149866,1,0,0,0,0,643859
149867,1,0,0,0,0,643860
149868,1,0,0,0,0,643861
149869,36,0,0,0,643913,0
149870,1,0,0,0,0,643963
149871,26,0,0,0,643993,0
149872,2,1,0,0,0,644774
149873,9,0,0,0,644775,0
149874,36,0,0,0,644776,0
149875,13,0,0,0,644777,0
149876,37,1,0,0,644778,0
149877,32,1,0,0,644859,0
149878,3,0,0,0,0,644860
149879,1,0,0,0,0,644861
149880,34,1,0,0,644862,0
149881,36,1,0,0,644882,0
149882,36,1,0,0,644883,0
149883,36,0,0,0,644884,0
149884,36,0,0,0,644885,0
149885,8,1,0,0,0,644886
149886,8,1,0,0,0,644887
149887,8,0,0,0,0,644888
149888,8,0,0,0,0,644889
149889,9,1,0,0,644890,0
149890,9,1,0,0,644891,0
149891,9,0,0,0,644892,0
149892,9,0,0,0,644893,0
149893,3,1,0,0,0,644894
149894,3,1,0,0,0,644895
149895,3,0,0,0,0,644896
149896,3,0,0,0,0,644897
149898,34,1,0,0,644899,0
149899,34,1,0,0,644900,0
149900,34,0,0,0,644901,0
149901,34,0,0,0,644902,0
149902,22,1,5,0,644903,0
149903,22,1,5,0,644905,0
149904,22,0,5,0,644906,0
149905,22,0,6,0,644907,0
149906,29,1,5,0,644908,0
149907,29,1,5,0,644909,0
149908,29,0,5,0,644910,0
149909,29,0,5,0,644911,0
149910,3,0,0,0,0,644946
149911,13,1,0,0,644951,0
149912,13,1,0,0,644952,0
149913,13,1,0,0,644953,0
149914,13,1,0,0,644954,0
149915,13,1,0,0,644955,0
149916,13,1,0,0,644956,0
149917,13,1,0,0,644957,0
149918,13,1,0,0,644958,0
149919,13,1,0,0,644959,0
149920,13,1,0,0,644960,0
149921,13,1,0,0,644961,0
149922,13,1,0,0,644962,0
149923,13,1,0,0,644963,0
149924,13,1,0,0,644964,0
149925,13,1,0,0,644965,0
149926,13,1,0,0,644966,0
149927,13,1,0,0,644967,0
149928,13,1,0,0,644968,0
149929,13,1,0,0,644969,0
149930,13,1,0,0,644970,0
149931,13,1,0,0,645351,0
149932,13,1,0,0,645352,0
149933,13,1,0,0,645353,0
149934,1,0,0,0,0,645578
149935,1,0,0,0,0,645579
149936,1,0,0,0,0,645580
149937,1,0,0,0,0,645581
149938,1,0,0,4,0,645591
149939,1,0,0,4,0,645592
149940,1,0,0,4,0,645593
149941,13,0,0,0,645723,0
149942,13,0,0,0,645724,0
149943,13,1,0,0,645725,0
149944,13,1,0,0,645726,0
149945,13,1,0,0,645727,0
149946,13,0,0,0,645728,0
149947,34,1,0,0,645788,0
149948,34,0,0,0,645789,0
149949,27,0,0,0,646046,0
149957,7,1,0,0,0,646068
149960,29,0,0,0,646071,0
149961,13,0,0,0,646317,0
149963,1,1,0,4,0,646333
149964,5,1,0,0,0,646370
149965,5,1,0,0,0,646371
149966,5,1,0,0,0,646372
149967,10,0,0,0,0,646373
149968,10,1,0,0,0,646374
149969,4,1,0,0,0,646375
149970,7,1,0,0,0,646532
149971,9,0,0,0,646535,0
149972,9,0,0,0,646536,0
149973,9,0,0,0,646537,0
149974,9,0,0,0,646538,0
149975,9,0,0,0,646539,0
149976,37,1,0,0,646585,0
149977,37,1,0,0,646586,0
149978,37,1,0,0,646595,0
149980,37,1,0,0,646597,0
149981,37,1,0,0,646598,0
149982,37,1,0,0,646599,0
149983,13,1,0,0,646795,0
149984,33,0,0,0,646866,0
149985,13,1,0,0,646809,0
149986,13,1,0,0,646816,0
149987,9,0,0,0,647111,0
149988,10,1,12,0,0,647112
149989,33,0,0,0,647181,0
149990,3,1,0,0,0,647676
149991,1,0,0,0,0,647697
149992,1,0,0,0,0,647811
149993,11,1,0,0,0,647812
149994,4,1,0,0,0,647813
149995,22,0,6,0,647814,0
149996,3,1,0,0,0,647815
149997,7,0,0,0,0,647816
150002,36,0,0,0,648246,0
150003,36,1,0,0,648247,0
150004,2,1,0,0,0,648811
150005,2,0,0,0,0,648812
150009,9,0,0,0,649424,0
150010,1,1,1,4,0,649781
150011,15,0,0,0,650012,0
150012,9,0,0,4,650246,0
150014,2,0,0,0,0,650271
150015,2,1,0,0,0,650272
150016,9,0,0,0,650273,0
150017,9,0,0,0,650274,0
150018,1,0,0,0,0,650298
150019,1,0,0,0,0,650299
150020,1,0,0,0,0,650300
150021,1,0,0,0,0,650301
150022,1,0,0,0,0,650302
150023,1,0,0,0,0,650303
150024,1,0,0,0,0,650304
150025,1,0,0,0,0,650305
150026,9,0,0,0,650342,0
150027,9,0,0,0,650416,0
150028,1,0,0,0,0,650457
150030,9,0,0,0,650541,0
150031,1,1,0,0,0,650565
150032,1,1,0,0,0,650566
150033,1,0,0,0,0,650567
150034,1,0,0,0,0,650568
150035,1,0,0,0,0,650574
150036,32,0,0,4,650575,0
150037,9,0,0,0,650684,0
150038,9,0,0,0,650685,0
150039,9,1,0,0,650686,0
150040,3,1,8,0,0,650687
150041,9,1,0,0,650688,0
150042,22,0,0,0,650872,0
150043,32,1,0,0,650900,0
150044,11,1,0,0,0,650901
150047,1,0,4,0,0,650908
150048,1,0,4,0,0,650909
150049,3,0,0,0,0,650910
150050,7,1,0,0,0,650911
150051,4,0,0,0,0,650912
150052,1,1,0,0,0,650913
150053,8,0,0,0,0,650914
150054,8,1,0,0,0,650915
150055,1,0,0,0,0,651240
150059,37,0,0,0,651354,0
150062,5,1,0,0,0,651357
150070,8,1,1,0,0,651365
150071,8,1,1,0,0,651366
150072,8,0,1,0,0,651367
150073,8,0,1,0,0,651368
150076,1,0,0,0,0,651457
150078,1,1,0,0,0,651532
150079,1,1,0,0,0,651533
150080,1,0,0,0,0,651534
150081,1,0,0,0,0,651535
150082,4,1,0,0,0,651538
150083,4,1,0,0,0,651539
150084,4,0,0,0,0,651540
150085,4,0,0,0,0,651541
150086,10,1,0,0,0,651542
150087,1,1,9,0,0,651625
150088,1,0,0,0,0,651779
150089,1,1,0,0,0,651780
150090,2,1,0,0,0,651781
150091,2,0,0,0,0,651782
150092,7,1,0,0,0,651796
150093,7,0,0,0,0,651797
150094,9,0,0,0,651798,0
150095,9,1,0,0,651799,0
150096,4,1,0,0,0,651800
150097,4,0,0,0,0,651801
150098,8,0,0,0,0,651802
150099,8,1,0,0,0,651803
150100,10,1,3,1,0,652050
150101,10,1,0,0,0,652051
150102,2,0,0,5,0,652060
150103,10,1,12,0,0,652571
150104,5,1,0,0,0,652600
150105,10,1,3,1,0,652601
150106,2,1,3,1,0,652602
150107,32,0,0,0,652631,0
150108,5,0,0,0,0,652949
150109,5,0,0,0,0,653113
150110,1,0,0,0,0,652924
150111,32,0,0,0,653112,0
150112,5,1,0,0,0,653151
150113,1,0,0,0,0,653192
150114,2,0,0,0,0,653443
150115,6,0,0,0,0,653484
150116,2,1,0,0,0,653485
150117,1,0,0,0,0,653486
150118,3,1,0,0,0,653487
150119,8,0,0,0,0,653488
150120,8,1,0,0,0,653489
150121,8,0,0,0,0,653490
150122,1,1,6,0,0,653723
150126,10,0,0,0,0,654044
150127,10,0,0,0,0,654045
150128,10,1,0,0,0,654046
150129,10,1,0,0,0,654047
150130,10,1,0,0,0,654048
150131,33,0,0,0,654049,0
150132,10,0,0,0,0,654050
150133,5,0,0,0,0,654053
150134,4,0,0,0,0,654114
150135,4,1,0,0,0,654115
150136,29,0,0,0,654116,0
150137,29,0,0,0,654117,0
150138,29,1,0,0,654118,0
150139,29,1,0,0,654119,0
150140,1,0,0,0,0,654120
150141,11,1,0,0,0,654157
150142,7,1,0,0,0,654158
150143,8,1,0,0,0,654177
150144,29,0,0,0,654180,0
150145,29,0,0,0,654181,0
150146,29,1,0,0,654182,0
150147,29,1,0,0,654183,0
150148,32,1,0,4,654224,0
150149,32,1,0,4,654225,0
150150,34,1,0,0,654226,0
150151,34,1,0,0,654227,0
150152,34,0,0,0,654228,0
150153,34,0,0,0,654229,0
150154,29,1,0,0,654230,0
150155,29,1,0,0,654231,0
150156,29,0,0,0,654232,0
150157,29,0,0,0,654233,0
150158,31,0,0,0,654236,0
150159,31,0,0,0,654237,0
150160,31,1,0,0,654238,0
150161,31,1,0,0,654239,0
150162,28,0,0,4,654240,0
150163,28,0,0,4,654241,0
150164,28,1,0,4,654242,0
150165,28,1,0,4,654243,0
150166,1,0,0,0,0,654244
150167,27,0,0,0,654245,0
150168,27,0,0,0,654246,0
150169,27,1,0,0,654247,0
150170,27,1,0,0,654248,0
150171,36,1,0,0,654249,0
150172,36,1,0,0,654250,0
150173,36,0,0,0,654251,0
150174,36,0,0,0,654252,0
150175,29,0,0,0,654253,0
150176,29,1,0,0,654254,0
150177,34,0,0,0,654255,0
150180,37,1,0,0,654389,0
150181,1,1,0,0,0,654475
150182,29,0,0,0,654476,0
150183,29,1,0,0,654477,0
150184,1,0,0,0,0,654478
150185,37,0,0,0,654579,0
150186,1,1,0,0,0,654632
150187,1,0,0,0,0,654633
150188,5,1,0,0,0,654668
150189,33,0,0,0,654886,0
150190,1,0,0,4,0,654887
150191,4,0,0,0,0,654920
150192,4,1,0,0,0,654921
150193,36,0,0,0,654922,0
150194,1,0,0,0,0,654953
150195,1,0,0,0,0,654954
150196,1,1,0,0,0,654955
150197,1,1,0,0,0,654956
150198,8,0,0,0,0,654957
150199,1,0,0,0,0,654963
150200,1,1,0,0,0,654964
150201,31,0,0,0,654965,0
150202,9,0,0,0,655031,0
150204,37,1,0,0,655073,0
150205,1,0,0,0,0,655079
150206,1,1,0,0,0,655080
150207,2,0,0,0,0,655081
150208,2,1,0,0,0,655082
150209,4,0,0,0,0,655083
150210,4,1,0,0,0,655084
150211,8,0,0,0,0,655085
150212,8,1,0,0,0,655086
150213,7,0,0,0,0,655087
150214,7,1,0,0,0,655088
150215,9,0,0,0,655089,0
150216,9,1,0,0,655090,0
150217,32,0,0,0,655091,0
150218,32,1,0,0,655092,0
150219,6,0,0,0,0,655093
150220,6,1,0,0,0,655094
150221,31,1,1,0,655272,0
150224,1,0,0,0,0,655495
150225,7,1,0,0,0,655517
150226,32,0,0,0,655518,0
150227,6,0,0,0,0,655519
150228,1,1,0,0,0,655537
150229,8,1,0,0,0,655538
150230,7,1,0,0,0,655560
150231,1,0,0,0,0,655616
150232,2,0,0,0,0,655617
150233,6,0,0,0,0,655618
150234,7,1,0,0,0,655622
150235,7,0,0,0,0,655623
150236,4,1,0,0,0,655624
150237,27,1,0,0,655626,0
150238,7,1,0,0,0,655663
150239,7,0,0,0,0,655664
150240,7,0,0,0,0,655677
150241,7,1,0,0,0,655678
150242,7,0,0,0,0,655679
150243,7,1,0,0,0,655680
150244,7,1,0,0,0,655681
150245,7,1,0,0,0,655682
150246,7,1,0,0,0,655683
150247,7,1,0,0,0,655739
150248,7,1,0,0,0,655740
150249,31,0,0,0,655741,0
150250,7,0,0,0,0,655742
150251,7,0,0,0,0,655743
150252,7,0,0,0,0,655744
150253,37,1,0,0,655753,0
150254,37,1,0,0,655754,0
150255,1,0,0,0,0,655755
150256,37,1,0,0,655756,0
150257,37,1,0,0,655757,0
150258,37,0,0,0,655758,0
150259,37,0,0,0,655759,0
150260,37,1,0,0,655760,0
150261,37,0,0,0,655761,0
150262,37,1,0,0,655762,0
150263,1,1,0,0,0,655817
150264,1,0,0,0,0,655819
150265,1,1,0,0,0,655820
150266,1,0,0,0,0,655821
150267,1,1,0,0,0,655822
150268,5,1,0,0,0,655828
150269,1,0,0,4,0,655870
150270,4,1,0,0,0,655871
150271,1,0,0,0,0,655919
150272,1,1,0,0,0,655995
150273,6,0,0,0,0,656138
150274,32,0,0,0,656139,0
150275,15,0,0,0,656266,0
150276,35,1,0,0,656267,0
150277,11,1,0,0,0,656268
150278,35,0,0,0,656269,0
150279,37,1,0,0,656412,0
150280,37,0,0,0,656422,0
150281,37,1,0,0,656509,0
150282,37,0,0,0,656516,0
150283,1,1,0,0,0,656522
150284,1,0,0,0,0,656734
150285,1,1,0,0,0,656901
150286,35,0,0,0,656986,0
150287,37,1,0,0,656987,0
150288,4,0,6,0,0,656988
150289,6,0,0,0,0,657133
150290,11,1,0,0,0,657357
150291,32,0,0,0,657441,0
150292,10,1,0,0,0,657468
150293,4,0,0,4,0,657469
150294,8,1,0,4,0,657470
150295,8,1,0,0,0,657471
150296,1,0,0,0,0,657540
150297,34,0,0,0,657571,0
150298,9,1,0,0,657573,0
150299,1,1,0,0,0,657575
150302,34,0,0,0,657780,0
150303,34,1,0,0,657781,0
150304,28,0,0,0,657782,0
150305,28,1,0,0,657791,0
150306,32,0,0,0,657792,0
150307,32,1,0,0,657793,0
150308,30,0,0,0,657794,0
150309,30,1,0,0,657795,0
150310,36,0,0,0,657796,0
150311,36,1,0,0,657797,0
150312,27,0,0,0,657798,0
150313,24,0,0,0,657804,0
150314,24,1,0,0,657807,0
150315,27,1,0,0,657808,0
150316,29,1,0,0,657809,0
150317,35,1,0,0,657810,0
150318,35,0,0,0,657811,0
150319,29,0,0,0,657812,0
150320,31,1,0,0,657813,0
150321,31,0,0,0,657814,0
150322,37,1,0,0,657826,0
150323,37,0,0,0,657827,0
150324,1,0,0,0,0,657994
150325,4,1,0,0,0,658025
150330,4,1,0,0,0,658049
150331,4,1,0,4,0,658093
150332,4,1,12,4,0,658094
150333,1,0,6,0,0,658095
150334,1,0,0,0,0,658459
150335,1,1,0,0,0,658460
150336,1,0,0,0,0,658461
150337,1,0,0,0,0,658462
150338,24,0,0,0,658481,0
150339,1,1,0,4,0,658500
150340,1,1,0,0,0,658502
150342,1,1,0,0,0,658564
150343,6,0,0,0,0,658617
150344,9,0,0,0,658627,0
150345,6,0,0,0,0,658628
150346,11,1,0,0,0,658629
150347,22,0,6,0,658630,0
150348,5,1,0,0,0,658631
150349,7,1,0,0,0,658632
150350,8,0,0,0,0,658633
150351,24,0,0,0,658634,0
150352,24,1,0,0,658635,0
150353,1,0,0,0,0,658636
150354,10,1,0,0,0,658637
150355,2,1,0,0,0,658638
150356,11,0,0,0,0,658639
150357,3,1,0,0,0,658640
150358,9,0,6,0,658641,0
150359,6,1,0,0,0,658642
150360,3,0,0,0,0,658643
150361,1,1,0,0,0,658644
150362,2,0,0,0,0,658645
150363,5,0,0,0,0,658646
150364,22,1,0,0,658647,0
150365,4,0,12,0,0,658648
150366,10,0,12,0,0,658655
150367,1,1,0,0,0,658752
150372,32,1,0,0,658861,0
150373,1,0,0,0,0,658863
150375,37,1,0,0,659087,0
150376,37,0,0,1,659088,0
150377,35,0,0,1,659089,0
150378,37,1,0,1,659090,0
150379,35,1,0,1,659091,0
150380,5,0,0,0,0,659099
150381,1,1,5,0,0,659172
150382,32,0,0,0,659173,0
150383,31,1,0,0,659174,0
150384,2,0,0,0,0,659175
150385,10,1,0,0,0,659176
150386,1,1,0,0,0,659267
150387,1,0,0,0,0,659268
150388,1,0,0,0,0,659269
150389,37,0,0,1,659511,0
150390,37,1,0,1,659512,0
150391,35,0,0,0,659513,0
150392,37,0,0,0,659514,0
150393,35,1,0,0,659515,0
150394,37,1,0,0,659516,0
150398,3,0,0,0,0,659930
150399,3,0,0,0,0,659933
150401,15,0,0,0,660079,0
150402,4,1,12,4,0,660258
150403,1,0,0,0,0,660264
150414,1,1,0,0,0,660561
150415,1,1,0,0,0,660562
150416,1,1,0,0,0,660563
150417,1,1,0,0,0,660564
150418,1,0,0,0,0,660565
150419,1,0,0,0,0,660566
150420,1,0,0,0,0,660567
150421,1,0,0,0,0,660569
150422,3,1,0,0,0,660606
150423,2,1,0,0,0,660643
150424,2,0,0,0,0,660644
150425,2,0,0,0,0,660645
150426,2,1,0,0,0,660646
150427,2,1,0,0,0,660647
150428,2,0,0,0,0,660648
150429,2,0,0,0,0,660649
150430,2,1,0,0,0,660650
150431,8,1,0,0,0,660651
150432,10,0,12,0,0,660653
150433,35,1,6,0,660679,0
150434,32,1,0,0,660680,0
150435,32,1,0,0,660682,0
150436,3,1,0,0,0,660724
150447,32,0,0,0,660975,0
150448,15,0,0,0,661010,0
150449,15,0,0,0,661011,0
150450,15,0,0,0,661044,0
150451,1,0,0,0,0,661343
150452,4,0,11,0,0,662020
150453,4,1,0,0,0,662021
150454,3,0,0,0,0,662485
150455,1,1,0,0,0,662486
150456,11,1,0,0,0,662487
150457,7,0,8,0,0,662488
150458,24,0,0,0,662499,0
150459,1,1,10,0,0,662500
150460,11,0,0,0,0,662501
150461,3,1,0,0,0,662502
150462,1,1,5,4,0,662503
150463,1,0,5,0,0,662504
150464,1,0,0,0,0,662505
150465,4,1,0,0,0,662506
150466,3,0,0,0,0,662507
150467,11,1,0,0,0,662508
150468,1,1,0,0,0,662516
150469,7,0,9,0,0,662517
150470,25,0,1,0,662518,0
150471,3,1,0,0,0,662519
150474,1,0,0,0,0,668332
150475,27,0,0,0,665913,0
150476,1,0,0,0,0,666086
150477,1,0,0,0,0,666087
150478,1,0,0,0,0,666089
150483,15,0,0,0,666549,0
150484,20,0,0,0,666554,0
150485,1,0,0,0,0,668334
150486,1,1,6,0,0,668963
150488,1,0,0,0,0,669052
150489,1,0,0,0,0,669053
150491,2,0,0,0,0,669832
150492,11,1,0,0,0,669833
150493,1,0,0,0,0,669834
150494,1,0,0,0,0,669835
150495,1,1,0,0,0,669836
150496,1,1,0,0,0,669837
150497,1,0,0,0,0,669838
150498,1,1,0,0,0,669839
150499,5,0,0,0,0,669840
150501,5,0,0,0,0,669843
150502,5,1,0,0,0,669844
150503,5,1,0,0,0,669845
150504,5,0,0,0,0,669846
150505,5,1,0,0,0,669847
150506,11,0,0,0,0,669848
150507,1,0,0,0,0,669849
150508,1,1,0,0,0,669850
150509,10,1,0,0,0,669851
150510,10,0,0,0,0,669852
150511,5,0,0,0,0,669853
150512,1,1,0,0,0,669918
150515,1,0,0,0,0,669921
150517,1,0,0,0,0,669962
150518,1,0,0,0,0,669963
150519,1,1,0,0,0,669969
150520,1,0,0,0,0,669970
150521,1,0,0,0,0,669971
150522,1,1,0,0,0,669972
150523,1,0,0,0,0,669973
150524,1,0,0,0,0,669974
150525,1,1,0,0,0,669975
150526,1,1,0,0,0,669976
150527,1,1,0,0,0,669977
150528,1,0,0,0,0,669978
150529,1,0,0,0,0,669982
150530,1,0,0,0,0,670010
150531,1,0,0,0,0,670011
150532,1,0,0,0,0,670012
150533,1,1,0,0,0,670013
150534,1,1,0,0,0,670014
150535,1,0,0,0,0,670015
150536,1,1,0,0,0,670016
150537,1,1,0,0,0,670017
150538,3,1,6,0,0,670070
150539,32,0,0,0,670071,0
150540,4,1,6,0,0,670072
150541,25,0,0,0,670073,0
150542,2,1,6,0,0,670074
150543,1,0,6,0,0,670075
150544,6,1,6,0,0,670076
150545,35,0,0,0,670077,0
150546,22,1,6,0,670078,0
150547,7,0,6,0,0,670079
150548,24,1,0,1,670198,0
150549,24,0,0,1,670199,0
150550,32,0,0,1,670200,0
150551,32,1,0,1,670201,0
150552,17,0,0,0,670202,0
150553,16,0,0,0,670203,0
150554,35,0,0,1,670204,0
150555,35,1,0,1,670205,0
150556,31,1,0,1,670206,0
150557,31,0,0,1,670207,0
150558,37,0,0,1,670208,0
150559,37,1,0,1,670209,0
150560,33,0,0,0,670210,0
150561,1,1,0,0,0,670511
150562,1,0,0,0,0,671041
150563,1,1,0,0,0,671042
150564,1,0,0,0,0,671077
150565,1,1,0,0,0,671078
150566,1,1,0,0,0,671079
150567,1,0,0,0,0,671080
150568,1,0,0,0,0,671081
150569,1,0,0,0,0,671082
150570,1,1,0,0,0,671083
150571,1,0,0,0,0,671084
150572,1,1,0,0,0,671085
150573,9,0,0,0,671126,0
150574,2,1,1,0,0,671127
150575,6,1,0,0,0,671149
150576,26,0,0,0,671150,0
150577,10,0,0,0,0,671151
150578,1,0,0,0,0,671152
150581,5,1,0,0,0,671314
150582,1,0,0,0,0,671387
150583,1,1,0,0,0,671478
150584,1,0,0,0,0,671479
150585,5,1,0,0,0,671480
150586,8,0,0,0,0,671481
150587,8,1,0,0,0,671532
150588,1,1,0,0,0,671733
150589,10,1,0,0,0,671841
150590,5,0,0,0,0,671842
150591,6,0,0,0,0,671843
150592,9,1,4,0,671844,0
150593,1,1,6,0,0,671845
150594,31,0,0,0,671846,0
150595,8,0,0,0,0,671847
150596,1,0,0,0,0,671935
150597,1,1,0,0,0,672557
150598,9,0,0,0,672765,0
150599,9,1,0,0,672766,0
150600,8,1,0,0,0,672767
150601,8,0,0,0,0,672768
150605,24,0,1,5,673324,0
150606,2,1,0,0,0,673486
150607,10,1,0,0,0,673880
150608,1,0,0,0,0,673884
150609,1,0,0,0,0,673913
150610,1,0,0,0,0,673914
150611,1,0,0,0,0,673915
150612,6,0,0,0,0,673916
150615,1,0,0,0,0,675069
150617,1,0,0,0,0,675071
150618,1,1,0,0,0,675072
150619,1,1,0,0,0,675073
150620,10,0,0,0,0,675075
150621,10,0,0,0,0,675076
150622,10,1,0,0,0,675077
150623,10,1,0,0,0,675078
150624,1,0,0,0,0,675079
150625,1,0,0,0,0,675080
150626,1,1,0,0,0,675081
150627,1,1,0,0,0,675082
150628,11,0,0,0,0,675083
150629,11,1,0,0,0,675084
150630,1,1,0,0,0,675280
150631,1,0,0,0,0,675483
150632,1,1,0,0,0,675484
150641,1,0,0,0,0,675717
150642,1,0,6,0,0,675718
150643,6,1,0,0,0,675719
150644,2,1,0,0,0,675720
150647,2,0,0,0,0,675777
150648,10,0,2,0,0,675778
150649,2,1,0,0,0,675779
150650,24,1,0,0,675782,0
150651,5,0,0,0,0,675783
150652,2,0,0,0,0,675784
150653,9,0,0,0,675843,0
150654,6,0,0,0,0,675844
150657,1,0,0,0,0,676697
150658,1,0,0,0,0,676698
150660,1,1,0,0,0,676700
150661,1,1,0,0,0,676701
150662,1,0,0,0,0,676702
150663,1,1,0,0,0,676704
150666,31,0,0,0,676885,0
150670,35,1,0,0,679205,0
150671,35,1,0,5,679207,0
150672,35,1,0,5,679208,0
150673,35,1,0,5,679209,0
150674,35,1,0,5,679211,0
150675,35,1,0,5,679224,0
150676,35,1,0,5,679228,0
150678,1,0,0,0,0,679282
150679,2,0,0,0,0,679896
150680,10,0,0,0,0,680468
150681,2,0,0,0,0,680486
150682,1,1,0,0,0,680487
150684,8,1,0,0,0,681078
150685,8,0,0,0,0,681079
150686,8,0,0,0,0,681342
150687,8,1,0,0,0,681441
150688,1,0,0,0,0,681449
150689,8,0,0,0,0,681450
150690,8,1,0,0,0,681451
150691,8,0,0,0,0,681453
150692,8,1,0,0,0,681454
150693,27,1,0,0,681750,0
150694,2,1,6,0,0,681751
150695,24,1,0,0,681932,0
150696,1,0,0,0,0,682509
150697,1,1,0,0,0,682578
150698,1,0,0,0,0,682579
150699,4,1,0,0,0,682660
150700,4,1,0,0,0,682661
150701,4,1,0,0,0,682662
150702,4,1,0,0,0,682663
150703,5,0,0,0,0,682818
150704,5,1,0,0,0,682819
150705,5,0,0,0,0,682947
150706,5,1,0,0,0,682948
150707,5,0,0,0,0,683176
150708,5,0,0,0,0,683354
150709,8,0,0,0,0,683959
150714,1,0,0,0,0,684076
150715,1,1,0,0,0,684085
150724,1,0,0,0,0,684579
150729,1,0,0,0,0,684635
150730,5,1,0,0,0,684675
150731,6,1,0,0,0,684836
150734,7,0,0,0,0,688323
150735,3,0,0,0,0,689005
150736,1,1,4,1,0,689081
150740,10,1,0,0,0,689601
150770,4,0,0,0,0,690399
150771,4,1,0,0,0,690400
150772,4,1,0,0,0,690522
150782,1,1,0,0,0,690643
150793,24,0,0,0,695011,0
150794,3,0,0,0,0,699793
150795,1,0,0,0,0,700290
150796,1,1,0,0,0,700291
150799,1,1,0,0,0,700294
150802,4,0,0,0,0,700297
150806,1,1,0,0,0,700301
150807,1,0,0,0,0,700386
150808,1,0,0,0,0,700387
150809,1,1,0,0,0,700388
150810,1,1,1,0,0,700389
150811,1,0,0,0,0,700396
150813,1,0,0,0,0,704351
150814,31,1,0,0,706103,0
150815,32,1,0,0,706104,0
150819,1,0,0,0,0,710767
150820,1,0,0,0,0,711113
150821,1,1,0,0,0,711396
150822,1,0,0,0,0,711589
150823,8,0,0,0,0,712988
150824,3,1,0,0,0,717909
150825,1,0,0,0,0,718092
150826,1,1,0,0,0,718154
150827,1,0,0,0,0,718281
150828,3,1,0,0,0,718405
150829,7,1,0,0,0,718504
150830,1,1,0,0,0,718612
150831,1,1,0,0,0,718690
150832,1,0,0,0,0,718783
150833,3,0,0,0,0,718909
150834,1,1,0,0,0,719056
150835,1,0,0,0,0,719351
150837,6,1,0,0,0,719748
150838,1,1,0,0,0,719755
150839,1,1,0,0,0,719756
150840,1,1,0,0,0,719757
150841,1,1,0,0,0,719787
150842,1,0,0,0,0,719788
150843,1,1,0,0,0,719789
150844,1,0,0,0,0,719790
150845,1,1,0,0,0,719791
150846,4,1,0,0,0,719792
150847,6,0,0,0,0,719822
150848,6,1,0,0,0,719823
150849,6,0,0,0,0,719824
150850,34,1,0,0,719825,0
150851,7,0,0,0,0,719826
150852,4,1,0,0,0,719830
150853,2,0,0,0,0,719831
150854,35,0,0,0,719832,0
150855,6,1,0,0,0,719833
150856,10,1,0,0,0,719834
150857,22,0,0,0,719835,0
150858,2,0,0,0,0,719950
150859,2,1,0,0,0,719960
150860,2,0,0,0,0,719961
150861,2,0,0,0,0,719962
150862,2,0,0,0,0,719963
150863,2,0,0,0,0,719964
150864,2,0,0,0,0,719965
150865,2,1,0,0,0,719966
150866,2,0,0,0,0,719967
150867,8,0,0,0,0,719968
150868,2,0,0,0,0,720035
150869,2,0,0,0,0,720036
150870,8,0,0,0,0,720037
150875,1,1,0,0,0,720224
150876,1,1,0,0,0,720225
150877,1,0,0,0,0,720226
150878,1,1,0,0,0,720227
150879,1,0,0,0,0,720228
150880,1,1,0,0,0,720229
150881,1,0,0,0,0,720230
150882,1,0,0,0,0,720231
150883,3,0,0,0,0,720232
150884,3,1,0,0,0,720233
150885,34,0,0,0,720234,0
150886,4,0,0,0,0,720259
150887,8,1,0,0,0,720260
150888,8,0,0,0,0,720261
150889,8,1,0,0,0,720262
150890,8,0,0,0,0,720263
150891,8,1,0,0,0,720264
150892,9,0,0,0,720265,0
150893,9,1,0,0,720266,0
150894,32,0,0,0,720344,0
150895,7,1,0,0,0,720382
150896,7,1,0,0,0,720383
150897,7,1,0,0,0,720384
150898,10,1,0,0,0,720515
150899,1,0,0,0,0,720540
150900,1,1,0,0,0,720593
150901,2,0,0,0,0,720661
150902,2,1,0,0,0,720662
150903,9,1,0,0,720663,0
150904,2,1,0,0,0,720664
150905,2,1,0,0,0,720683
150906,2,0,0,0,0,720686
150907,2,0,0,0,0,720687
150908,2,1,0,0,0,720700
150909,2,0,0,0,0,720703
150910,2,1,0,0,0,720704
150911,9,0,0,0,720705,0
150912,2,0,0,0,0,720706
150913,8,0,0,0,0,720707
150914,2,0,0,0,0,720708
150915,2,1,0,0,0,720709
150916,2,1,0,0,0,720710
150917,10,0,0,0,0,720711
150918,10,0,0,0,0,720712
150919,10,0,0,0,0,720713
150920,10,0,0,0,0,720714
150921,10,1,0,0,0,720715
150922,10,1,0,0,0,720716
150923,10,1,0,0,0,720717
150924,10,1,0,0,0,720718
150925,10,0,0,0,0,720719
150926,10,0,0,0,0,720720
150927,3,1,0,0,0,720721
150928,3,1,0,0,0,720722
150929,3,1,0,0,0,720723
150930,3,1,0,0,0,720724
150931,3,1,0,0,0,720725
150932,3,1,0,0,0,720726
150933,3,1,0,0,0,720727
150934,1,0,0,0,0,721010
150935,1,1,0,0,0,721011
150936,1,0,0,0,0,721012
150937,1,1,0,0,0,721013
150938,1,1,0,0,0,723615
150939,1,1,0,0,0,723616
150941,1,0,0,0,0,723871
150942,4,0,0,0,0,723872
150943,2,1,0,0,0,723873
150944,2,0,0,0,0,723874
150945,1,1,0,0,0,723925
150946,10,0,0,0,0,723926
150947,2,1,0,0,0,724021
150948,2,1,0,0,0,724428
150949,10,1,0,0,0,724450
150950,1,1,0,0,0,724496
150952,10,0,2,0,0,724530
150953,6,0,0,0,0,724531
150954,6,0,0,0,0,724907
150955,6,0,0,0,0,724908
150956,1,0,0,0,0,724909
150957,1,0,0,0,0,724910
150958,1,0,0,0,0,724911
150959,1,1,0,0,0,724912
150960,1,1,0,0,0,724913
150961,1,1,0,0,0,724968
150962,1,0,0,0,0,724969
150963,1,0,0,0,0,724970
150964,1,0,0,0,0,724990
150965,1,0,0,0,0,724991
150966,1,1,0,0,0,724994
150967,1,1,0,0,0,724995
150968,1,1,0,0,0,724996
150969,1,1,0,0,0,724997
150970,1,0,0,0,0,724998
150971,1,0,0,0,0,725002
150972,1,1,0,0,0,725066
150973,1,1,0,0,0,725077
150974,1,1,0,0,0,725078
150975,1,1,0,0,0,725079
150976,1,1,0,0,0,725080
150977,1,1,0,0,0,725081
150978,1,1,0,0,0,725208
150979,1,1,0,0,0,725218
150980,1,1,0,0,0,725219
150981,1,1,0,0,0,725220
150982,14,0,0,0,725300,0
150987,10,0,0,0,0,725420
150988,10,1,0,0,0,725421
150989,11,0,0,0,0,725422
150990,11,1,0,0,0,725423
150991,3,0,0,0,0,725424
150992,3,1,0,0,0,725425
150993,7,0,0,0,0,725426
150994,7,1,0,0,0,725427
150995,9,0,0,0,725428,0
150996,9,1,0,0,725429,0
150997,1,0,0,0,0,725430
150998,1,1,0,0,0,725431
150999,2,0,0,0,0,725432
151000,2,1,0,0,0,725433
151001,6,0,0,0,0,725434
151002,6,1,0,0,0,725435
151003,5,0,0,0,0,725436
151004,5,1,0,0,0,725437
151005,22,0,0,0,725438,0
151006,22,1,0,0,725439,0
151019,31,0,0,0,725440,0
151020,31,1,0,0,725441,0
151021,35,0,0,0,725442,0
151022,35,1,0,0,725443,0
151023,32,0,0,0,725444,0
151024,32,1,0,0,725445,0
151025,24,0,0,0,725446,0
151026,24,1,0,0,725447,0
151027,16,0,0,0,725448,0
151028,17,0,0,0,725449,0
151029,33,0,0,0,725450,0
151030,8,0,0,0,0,725451
151031,8,1,0,0,0,725452
151052,5,0,0,0,0,726225
151070,2,0,0,0,0,726530
151077,35,0,0,0,727677,0
151081,11,1,0,0,0,727980
151082,11,0,0,0,0,727981
151084,1,0,0,0,0,728276
151085,1,0,0,0,0,728277
151086,9,1,0,0,728444,0
151089,10,1,0,4,0,728991
151090,1,0,0,0,0,728994
151092,10,0,0,0,0,728996
151093,34,1,0,0,728997,0
151095,10,1,0,0,0,729016
151096,1,1,0,0,0,729017
151097,1,1,0,0,0,729018
151102,7,0,0,0,0,729078
151103,10,1,0,4,0,729083
151128,1,0,0,0,0,729803
151129,1,0,0,0,0,729841
151130,1,0,0,0,0,729914
151131,1,0,0,0,0,729915
151132,1,0,0,0,0,729981
151133,1,0,0,0,0,729982
151134,24,0,0,0,730468,0
151137,16,0,1,0,731078,0
151138,16,0,1,0,731079,0
151143,1,1,0,0,0,731320
151144,1,1,0,0,0,731622
151145,4,0,0,0,0,731679
151146,1,1,0,0,0,732475
151147,4,0,0,0,0,732857
151159,1,0,0,0,0,734355
151160,1,1,5,0,0,734550
151161,1,0,0,0,0,734551
151162,30,1,0,0,735064,0
151163,24,1,0,4,735235,0
151165,1,0,0,0,0,736240
151166,1,0,0,0,0,736277
151167,1,1,0,0,0,736278
151168,6,0,0,0,0,736396
151169,6,1,0,0,0,736397
151170,7,0,0,0,0,736402
151171,7,1,0,0,0,736403
151172,7,1,0,0,0,736404
151173,3,1,0,0,0,736405
151174,3,1,0,0,0,736406
151175,7,0,0,0,0,736407
151178,34,1,0,0,736408,0
151179,7,0,0,0,0,736410
151181,32,1,1,0,736534,0
151182,1,1,0,0,0,736535
151183,1,0,0,0,0,736536
151184,1,0,0,0,0,736539
151185,10,1,3,0,0,736540
151186,10,0,3,0,0,736541
151187,32,0,0,0,736577,0
151188,32,0,0,0,736578,0
151189,32,0,0,0,736579,0
151190,1,0,0,0,0,736600
151191,1,0,0,0,0,736992
151192,9,1,0,0,740813,0
151193,9,0,0,0,740895,0
151194,8,0,0,0,0,741028
151195,31,0,0,0,741144,0
151196,1,0,0,0,0,741148
151200,32,1,0,0,743163,0
151202,10,1,0,0,0,744074
151203,8,1,0,0,0,745126
151204,30,1,8,4,745298,0
151205,1,0,0,0,0,745371
151208,1,0,0,0,0,746233
151212,1,0,0,0,0,746372
151213,24,0,0,0,746408,0
151214,24,0,0,0,746409,0
151216,37,1,0,0,746412,0
151217,37,1,0,0,746413,0
151218,37,0,0,0,746414,0
151219,37,0,0,0,746415,0
151220,9,1,0,0,746420,0
151221,9,1,0,0,746421,0
151222,4,1,0,0,0,746471
151223,24,0,0,0,746473,0
151224,9,1,0,0,746474,0
151225,5,0,0,0,0,746475
151226,35,1,0,0,746476,0
151227,6,0,0,0,0,746477
151228,36,1,0,0,746479,0
151229,37,1,0,0,746480,0
151230,31,1,0,0,746481,0
151231,1,0,0,0,0,746482
151232,4,0,0,0,0,746483
151233,10,1,0,4,0,746535
151234,22,0,0,0,746536,0
151235,11,1,0,0,0,746537
151236,4,1,0,0,0,746887
151237,6,0,0,0,0,746894
151238,6,1,0,0,0,746895
151239,75,1,0,0,760105,0
151241,1,1,0,0,0,748142
151242,1,0,0,0,0,748187
151243,1,0,0,0,0,748190
151244,9,1,0,0,748194,0
151245,10,0,0,0,0,748192
151246,7,1,0,0,0,748193
151247,4,0,0,0,0,748195
151248,27,1,0,0,748196,0
151249,26,1,0,0,748197,0
151250,8,0,0,0,0,748198
151251,5,0,0,0,0,748199
151252,29,1,0,0,748200,0
151253,22,1,0,0,748201,0
151254,35,0,0,0,748202,0
151255,34,0,0,0,748203,0
151256,11,0,0,0,0,748204
151257,28,0,0,0,748205,0
151258,32,1,0,0,748206,0
151259,30,1,0,0,748207,0
151260,36,0,0,0,748208,0
151261,37,1,0,0,748209,0
151262,6,1,0,0,0,748210
151263,31,1,0,0,748211,0
151264,6,1,7,0,0,764335
151265,6,1,7,0,0,764334
151266,6,0,7,0,0,764336
151267,6,0,7,0,0,764337
151268,8,1,7,0,0,764338
151269,8,1,7,0,0,764339
151270,8,0,7,0,0,764340
151271,8,0,7,0,0,764341
151272,8,1,8,0,0,748608
151273,8,1,8,0,0,748609
151274,8,0,8,0,0,764345
151275,8,0,8,0,0,764344
151276,4,1,8,0,0,748612
151277,4,1,8,0,0,748613
151278,4,0,8,4,0,764346
151279,4,0,8,4,0,764347
151280,4,1,8,4,0,764331
151281,4,1,8,4,0,764332
151282,4,0,8,4,0,748618
151283,4,0,8,4,0,748619
151284,35,1,8,4,764333,0
151285,35,1,8,4,748622,0
151286,35,0,8,4,748623,0
151287,35,0,8,4,748624,0
151290,10,1,8,4,0,748627
151291,10,1,8,4,0,748628
151292,10,0,8,4,0,764342
151293,10,0,8,4,0,764343
151294,4,1,8,4,0,748631
151295,4,1,8,4,0,748632
151296,4,0,8,4,0,748633
151297,4,0,8,4,0,748634
151300,3,1,0,0,0,748967
151301,3,1,0,0,0,748966
151302,3,0,1,0,0,748968
151303,3,0,1,0,0,748969
151304,2,1,1,0,0,764354
151305,2,1,1,0,0,764355
151306,2,0,1,0,0,748972
151307,2,0,1,0,0,748979
151309,31,0,1,0,748981,0
151310,11,1,1,0,0,764362
151311,11,1,1,0,0,764363
151312,11,0,1,0,0,764364
151313,11,0,1,0,0,764365
151314,6,1,1,0,0,748986
151315,6,1,1,0,0,748987
151316,6,1,1,0,0,748988
151317,6,1,1,0,0,749165
151318,6,0,1,0,0,749166
151319,6,0,1,0,0,749167
151322,6,0,1,0,0,764348
151323,6,0,1,0,0,764349
151324,8,1,1,0,0,764350
151325,8,1,1,0,0,764351
151326,8,0,1,0,0,764352
151327,8,0,1,0,0,764353
151330,34,1,1,0,764358,0
151331,34,1,1,0,764359,0
151332,34,0,1,0,764360,0
151333,34,0,1,0,764361,0
151334,8,1,1,0,0,749183
151335,8,1,1,0,0,749184
151336,8,0,1,0,0,749185
151337,8,0,1,0,0,749186
151338,6,1,1,0,0,749187
151339,6,1,1,0,0,749194
151341,10,0,0,0,0,749210
151342,10,0,0,0,0,749211
151343,10,0,0,0,0,749212
151344,10,0,0,0,0,749213
151345,1,0,0,0,0,749223
151346,1,0,0,0,0,749224
151347,1,0,0,0,0,749225
151348,1,0,0,0,0,749231
151360,10,1,0,0,0,749540
151361,1,1,0,0,0,749541
151362,1,1,0,0,0,749542
151363,10,1,0,0,0,749543
151366,10,1,0,0,0,749832
151367,35,0,0,0,749835,0
151368,1,1,3,0,0,749836
151369,5,0,0,0,0,750113
151370,5,1,0,0,0,750114
151371,5,0,0,0,0,750115
151372,1,0,0,0,0,750558
151373,10,0,0,0,0,750559
151374,1,0,0,0,0,750560
151375,1,0,0,0,0,750563
151376,1,0,0,0,0,750564
151377,1,0,0,0,0,750568
151378,10,0,0,0,0,750569
151379,10,0,0,0,0,750570
151380,10,0,0,0,0,750571
151381,1,0,0,0,0,750572
151382,1,0,0,0,0,750573
151383,1,0,0,0,0,750574
151384,5,0,0,0,0,750653
151385,1,0,0,0,0,751414
151386,1,1,0,0,0,751415
151387,27,1,0,0,751419,0
151388,5,0,0,0,0,751963
151397,52,0,0,0,752020,0
151398,52,0,0,0,752021,0
151399,52,1,0,0,752022,0
151400,52,1,0,0,752023,0
151401,70,0,0,0,752024,0
151402,32,0,0,0,752118,0
151403,52,0,0,0,752119,0
151404,52,0,0,0,752120,0
151405,52,0,0,0,752121,0
151406,52,0,0,0,752122,0
151407,52,0,0,0,752123,0
151408,52,0,0,0,752124,0
151409,52,0,0,0,752125,0
151410,52,0,0,0,752126,0
151412,52,0,0,0,752228,0
151413,52,0,0,0,752229,0
151414,52,0,0,0,752230,0
151415,52,0,0,0,752231,0
151416,52,0,0,0,752232,0
151417,52,0,0,0,752233,0
151418,52,0,0,0,752234,0
151419,52,0,0,0,752235,0
151420,9,1,0,0,752258,0
151421,52,0,0,0,752261,0
151422,52,0,0,0,752262,0
151424,52,0,0,0,752342,0
151426,52,0,0,0,752635,0
151427,52,0,0,0,752682,0
151441,10,1,0,0,0,753349
151442,1,1,2,0,0,753350
151443,52,1,0,0,753405,0
151444,1,0,0,0,0,753739
151445,31,1,0,0,753740,0
151446,52,0,0,0,753913,0
151447,10,1,0,0,0,754191
151449,3,1,0,0,0,754193
151457,71,0,0,0,754268,0
151458,74,0,0,0,754269,0
151459,72,0,0,0,754270,0
151460,73,0,0,0,754271,0
151461,74,0,0,0,754272,0
151463,72,0,0,0,754385,0
151466,72,0,0,0,754427,0
151467,72,0,0,0,754438,0
151468,72,0,0,0,754441,0
151469,72,0,0,0,754465,0
151470,72,0,0,0,754466,0
151471,72,0,0,0,754522,0
151472,72,0,0,0,754523,0
151473,72,0,0,0,754524,0
151478,71,0,0,0,754551,0
151498,77,0,0,0,757602,0
151502,77,0,0,0,757777,0
151507,4,1,6,0,0,757948
151508,4,0,6,0,0,757949
151510,10,1,0,0,0,758386
151512,52,0,0,0,758426,0
151513,9,1,0,0,758427,0
151515,52,0,0,0,758464,0
151516,7,1,0,0,0,758465
151517,30,1,0,0,758754,0
151518,10,1,8,0,0,758840
151519,70,1,0,0,758876,0
151520,72,0,0,0,758902,0
151522,11,0,3,4,0,758923
151524,4,1,0,0,0,758940
151525,1,0,0,0,0,758941
151529,3,0,0,0,0,759000
151533,52,0,0,0,759161,0
151534,6,0,0,0,0,759243
151536,1,1,0,0,0,759605
151537,10,1,0,0,0,759719
151539,3,0,0,0,0,759787
151541,2,0,0,0,0,759789
151542,5,0,0,0,0,759790
151543,5,1,0,0,0,759791
151544,5,0,0,0,0,759792
151545,5,1,0,4,0,759793
151546,5,0,0,0,0,759794
151547,5,1,0,0,0,759795
151548,5,0,0,0,0,759796
151549,5,1,0,0,0,759797
151550,2,0,0,0,0,759798
151551,2,1,0,0,0,759799
151552,10,0,12,0,0,759800
151553,10,1,12,0,0,759801
151554,5,0,0,0,0,759802
151555,5,1,0,0,0,759803
151556,5,0,0,0,0,759804
151557,5,1,0,0,0,759805
151558,8,0,0,0,0,759806
151559,8,1,0,0,0,759807
151560,5,0,0,0,0,759808
151561,5,1,0,0,0,759809
151562,71,0,0,0,759810,0
151563,5,0,0,0,0,759811
151564,5,1,0,0,0,759812
151565,5,0,0,0,0,759813
151566,5,1,0,0,0,759814
151569,71,0,0,0,759820,0
151571,74,0,0,0,759920,0
151573,8,0,0,0,0,759922
151574,77,0,0,0,759923,0
151575,17,0,0,0,759929,0
151576,5,1,0,0,0,759963
151577,5,0,0,0,0,759964
151578,17,0,0,0,759981,0
151579,31,0,0,0,759982,0
151580,26,0,0,0,759985,0
151581,5,1,0,0,0,760055
151582,5,0,0,0,0,760056
151583,1,0,0,0,0,760081
151585,6,1,0,0,0,760089
151586,8,0,0,0,0,760130
151587,8,0,0,0,0,760131
151588,7,1,0,0,0,760135
151589,32,0,0,0,760138,0
151590,10,0,0,0,0,760142
151591,2,0,0,0,0,760151
151592,1,1,0,0,0,760220
151593,10,0,0,0,0,760221
151594,10,1,0,0,0,760231
151595,6,1,0,0,0,760246
151596,8,0,0,0,0,760247
151597,6,1,0,0,0,760251
151598,6,0,0,0,0,760253
151599,10,1,0,0,0,760254
151600,10,1,0,0,0,760255
151601,10,1,0,0,0,760256
151602,10,1,0,0,0,760257
151603,10,1,0,0,0,760258
151604,7,0,0,0,0,760265
151605,3,1,0,0,0,760266
151606,3,0,0,0,0,760267
151607,72,1,0,0,760268,0
151608,72,1,0,0,760269,0
151609,71,0,0,0,760270,0
151610,71,1,0,0,760271,0
151611,73,1,0,0,760272,0
151612,74,1,0,0,760273,0
151613,3,0,0,0,0,760274
151614,10,0,0,0,0,760275
151615,27,0,0,0,760279,0
151616,10,0,0,0,0,760280
151617,8,1,0,0,0,760282
151618,10,0,0,0,0,760283
151619,7,1,0,0,0,760284
151620,3,1,0,0,0,760285
151621,3,0,0,0,0,760299
151622,3,0,0,0,0,760303
151623,32,1,0,0,760304,0
151624,3,0,0,0,0,760305
151625,10,0,0,0,0,760306
151628,32,1,0,0,760335,0
151630,10,0,12,0,0,760365
151643,3,0,0,0,0,760432
151644,3,1,0,0,0,760433
151646,3,1,0,0,0,760522
151648,3,0,0,0,0,760527
151650,27,1,0,0,760529,0
151651,3,1,0,0,0,760530
151652,3,0,0,0,0,760531
151653,3,0,0,4,0,760532
151654,3,1,0,4,0,760533
151655,1,0,0,0,0,760534
151659,71,0,0,0,760716,0
151670,24,1,8,0,760779,0
151671,8,0,0,0,0,760780
151672,8,1,0,0,0,760781
151673,52,0,13,0,760905,0
151674,28,1,0,0,760783,0
151676,4,1,0,4,0,760785
151678,7,1,0,0,0,760787
151679,1,1,0,4,0,760788
151680,9,1,3,0,760789,0
151681,10,1,1,0,0,760790
151682,28,1,7,0,760791,0
151683,7,0,0,0,0,760792
151684,31,0,7,0,760814,0
151685,3,0,0,4,0,760883
151687,3,0,0,4,0,760885
151688,1,1,0,4,0,760897
151689,1,1,0,4,0,760898
151690,7,1,0,0,0,760902
151691,7,0,0,0,0,760903
151692,5,0,0,0,0,760904
151693,10,1,8,0,0,760927
151694,10,1,8,0,0,760934
151695,37,1,4,0,760935,0
151696,3,0,0,0,0,760940
151697,3,1,0,4,0,760967
151698,7,0,0,0,0,760968
151699,10,0,0,0,0,760974
151700,10,0,0,0,0,760975
151701,10,1,0,0,0,760976
151702,10,1,0,0,0,760977
151703,10,1,0,0,0,760978
151704,4,1,0,0,0,760979
151709,34,0,0,0,761037,0
151710,3,0,0,4,0,761038
151711,3,0,0,4,0,761039
151712,3,0,0,4,0,761040
151713,3,0,0,4,0,761041
151714,10,0,0,0,0,761042
151715,7,0,0,0,0,761099
151716,28,1,10,0,761103,0
151717,10,1,1,0,0,761105
151718,29,0,1,0,761109,0
151719,3,1,1,0,0,761107
151720,6,1,1,0,0,761108
151721,35,0,1,0,761110,0
151722,32,0,1,0,761111,0
151723,36,1,1,0,761112,0
151724,24,0,1,0,761113,0
151725,5,0,1,0,0,761114
151726,11,1,1,0,0,761115
151727,52,0,0,0,761116,0
151729,52,1,0,0,761118,0
151730,27,1,8,0,761119,0
151731,6,0,0,0,0,761120
151732,2,0,7,0,0,761121
151733,4,0,8,0,0,761122
151734,37,1,8,0,761123,0
151735,31,1,8,0,761124,0
151737,76,1,0,0,761126,0
151738,75,0,0,0,761127,0
151739,70,1,0,0,761136,0
151740,3,1,0,0,0,761137
151741,32,0,8,0,761138,0
151743,1,0,0,0,0,761144
151744,27,0,0,0,761154,0
151745,24,1,0,0,761181,0
151746,6,0,0,0,0,761182
151747,10,1,0,0,0,761183
151748,8,0,0,0,0,761260
151749,71,0,0,0,761308,0
151750,71,1,0,0,761309,0
151751,73,0,0,0,761310,0
151752,73,1,0,0,761311,0
151753,74,0,0,0,761312,0
151754,74,1,0,0,761313,0
151755,71,0,0,0,761314,0
151756,71,1,0,0,761315,0
151757,71,0,0,0,761316,0
151758,27,1,0,0,761332,0
151759,1,0,0,0,0,761333
151760,10,0,0,0,0,761334
151763,3,1,0,4,0,761403
151764,1,1,0,0,0,761458
151765,3,0,0,4,0,761481
151766,1,0,0,0,0,761482
151767,6,0,0,0,0,761483
151769,52,0,0,0,761529,0
151774,34,1,0,0,761535,0
151775,1,1,0,4,0,761536
151776,52,0,0,0,761537,0
151782,27,0,0,0,761557,0
151789,52,0,0,0,761695,0
151790,52,0,0,0,761699,0
151799,3,0,0,0,0,761850
151800,7,0,0,0,0,761851
151801,10,0,0,0,0,761852
151802,11,0,0,0,0,761853
151803,11,1,0,0,0,761854
151804,10,1,0,0,0,761855
151805,32,1,0,0,761856,0
151806,32,0,0,0,761857,0
151807,8,0,0,0,0,761858
151808,8,1,0,0,0,761859
151809,1,1,0,0,0,761860
151810,1,1,0,0,0,761861
151811,1,1,0,0,0,761862
151812,1,0,0,0,0,761863
151813,1,0,0,0,0,761864
151814,7,1,0,0,0,761865
151815,7,0,0,0,0,761866
151816,10,1,0,0,0,761867
151817,10,0,0,0,0,761868
151818,1,0,0,0,0,761869
151819,10,1,0,0,0,761876
151821,8,0,0,0,0,761925
151828,27,1,0,0,761935,0
151829,35,1,0,0,761936,0
151832,3,1,0,0,0,762224
151833,8,0,0,0,0,762228
151834,8,1,0,0,0,762229
151835,9,0,0,0,762331,0
151836,1,0,0,0,0,762337
151837,11,1,0,0,0,762338
151838,11,1,0,0,0,762357
151841,71,0,0,0,762491,0
151842,3,1,0,0,0,762492
151843,1,0,0,0,0,762493
151844,1,1,0,0,0,762494
151845,24,1,0,0,762495,0
151846,3,0,0,0,0,762559
151847,24,0,0,0,762560,0
151848,9,1,0,0,762561,0
151849,3,0,0,0,0,762562
151850,10,0,0,0,0,762563
151851,9,0,0,0,762564,0
151852,7,1,0,0,0,762565
151853,4,0,0,0,0,762566
151854,1,1,0,0,0,762567
151855,4,1,12,0,0,762574
151856,3,1,0,0,0,762717
151857,10,1,0,0,0,762725
151858,24,1,7,0,762778,0
151859,3,0,0,0,0,762779
151860,1,1,0,0,0,762780
151861,73,0,0,0,762823,0
151862,10,0,0,0,0,763015
151863,22,0,0,0,763022,0
151864,32,0,0,0,763043,0
151865,26,1,0,0,763044,0
151866,7,1,0,0,0,763045
151867,7,0,0,0,0,763046
151868,52,0,13,0,763047,0
151869,6,0,0,0,0,763049
151871,2,1,0,0,0,763176
151872,1,0,0,0,0,763177
151873,7,0,0,0,0,763189
151876,8,1,0,0,0,763370
151877,1,0,0,0,0,763180
151878,1,1,0,0,0,763181
151879,7,0,0,0,0,763182
151880,7,1,0,0,0,763183
151881,11,0,0,0,0,763184
151882,11,1,0,0,0,763185
151883,11,1,0,0,0,763186
151884,35,0,0,0,763368,0
151885,35,0,0,0,763369,0
151886,11,0,0,0,0,763371
151887,71,1,0,0,763372,0
151888,32,1,0,4,763379,0
151889,1,1,0,0,0,763380
151890,1,0,0,0,0,763381
151891,7,1,0,0,0,763382
151892,7,0,0,0,0,763383
151893,11,0,0,0,0,763384
151894,11,1,0,0,0,763385
151895,28,1,0,0,763386,0
151897,27,0,0,0,763522,0
151898,4,1,0,0,0,764059
151899,3,0,0,0,0,763576
151900,11,1,0,0,0,763577
151901,32,1,0,0,763578,0
151902,9,0,8,0,763579,0
151903,7,0,0,0,0,768563
151904,24,1,0,0,763582,0
151905,34,1,0,0,763583,0
151906,37,0,0,0,763584,0
151909,9,0,0,0,763820,0
151910,9,1,0,0,763821,0
151911,71,0,0,0,763822,0
151912,52,0,0,0,763922,0
151913,1,0,0,5,0,763923
151914,1,0,0,5,0,763924
151915,1,0,0,5,0,763925
151916,24,0,0,0,763926,0
151918,8,0,0,4,0,763936
151919,71,0,0,0,763937,0
151921,3,0,0,0,0,763939
151922,1,0,0,0,0,764000
151923,1,1,0,0,0,764001
151924,4,0,0,0,0,764057
151925,2,0,0,0,0,764058
151926,2,0,0,0,0,764073
151927,1,1,0,0,0,764074
151928,2,1,0,0,0,764075
151929,8,1,0,0,0,764076
151930,26,1,0,0,764078,0
151931,1,0,0,0,0,764079
151932,6,0,0,0,0,764080
151933,35,0,0,0,764081,0
151934,27,0,0,0,764082,0
151946,1,1,0,0,0,764114
151947,1,0,0,0,0,764115
151948,7,1,0,0,0,764116
151949,7,0,0,0,0,764117
151950,11,0,0,0,0,764118
151951,11,1,0,0,0,764119
151953,28,0,0,4,764136,0
151955,71,0,0,0,764149,0
151956,75,0,0,0,764152,0
151957,1,0,0,0,0,764155
151958,10,0,0,0,0,764156
151959,10,0,0,0,0,764310
151960,77,0,0,0,764311,0
151968,4,0,1,0,0,764320
151969,4,0,1,0,0,764321
151970,4,1,1,0,0,764357
151972,4,1,1,0,0,764356
151974,6,0,1,0,0,764326
151975,6,0,1,0,0,764327
151994,1,0,0,0,0,764458
151995,1,0,0,0,0,764459
151996,1,0,0,5,0,764460
151997,4,0,1,4,0,764461
152001,74,0,0,0,764465,0
152002,72,0,0,0,764468,0
152003,5,1,0,0,0,764469
152018,10,0,0,0,0,764547
152019,7,0,0,0,0,764554
152020,75,1,0,0,764555,0
152021,52,0,0,0,764556,0
152022,4,1,8,0,0,764557
152025,75,0,0,0,764605,0
152026,3,1,0,0,0,764859
152027,27,0,0,0,764888,0
152028,71,0,0,0,764889,0
152029,10,1,0,0,0,764893
152030,76,0,0,0,764953,0
152031,72,0,0,0,764954,0
152032,1,1,0,0,0,764955
152033,7,1,0,0,0,764967
152036,28,1,0,0,764970,0
152041,3,1,0,0,0,764975
152045,4,1,0,0,0,764979
152047,27,1,0,0,765009,0
152052,4,0,1,0,0,765021
152053,4,0,1,0,0,765022
152054,7,0,0,0,0,765023
152055,10,1,1,4,0,765024
152056,4,1,1,4,0,765025
152057,71,0,0,0,765026,0
152058,4,0,0,0,0,765029
152059,11,1,1,4,0,765100
152060,5,0,0,0,0,765102
152061,72,0,0,0,765103,0
152062,5,1,0,0,0,765441
152063,4,0,0,0,0,765443
152068,10,1,0,0,0,765445
152069,52,0,0,4,765592,0
152070,10,1,8,0,0,765593
152071,10,0,0,0,0,765623
152072,1,1,0,0,0,765624
152073,31,0,0,0,765625,0
152074,37,0,0,0,765626,0
152075,72,0,0,0,765627,0
152076,72,0,0,0,765628,0
152077,72,0,0,0,765629,0
152078,72,0,0,0,765630,0
152079,72,0,0,0,765631,0
152080,72,0,0,0,765632,0
152081,72,0,0,0,765633,0
152082,72,0,0,0,765634,0
152083,72,0,0,0,765635,0
152084,72,0,0,0,765636,0
152085,72,0,0,0,765637,0
152086,72,0,0,0,765638,0
152087,72,0,0,0,765639,0
152088,72,0,0,0,765640,0
152089,72,0,0,0,765641,0
152090,72,0,0,0,765642,0
152091,72,0,0,0,765643,0
152092,72,0,0,0,765644,0
152094,7,0,0,0,0,765649
152095,11,1,0,0,0,765652
152096,22,0,0,0,765653,0
152097,35,0,0,0,765654,0
152098,2,1,0,0,0,765658
152099,10,1,0,0,0,765659
152100,26,0,0,0,765660,0
152101,3,0,0,0,0,765661
152102,71,0,0,0,765662,0
152103,3,0,0,0,0,765688
152104,1,0,0,0,0,765689
152105,71,0,0,0,765773,0
152106,71,0,0,0,765774,0
152107,71,0,0,0,765775,0
152108,71,0,0,0,765776,0
152109,71,0,0,0,765777,0
152110,34,0,0,0,765788,0
152111,1,0,0,5,0,765814
152112,1,0,0,5,0,765815
152113,10,1,0,0,0,765847
152114,11,0,0,0,0,765848
152115,10,0,0,0,0,765849
152116,8,0,0,0,0,765851
152117,4,0,0,0,0,765852
152118,2,0,0,0,0,765853
152119,8,1,0,0,0,765854
152120,4,1,0,0,0,765855
152121,1,0,0,0,0,765856
152122,11,1,0,4,0,765858
152123,10,1,0,4,0,767909
152124,1,0,0,4,0,765862
152125,1,1,0,0,0,765864
152126,1,0,0,0,0,765865
152127,10,1,0,0,0,765866
152128,4,0,0,0,0,765867
152129,1,0,0,5,0,765868
152130,4,1,0,0,0,765869
152131,24,1,0,0,765870,0
152132,9,0,0,0,765880,0
152133,10,0,0,0,0,765881
152134,10,1,0,0,0,765882
152135,10,0,0,0,0,765883
152136,10,0,0,0,0,766308
152137,10,1,0,0,0,765885
152138,10,1,0,0,0,765886
152139,8,1,0,0,0,765887
152140,6,0,0,0,0,765890
152142,6,1,0,0,0,765891
152143,3,0,0,0,0,765926
152144,3,0,0,0,0,765927
152145,8,0,3,0,0,765936
152146,75,1,0,0,765943,0
152148,72,0,0,0,766099,0
152149,1,1,0,0,0,766116
152150,7,0,0,0,0,766117
152151,7,0,0,0,0,766120
152152,7,0,0,0,0,766136
152153,7,0,0,0,0,766137
152154,1,0,0,0,0,766138
152155,7,1,0,0,0,766139
152156,7,0,0,0,0,766163
152157,37,0,0,0,766161,0
152158,7,1,0,0,0,766162
152159,1,0,0,0,0,766168
152160,8,1,0,0,0,766170
152161,1,1,0,0,0,766176
152162,8,1,0,0,0,766177
152163,8,0,0,0,0,766178
152164,4,0,0,0,0,766179
152165,4,1,0,0,0,766180
152166,1,1,0,0,0,766181
152167,3,0,0,0,0,766182
152168,3,1,0,0,0,766183
152169,28,1,0,0,766184,0
152170,28,0,0,0,766185,0
152171,72,0,0,0,766309,0
152172,72,0,0,0,766310,0
152173,72,0,0,0,766311,0
152174,72,0,0,0,766312,0
152175,72,0,0,0,766313,0
152176,72,0,0,0,766314,0
152177,72,0,0,0,766315,0
152178,72,0,0,0,766327,0
152179,72,0,0,0,766328,0
152180,3,0,0,0,0,766329
152181,4,0,0,4,0,766453
152182,4,0,0,4,0,766454
152183,4,0,11,4,0,766455
152184,4,1,0,4,0,766456
152185,4,1,0,4,0,766457
152186,3,0,1,0,0,766458
152187,3,0,1,0,0,766459
152188,3,1,1,0,0,766460
152189,3,1,1,0,0,766461
152190,10,0,0,0,0,766464
152192,27,0,0,0,766475,0
152193,73,0,0,0,766479,0
152194,72,0,0,0,766544,0
152195,71,0,0,0,766551,0
152198,8,0,0,0,0,766710
152199,7,0,0,0,0,766847
152200,31,1,0,4,766874,0
152201,52,0,0,0,766875,0
152202,52,0,0,0,766876,0
152203,52,0,0,0,766877,0
152204,52,0,0,0,766878,0
152205,52,0,0,0,766879,0
152206,27,1,0,0,766892,0
152207,71,0,0,0,766953,0
152208,71,0,0,0,766954,0
152210,22,0,0,0,766959,0
152211,71,0,0,0,766960,0
152212,71,0,0,0,766961,0
152213,71,0,0,0,766962,0
152214,71,0,0,0,766963,0
152215,71,0,0,0,766964,0
152216,71,0,0,0,766965,0
152217,71,0,0,0,766966,0
152218,77,0,0,0,766994,0
152219,77,0,0,0,766995,0
152220,77,0,0,0,766996,0
152221,77,0,0,0,766997,0
152222,3,0,0,0,0,766998
152223,77,0,0,0,766999,0
152224,77,0,0,0,767000,0
152225,77,0,0,0,767001,0
152226,77,0,0,0,767002,0
152227,73,0,0,0,767003,0
152228,73,0,0,0,767004,0
152229,73,0,0,0,767005,0
152230,73,0,0,0,767006,0
152231,73,0,0,0,767007,0
152232,73,0,0,0,767014,0
152233,73,0,0,0,767018,0
152234,73,0,0,0,767042,0
152235,10,1,0,0,0,767056
152236,52,0,0,0,767057,0
152237,27,1,0,0,767058,0
152238,26,1,0,4,767060,0
152239,52,0,0,0,767083,0
152240,10,0,0,0,0,767084
152241,11,1,0,0,0,767085
152242,37,1,0,0,767086,0
152243,52,0,0,0,767093,0
152244,27,1,0,4,767094,0
152245,71,0,0,0,767227,0
152246,32,0,0,0,767228,0
152247,75,0,0,0,767234,0
152249,10,0,0,4,0,767239
152250,10,0,0,4,0,767241
152251,10,1,0,4,0,767242
152252,10,1,0,4,0,767243
152253,27,0,0,4,767245,0
152254,27,0,0,4,767246,0
152255,27,1,0,4,767247,0
152256,27,1,0,4,767248,0
152257,10,1,0,4,0,767249
152258,52,0,0,0,767250,0
152259,35,1,0,0,767251,0
152260,10,0,0,4,0,767252
152262,1,0,0,0,0,767254
152263,32,1,0,0,767255,0
152264,27,0,0,0,767268,0
152265,72,0,0,0,767296,0
152266,72,0,0,0,767297,0
152267,72,0,0,0,767298,0
152268,72,0,0,0,767299,0
152269,72,0,0,0,767300,0
152270,72,0,0,0,767301,0
152271,72,0,0,0,767302,0
152272,72,0,0,0,767303,0
152273,72,0,0,0,767304,0
152274,72,0,0,0,767305,0
152275,72,0,0,0,767306,0
152276,72,0,0,0,767307,0
152277,72,0,0,0,767308,0
152278,72,0,0,0,767309,0
152279,6,1,0,0,0,767316
152280,4,1,0,4,0,767318
152281,4,0,8,4,0,767319
152282,11,0,3,4,0,767323
152283,10,0,0,0,0,767381
152284,72,0,0,0,767436,0
152285,72,0,0,0,767437,0
152286,72,0,0,0,767438,0
152287,72,0,0,0,767439,0
152288,72,0,0,0,767440,0
152289,72,0,0,0,767441,0
152290,72,0,0,0,767442,0
152291,72,0,0,0,767443,0
152292,72,0,0,0,767444,0
152293,72,0,0,0,767445,0
152294,72,0,0,0,767446,0
152295,72,0,0,0,767447,0
152296,72,0,0,0,767448,0
152297,72,0,0,0,767449,0
152298,72,0,0,0,767450,0
152299,72,0,0,0,767451,0
152300,72,0,0,0,767452,0
152301,72,0,0,0,767453,0
152302,72,0,0,0,767454,0
152303,72,0,0,0,767455,0
152304,9,0,1,0,767462,0
152305,9,0,1,0,767463,0
152306,76,1,0,0,767517,0
152307,6,0,0,0,0,767697
152309,72,0,0,0,767701,0
152310,4,1,0,0,0,767702
152311,34,1,0,0,767706,0
152312,35,0,0,4,767710,0
152313,74,0,0,0,767906,0
152314,74,0,0,0,767907,0
152316,9,1,0,0,767927,0
152317,3,0,0,0,0,767928
152318,9,1,0,0,767929,0
152320,26,0,0,4,767931,0
152321,32,1,0,0,767938,0
152322,10,1,0,0,0,767978
152323,11,0,0,0,0,767979
152324,3,1,0,4,0,767988
152325,11,1,0,0,0,767989
152326,10,1,0,0,0,767990
152327,1,1,0,0,0,767991
152328,1,0,0,0,0,767992
152329,7,1,0,0,0,767993
152330,7,0,0,0,0,767994
152331,11,0,0,0,0,767995
152332,10,1,0,0,0,767996
152333,11,1,0,0,0,767997
152334,11,1,0,0,0,767998
152335,10,1,0,0,0,768003
152336,10,1,0,0,0,768004
152337,10,1,0,0,0,768005
152338,1,1,0,0,0,768006
152339,7,1,0,0,0,768007
152340,10,0,0,0,0,768008
152341,10,0,0,0,0,768009
152342,10,0,0,0,0,768010
152343,1,0,0,0,0,768011
152344,7,0,0,0,0,768012
152345,1,1,0,0,0,768014
152346,52,0,0,4,768015,0
152347,3,0,0,0,0,768031
152348,1,0,1,0,0,768036
152349,3,1,0,0,0,768037
152350,30,1,0,4,768120,0
152351,10,1,3,0,0,768149
152352,9,1,0,0,768150,0
152353,1,1,0,0,0,768220
152354,1,1,0,0,0,768221
152355,1,1,0,0,0,768222
152356,1,0,0,0,0,768223
152357,1,0,0,0,0,768224
152358,1,0,0,0,0,768225
152359,1,0,0,0,0,768226
152360,1,0,0,0,0,768239
152361,1,0,0,0,0,768240
152362,1,0,0,0,0,768241
152363,1,0,0,0,0,768242
152364,1,0,0,0,0,768243
152365,30,0,0,0,768244,0
152366,10,0,0,0,0,768248
152367,26,1,0,4,768250,0
152368,11,0,0,0,0,768251
152369,3,0,0,0,0,768252
152370,6,0,0,0,0,768253
152371,2,1,0,0,0,768254
152372,10,0,0,4,0,768255
152373,1,1,1,0,0,768259
152374,1,0,0,0,0,768326
152375,1,1,0,0,0,768327
152376,1,0,0,0,0,768328
152377,10,0,0,0,0,768437
152378,10,1,0,0,0,768438
152379,28,1,0,4,768439,0
152380,3,1,0,0,0,768440
152381,6,1,0,0,0,768521
152382,8,0,1,0,0,768522
152383,3,0,8,0,0,768523
152384,75,0,0,0,768524,0
152385,4,1,0,4,0,768525
152386,75,1,0,0,768526,0
152387,1,1,0,0,0,768527
152388,4,1,0,0,0,768557
152389,1,0,0,0,0,768558
152390,4,1,0,0,0,768559
152391,31,0,11,5,768560,0
152392,6,1,0,0,0,768561
152393,71,0,0,0,768562,0
152394,1,0,0,0,0,768564
152396,9,1,0,0,768565,0
152397,3,0,0,0,0,768566
152398,6,0,0,4,0,768568
152399,52,0,0,0,768570,0
152400,71,0,0,0,768590,0
152401,75,0,0,5,768762,0
152402,35,1,0,0,768971,0
152403,10,1,0,0,0,768972
152404,76,0,0,0,768973,0
152405,10,1,0,0,0,768974
152406,76,0,0,0,768975,0
152407,75,1,0,0,768976,0
152408,3,1,0,0,0,769205
152410,4,1,0,0,0,769211
152411,76,1,0,0,769212,0
152412,10,1,0,0,0,769213
152413,52,0,0,0,769214,0
152414,52,1,0,0,769215,0
152415,52,1,0,0,769216,0
152416,52,1,0,0,769217,0
152417,4,1,0,0,0,769218
152418,52,1,0,0,769219,0
152419,71,0,0,0,769220,0
152420,74,0,0,0,769224,0
152421,74,0,0,0,769236,0
152422,9,1,0,0,769266,0
152423,9,0,0,0,769267,0
152424,31,0,0,0,769286,0
152425,7,0,0,0,0,769287
152426,4,0,1,0,0,769288
152427,1,1,0,0,0,769290
152428,52,0,0,0,769291,0
152429,9,0,0,0,769292,0
152430,9,0,0,0,769293,0
152431,24,1,0,0,769294,0
152432,4,0,0,0,0,769295
152433,2,0,0,0,0,769296
152434,10,0,1,5,0,769297
152435,32,1,0,0,769298,0
152436,72,0,0,0,769299,0
152437,10,1,0,0,0,769301
152438,1,1,0,0,0,769302
152439,1,1,0,0,0,769303
152440,10,1,0,0,0,769309
152441,10,1,0,0,0,769310
152442,10,1,0,0,0,769311
152443,10,1,0,0,0,769312
152444,10,0,0,0,0,769313
152445,10,0,0,0,0,769314
152446,10,0,0,0,0,769315
152447,10,0,0,0,0,769316
152448,4,1,0,0,0,769317
152449,4,1,0,0,0,769318
152450,4,1,0,0,0,769319
152451,4,1,0,0,0,769320
152452,4,0,0,0,0,769321
152453,4,0,0,0,0,769322
152454,4,0,0,0,0,769323
152455,4,0,0,0,0,769324
152456,10,1,0,0,0,769325
152457,10,1,0,0,0,769326
152458,10,1,0,0,0,769327
152459,1,1,0,0,0,769328
152460,1,1,0,0,0,769329
152461,10,0,0,0,0,769330
152462,10,0,0,0,0,769331
152463,10,0,0,0,0,769332
152464,1,0,0,0,0,769333
152465,1,0,0,0,0,769334
152467,72,0,0,0,769382,0
152468,9,0,0,0,769383,0
152469,4,0,0,0,0,769384
152470,2,1,0,0,0,769385
152471,10,1,0,0,0,769386
152472,25,0,0,0,769387,0
152473,28,0,0,0,769388,0
152474,10,0,0,0,0,769389
152475,3,0,0,0,0,769518
152476,10,1,0,0,0,769552
152477,10,1,0,0,0,769553
152478,1,0,0,0,0,769557
152479,6,1,0,0,0,769558
152480,71,0,0,0,769568,0
152482,1,1,0,0,0,769623
152485,75,1,0,0,769635,0
152488,75,0,0,0,769734,0
152489,72,0,0,0,769738,0
152497,32,0,0,0,769841,0
152498,34,0,1,0,769907,0
152499,4,1,8,4,0,769911
152500,34,0,1,0,769914,0
152501,10,1,1,0,0,769915
152502,10,1,1,0,0,769916
152503,10,0,1,0,0,769917
152504,2,1,1,0,0,769918
152505,4,0,8,0,0,769919
152506,7,0,8,0,0,769920
152507,72,0,0,0,769921,0
152508,8,1,0,0,0,769922
152509,72,0,0,0,769923,0
152510,3,0,0,0,0,769924
152511,35,1,0,1,769925,0
152515,1,1,8,0,0,769940
152517,31,0,0,0,770004,0
152518,34,0,0,0,770005,0
152519,1,0,0,0,0,770006
152520,52,0,0,4,770010,0
152521,3,0,0,0,0,770011
152522,7,1,0,0,0,770012
152523,6,0,0,4,0,770013
152524,1,1,0,0,0,770014
152525,7,0,0,0,0,770015
152527,24,1,7,4,770020,0
152528,52,0,0,4,770024,0
152531,10,1,0,0,0,770040
152532,2,1,0,0,0,770041
152533,71,0,0,0,770042,0
152534,1,1,8,0,0,770272
152535,1,0,8,0,0,770273
152536,1,1,8,0,0,770274
152537,1,0,8,0,0,770275
152538,52,0,0,0,770277,0
152539,52,0,0,0,770278,0
152540,10,0,0,0,0,770280
152541,10,1,0,0,0,770281
152542,10,0,0,0,0,770282
152543,10,0,0,0,0,770283
152544,71,0,0,0,770284,0
152546,31,0,0,0,770397,0
152547,6,0,0,0,0,770398
152548,35,0,0,0,770399,0
152549,52,0,0,4,770400,0
152550,28,0,0,0,770401,0
152551,28,1,0,0,770402,0
152552,9,0,0,0,770403,0
152553,71,0,0,0,770405,0
152554,32,0,0,0,770521,0
152555,9,0,0,0,770522,0
152556,9,0,0,0,770523,0
152557,9,1,0,0,770524,0
152558,5,1,0,0,0,770525
152559,5,1,0,0,0,770526
152560,5,0,0,0,0,770527
152561,5,0,0,0,0,770528
152562,26,0,0,0,770529,0
152563,26,1,0,0,770530,0
152564,5,0,0,0,0,770531
152565,1,1,0,0,0,770533
152566,2,1,0,0,0,770534
152567,7,0,0,0,0,770535
152568,29,1,0,0,770536,0
152569,3,0,0,0,0,770537
152570,72,0,0,0,770729,0
152571,72,0,0,0,770730,0
152572,72,0,0,0,770731,0
152573,72,0,0,0,770732,0
152574,72,0,0,0,770733,0
152575,72,0,0,0,770734,0
152576,72,0,0,0,770735,0
152577,72,0,0,0,770736,0
152578,72,0,0,0,770737,0
152579,72,0,0,0,770738,0
152581,70,1,0,0,770742,0
152582,5,0,0,0,0,770743
152583,6,1,0,0,0,770744
152584,11,1,0,0,0,770745
152585,70,0,0,0,770750,0
152586,52,0,0,0,770834,0
152587,9,0,0,0,770835,0
152588,27,0,0,0,770836,0
152589,3,0,0,0,0,770837
152590,1,1,0,0,0,770845
152591,10,0,0,0,0,770846
152592,9,0,0,0,770847,0
152593,9,1,0,0,770848,0
152594,9,0,3,1,770849,0
152595,9,1,3,1,770850,0
152596,2,0,3,1,0,770851
152597,2,1,3,1,0,770852
152598,35,1,3,1,770853,0
152599,35,0,3,1,770854,0
152600,10,1,3,1,0,770855
152601,2,1,0,0,0,770856
152602,1,1,0,0,0,770857
152605,11,1,0,0,0,770860
152606,10,0,3,1,0,770861
152607,1,0,0,0,0,770862
152608,25,1,3,1,770863,0
152609,25,0,3,1,770864,0
152610,25,1,3,1,770865,0
152611,25,0,3,1,770866,0
152612,31,1,3,1,770867,0
152613,31,0,3,1,770868,0
152614,8,1,3,1,0,770869
152615,8,0,3,1,0,770870
152624,5,0,3,1,0,770879
152625,5,1,3,1,0,770880
152626,5,0,3,1,0,770881
152628,5,1,3,1,0,770883
152630,6,1,11,1,0,770885
152631,6,0,11,1,0,770896
152632,27,0,8,1,770897,0
152633,27,1,8,1,770898,0
152634,27,0,8,1,770899,0
152635,27,1,8,1,770900,0
152636,1,1,3,1,0,770901
152637,1,0,3,1,0,770902
152638,11,1,3,1,0,770903
152639,32,1,0,0,770904,0
152640,32,1,0,0,770905,0
152641,32,0,0,0,770906,0
152642,32,0,0,0,770907,0
152643,11,0,3,1,0,770908
152644,11,1,3,1,0,770909
152645,11,0,3,1,0,770910
152646,34,1,3,1,770911,0
152647,34,0,3,1,770912,0
152648,34,1,3,1,770913,0
152649,34,0,3,1,770914,0
152650,4,1,3,1,0,770915
152651,10,0,0,0,0,770916
152652,4,0,3,1,0,770917
152653,33,0,0,0,770918,0
152654,4,1,3,1,0,770919
152655,4,0,3,1,0,770920
152656,22,1,3,1,770921,0
152657,22,0,3,1,770922,0
152658,22,1,3,1,770923,0
152659,22,0,3,1,770924,0
152660,10,0,0,0,0,770925
152661,29,0,0,0,770926,0
152663,10,1,0,0,0,770927
152665,10,1,8,4,0,770979
152666,10,1,8,4,0,770980
152667,10,0,8,4,0,770981
152668,10,0,8,4,0,770982
152669,8,0,0,4,0,770983
152670,8,0,0,4,0,770984
152671,3,1,8,4,0,770985
152672,3,1,8,4,0,770986
152673,7,1,0,0,0,770987
152674,3,0,8,4,0,770988
152675,3,0,8,4,0,770989
152676,2,1,8,4,0,770990
152677,2,1,8,4,0,770991
152678,2,0,8,4,0,770992
152679,2,0,8,4,0,770993
152680,8,1,0,4,0,770994
152681,8,1,0,4,0,770995
152682,8,1,0,4,0,770996
152683,8,1,0,4,0,770997
152684,8,0,0,4,0,770998
152685,32,1,0,0,770999,0
152686,32,0,0,0,771000,0
152687,32,0,0,0,771001,0
152688,32,1,0,0,771002,0
152689,32,1,0,0,771003,0
152690,1,0,0,0,0,771004
152691,1,0,0,0,0,771005
152692,1,1,0,0,0,771006
152693,1,1,0,0,0,771007
152694,7,0,0,0,0,771008
152699,52,0,0,5,771017,0
152700,52,0,0,5,771018,0
152701,52,0,0,5,771019,0
152702,34,0,0,0,771020,0
152703,52,0,0,0,771021,0
152704,1,0,0,0,0,771022
152705,4,1,0,0,0,771023
152706,4,0,6,0,0,771029
152707,37,1,0,0,771036,0
152708,34,0,0,0,771037,0
152709,30,0,0,0,771041,0
152710,52,0,0,5,771042,0
152711,32,0,0,0,771043,0
152712,3,0,0,0,0,771045
152713,4,1,0,0,0,771074
152714,22,0,0,0,771075,0
152715,11,0,0,0,0,771076
152716,11,0,0,0,0,771077
152717,25,1,0,0,771078,0
152718,7,1,0,0,0,771079
152719,1,1,1,5,0,771080
152720,2,1,1,5,0,771081
152721,1,1,1,5,0,771082
152722,1,0,1,5,0,771083
152723,2,0,1,5,0,771084
152724,7,1,0,0,0,771085
152725,2,1,1,5,0,771086
152726,10,0,0,0,0,771087
152727,10,0,0,0,0,771088
152728,8,1,0,0,0,771089
152729,6,0,1,0,0,771090
152730,5,0,0,0,0,771091
152731,35,1,0,0,771092,0
152732,2,1,0,0,0,771093
152733,36,0,0,0,771094,0
152734,3,0,0,0,0,771160
152735,1,0,0,0,0,771164
152736,29,0,0,0,771166,0
152737,3,0,0,0,0,771167
152738,71,0,0,0,771168,0
152739,1,1,0,0,0,771175
152740,10,1,0,0,0,771247
152741,7,0,0,0,0,771251
152742,27,1,0,0,771252,0
152743,10,1,0,0,0,771260
152744,9,1,0,0,771330,0
152745,52,1,0,0,771332,0
152746,3,0,1,0,0,771343
152747,2,0,0,0,0,771345
152748,2,0,0,0,0,771346
152749,52,0,0,0,771347,0
152750,75,1,0,0,771374,0
152752,3,0,0,0,0,771382
152753,4,1,0,0,0,771383
152754,35,1,0,0,771384,0
152756,75,1,0,0,771392,0
152758,6,1,1,0,0,771394
152761,11,0,3,4,0,771439
152762,35,0,0,0,771440,0
152763,6,0,0,0,0,771469
152764,71,0,0,0,771473,0
152765,52,1,13,5,771474,0
152766,75,0,0,5,771475,0
152767,75,1,0,5,771479,0
152768,72,0,0,0,771599,0
152769,52,1,13,5,771609,0
152770,75,1,0,5,771610,0
152771,6,1,0,0,0,771611
152772,75,0,0,5,771612,0
152773,74,0,0,0,771613,0
152774,7,0,0,4,0,771616
152775,32,1,0,0,771617,0
152776,7,1,0,0,0,771619
152777,4,0,8,0,0,771620
152778,4,0,8,0,0,771621
152779,4,1,8,0,0,771622
152780,4,1,8,0,0,771623
152781,36,1,1,5,771625,0
152783,2,1,1,5,0,771627
152784,36,1,1,5,771628,0
152785,36,0,1,5,771630,0
152786,2,0,1,5,0,771631
152787,36,0,1,5,771632,0
152788,1,1,1,5,0,771633
152789,1,1,1,5,0,771634
152790,3,0,3,1,0,771635
152791,1,1,1,5,0,771636
152792,1,0,1,5,0,771637
152793,3,1,3,1,0,771638
152794,1,0,1,5,0,771639
152795,1,0,1,5,0,771640
152796,5,1,0,0,0,771676
152797,5,0,0,0,0,771677
152798,22,1,0,0,771678,0
152799,22,0,0,0,771679,0
152800,8,1,0,0,0,771680
152801,8,0,0,0,0,771681
152802,6,0,0,0,0,771682
152803,6,0,1,0,0,771683
152804,1,1,0,0,0,771684
152805,28,1,0,0,771685,0
152806,28,0,0,0,771686,0
152807,35,1,0,0,771687,0
152808,35,0,0,0,771692,0
152811,27,1,0,0,771693,0
152812,27,1,0,0,771694,0
152813,27,0,0,0,771695,0
152814,10,1,0,0,0,771696
152815,10,0,0,0,0,771697
152816,32,1,0,0,771698,0
152817,32,0,0,0,771699,0
152818,7,1,0,0,0,771703
152819,7,0,0,0,0,771704
152820,1,1,0,0,0,771705
152822,1,0,0,0,0,771707
152823,27,0,0,0,771708,0
152824,3,1,3,1,0,771710
152825,3,0,3,1,0,771711
152826,32,0,0,0,771714,0
152827,52,1,13,5,771715,0
152828,76,1,0,5,771716,0
152829,76,0,0,5,771717,0
152830,1,1,0,0,0,771718
152831,1,0,0,0,0,771719
152832,34,0,0,0,771720,0
152833,34,1,0,0,771721,0
152834,11,1,0,0,0,771722
152835,11,0,0,0,0,771723
152836,29,1,0,0,771724,0
152837,29,0,0,0,771725,0
152838,2,0,0,0,0,771726
152839,2,0,0,0,0,771727
152840,2,1,0,0,0,771728
152841,2,1,0,0,0,771729
152842,10,0,0,0,0,771730
152843,10,1,0,0,0,771768
152844,6,0,0,0,0,771769
152845,6,1,0,0,0,771770
152846,27,0,0,0,771771,0
152847,27,1,0,0,771772,0
152848,3,0,0,0,0,771773
152849,4,1,0,0,0,771774
152850,2,0,0,0,0,771775
152851,52,0,0,0,771777,0
152852,75,0,0,0,771778,0
152853,52,1,0,0,771779,0
152854,75,1,0,0,771780,0
152855,28,1,0,4,771781,0
152856,52,1,13,5,771783,0
152867,75,1,0,1,771789,0
152868,75,0,0,1,771790,0
152869,1,1,0,4,0,771791
152870,52,1,0,0,771813,0
152871,70,0,0,0,771814,0
152873,52,1,13,5,771819,0
152874,75,0,0,5,771820,0
152875,75,1,0,5,771821,0
152877,52,1,0,0,771848,0
152878,10,0,8,0,0,771849
152879,4,1,0,0,0,771850
152880,70,1,13,5,771851,0
152881,76,1,0,5,771852,0
152882,24,0,1,0,771853,0
152883,76,0,0,5,771854,0
152884,27,1,0,0,771855,0
152885,8,0,0,4,0,771856
152886,6,0,0,0,0,772055
152888,52,0,0,0,772100,0
152889,10,1,1,0,0,772222
152890,1,0,0,0,0,772223
152894,4,1,0,0,0,772271
152895,4,1,0,0,0,772272
152896,32,0,0,0,772273,0
152897,4,0,4,0,0,772320
152898,1,0,5,0,0,772321
152899,4,1,5,0,0,772322
152900,22,0,1,1,772323,0
152901,1,0,3,0,0,772327
152902,25,1,0,4,772353,0
152903,70,0,13,5,772390,0
152904,4,1,0,0,0,772391
152905,2,1,0,0,0,772393
152906,35,1,0,0,772446,0
152907,75,0,0,0,772448,0
152908,2,1,0,0,0,772451
152909,3,1,0,0,0,772454
